#YY  MM DD hh mm WDIR WSPD GST  WVHT   DPD   APD MWD   PRES  ATMP  WTMP  DEWP  VIS  TIDE
#yr  mo dy hr mn degT m/s  m/s     m   sec   sec deg    hPa  degC  degC  degC  nmi    ft
2019 10 09 12 00  50  9.3 13.4  0.90  5.00 99.00 999 9999.0  15.0 999.0   9.5 99.0 99.00
2019 10 09 12 20  50  9.8 13.9  0.90  4.00 99.00 999 9999.0  14.8 999.0   9.1 99.0 99.00
2019 10 09 13 00  60 11.3 16.5  0.90  5.00 99.00 999 9999.0  14.3 999.0   9.8 99.0 99.00
2019 10 09 13 20  60 11.3 16.5  1.00  5.00 99.00 999 9999.0  13.1 999.0  10.8 99.0 99.00
2019 10 09 14 00  40  9.8 14.4  1.00  5.00 99.00 999 9999.0  12.3 999.0  11.0 99.0 99.00
2019 10 09 14 20  30  9.8 12.9  0.90  4.00 99.00 999 9999.0  12.4 999.0  10.9 99.0 99.00
2019 10 09 15 00  30  9.3 12.9  0.70  5.00 99.00 999 9999.0  12.8 999.0  10.7 99.0 99.00
2019 10 09 15 20  30 10.3 14.4  0.70  5.00 99.00 999 9999.0  13.5 999.0  10.7 99.0 99.00
2019 10 09 16 00  30  9.8 13.4  0.80  4.00 99.00 999 9999.0  13.6 999.0  10.6 99.0 99.00
2019 10 09 16 20  40  9.8 13.9  0.70  4.00 99.00 999 9999.0  13.5 999.0  10.7 99.0 99.00
2019 10 09 17 00  50  9.8 13.4  0.70  4.00 99.00 999 9999.0  13.5 999.0  10.8 99.0 99.00
2019 10 09 17 20  40  8.8 12.4  0.80  4.00 99.00 999 9999.0  13.3 999.0  10.8 99.0 99.00
2019 10 09 18 00  40  8.8 12.4  0.80  4.00 99.00 999 9999.0  13.3 999.0  10.8 99.0 99.00
2019 10 09 18 20  40  8.2 11.3  0.80  4.00 99.00 999 9999.0  13.5 999.0  10.9 99.0 99.00
2019 10 09 19 00  50  9.8 13.9  0.90  5.00 99.00 999 9999.0  13.9 999.0  11.1 99.0 99.00
2019 10 09 19 20  50 10.3 13.4  1.10  5.00 99.00 999 9999.0  14.0 999.0  10.9 99.0 99.00
2019 10 09 19 45  50  9.8 13.4  1.00  5.00 99.00 999 9999.0  13.9 999.0  10.7 99.0 99.00
2019 10 09 20 20  40  8.8 11.8  1.00  5.00 99.00 999 9999.0  13.6 999.0  10.4 99.0 99.00
2019 10 09 20 50  40  8.2 10.8  0.90  5.00 99.00 999 9999.0  13.5 999.0  10.4 99.0 99.00
2019 10 09 21 00  40  8.8 11.3  0.90  5.00 99.00 999 9999.0  13.6 999.0  10.3 99.0 99.00
2019 10 09 22 00  30  8.2 11.3  0.90  5.00 99.00 999 9999.0  13.4 999.0  10.1 99.0 99.00
2019 10 09 22 20  40  9.3 13.4  0.90  5.00 99.00 999 9999.0  13.5 999.0  10.0 99.0 99.00
2019 10 09 23 00  40  9.3 12.9  0.90  5.00 99.00 999 9999.0  13.7 999.0   9.7 99.0 99.00
2019 10 09 23 20  40  8.8 11.8  0.90  5.00 99.00 999 9999.0  13.4 999.0   9.2 99.0 99.00
2019 10 10 00 00  40  8.8 11.8  0.90  5.00 99.00 999 9999.0  13.2 999.0   9.0 99.0 99.00
2019 10 10 00 20  40  8.2 11.8  0.80  5.00 99.00 999 9999.0  13.2 999.0   9.1 99.0 99.00
2019 10 10 01 00  40  8.8 11.8  0.80  5.00 99.00 999 9999.0  13.2 999.0   9.4 99.0 99.00
2019 10 10 01 20  40  8.8 11.8  0.80  6.00 99.00 999 9999.0  12.9 999.0   9.4 99.0 99.00
2019 10 10 02 00  40  8.8 11.8  0.90  5.00 99.00 999 9999.0  13.1 999.0   9.8 99.0 99.00
2019 10 10 02 20  40  8.8 11.8  0.80  4.00 99.00 999 9999.0  13.1 999.0   9.5 99.0 99.00
2019 10 10 03 00  30  8.8 12.4  0.80  4.00 99.00 999 9999.0  13.1 999.0   9.3 99.0 99.00
2019 10 10 03 20  40  8.8 12.4  0.80  6.00 99.00 999 9999.0  13.2 999.0   9.2 99.0 99.00
2019 10 10 03 45  40  8.2 11.8  0.70  5.00 99.00 999 9999.0  13.1 999.0   8.9 99.0 99.00
2019 10 10 04 20  30  7.2 11.8  0.60  4.00 99.00 999 9999.0  13.2 999.0   9.0 99.0 99.00
2019 10 10 05 00  30  7.7 11.3  0.60  6.00 99.00 999 9999.0  13.1 999.0   8.6 99.0 99.00
2019 10 10 05 20  40  7.2 10.3  0.60  5.00 99.00 999 9999.0  13.1 999.0   8.2 99.0 99.00
2019 10 10 06 00  30  7.7 10.8  0.60  5.00 99.00 999 9999.0  13.4 999.0   8.4 99.0 99.00
2019 10 10 06 20  40  7.7 11.3  0.60  4.00 99.00 999 9999.0  13.4 999.0   7.8 99.0 99.00
2019 10 10 07 00  30  7.2  9.8  0.70  5.00 99.00 999 9999.0  13.5 999.0   7.7 99.0 99.00
2019 10 10 07 20  20  5.7  8.8  0.60  5.00 99.00 999 9999.0  13.5 999.0   7.5 99.0 99.00
2019 10 10 08 00  10  4.6  7.2  0.60  4.00 99.00 999 9999.0  13.2 999.0   7.2 99.0 99.00
2019 10 10 08 20  10  5.1  7.7  0.60  4.00 99.00 999 9999.0  13.5 999.0   7.4 99.0 99.00
2019 10 10 09 00  20  6.2  9.3  0.50  5.00 99.00 999 9999.0  13.6 999.0   7.4 99.0 99.00
2019 10 10 09 20  30  5.7  9.3  0.60  5.00 99.00 999 9999.0  13.9 999.0   7.4 99.0 99.00
2019 10 10 10 00  10  6.7  9.3  0.60  4.00 99.00 999 9999.0  14.0 999.0   7.7 99.0 99.00
2019 10 10 10 20  20  5.7  8.8  0.60  5.00 99.00 999 9999.0  14.0 999.0   7.5 99.0 99.00
2019 10 10 11 00  30  5.7  8.8  0.60  5.00 99.00 999 9999.0  14.0 999.0   7.5 99.0 99.00
2019 10 10 11 20  40  8.2 11.3  0.70  5.00 99.00 999 9999.0  14.6 999.0   7.7 99.0 99.00
2019 10 10 12 00  40  8.2 11.8  0.70  5.00 99.00 999 9999.0  14.7 999.0   7.2 99.0 99.00
2019 10 10 12 20  40  8.2 10.8  0.60  5.00 99.00 999 9999.0  14.9 999.0   7.3 99.0 99.00
2019 10 10 13 00  20  8.8 11.8  0.70  5.00 99.00 999 9999.0  15.4 999.0   6.2 99.0 99.00
2019 10 10 13 20  10  8.2 11.8  0.70  5.00 99.00 999 9999.0  15.6 999.0   6.3 99.0 99.00
2019 10 10 14 00  30  6.7 10.3  0.70  5.00 99.00 999 9999.0  15.8 999.0   5.9 99.0 99.00
2019 10 10 14 20  40  4.6  7.7  0.70  5.00 99.00 999 9999.0  16.1 999.0   5.5 99.0 99.00
2019 10 10 15 00  30  5.1  8.2  0.70  5.00 99.00 999 9999.0  16.8 999.0   5.7 99.0 99.00
2019 10 10 15 20  20  3.6  5.7  0.70  5.00 99.00 999 9999.0  17.3 999.0   5.1 99.0 99.00
2019 10 10 16 00  50  7.2  9.8  0.70  5.00 99.00 999 9999.0  17.6 999.0   5.7 99.0 99.00
2019 10 10 16 20  30  6.7 10.8  0.60  5.00 99.00 999 9999.0  17.6 999.0   5.5 99.0 99.00
2019 10 10 17 00  10  5.1 10.3  0.60  5.00 99.00 999 9999.0  18.0 999.0   4.8 99.0 99.00
2019 10 10 17 20  20  6.7  9.8  0.50  5.00 99.00 999 9999.0  18.8 999.0   5.7 99.0 99.00
2019 10 10 18 00  30  8.2 11.3  0.50  5.00 99.00 999 9999.0  19.3 999.0   6.0 99.0 99.00
2019 10 10 18 20  30  8.2 13.9  0.60  4.00 99.00 999 9999.0  20.2 999.0   6.4 99.0 99.00
2019 10 10 19 00  40  7.7 10.3  0.60  6.00 99.00 999 9999.0  20.3 999.0   6.4 99.0 99.00
2019 10 10 19 20  30  9.8 13.9  0.60  4.00 99.00 999 9999.0  20.6 999.0   6.8 99.0 99.00
2019 10 10 20 00  30  9.3 12.9  0.80  5.00 99.00 999 9999.0  20.1 999.0   6.1 99.0 99.00
2019 10 10 20 20  30  9.3 12.4  0.80  5.00 99.00 999 9999.0  19.9 999.0   5.4 99.0 99.00
2019 10 10 21 00  70  9.3 11.8  0.80  4.00 99.00 999 9999.0  19.5 999.0   7.0 99.0 99.00
2019 10 10 21 20  70  9.8 13.4  0.90  5.00 99.00 999 9999.0  19.0 999.0   6.8 99.0 99.00
2019 10 10 22 00  60  8.8 12.4  1.00  5.00 99.00 999 9999.0  18.8 999.0   5.7 99.0 99.00
2019 10 10 22 20  60  8.8 12.4  1.00  6.00 99.00 999 9999.0  18.5 999.0   4.7 99.0 99.00
2019 10 10 23 00  50 10.3 13.4  1.00  5.00 99.00 999 9999.0  18.3 999.0   4.4 99.0 99.00
2019 10 10 23 20  40  8.2 11.8  0.90  6.00 99.00 999 9999.0  17.9 999.0   4.3 99.0 99.00
2019 10 11 00 00  40 10.3 13.4  0.90  5.00 99.00 999 9999.0  17.5 999.0   4.0 99.0 99.00
2019 10 11 00 20  30  9.8 12.9  0.90  5.00 99.00 999 9999.0  17.2 999.0   3.3 99.0 99.00
2019 10 11 01 00  40 10.3 14.4  0.90  6.00 99.00 999 9999.0  16.9 999.0   3.7 99.0 99.00
2019 10 11 01 20  40 10.3 14.9  0.80  5.00 99.00 999 9999.0  16.5 999.0   4.6 99.0 99.00
2019 10 11 02 00  40 10.3 15.4  0.90  4.00 99.00 999 9999.0  16.1 999.0   4.0 99.0 99.00
2019 10 11 02 20  40  9.3 13.9  0.80  4.00 99.00 999 9999.0  16.0 999.0   4.4 99.0 99.00
2019 10 11 03 00  40  8.8 12.9  0.80  5.00 99.00 999 9999.0  15.8 999.0   4.2 99.0 99.00
2019 10 11 03 20  40  8.8 12.9  0.80  5.00 99.00 999 9999.0  15.8 999.0   4.1 99.0 99.00
2019 10 11 04 00  40  8.2 10.8  0.80  5.00 99.00 999 9999.0  15.8 999.0   4.2 99.0 99.00
2019 10 11 04 20  40  8.2 11.8  0.80  6.00 99.00 999 9999.0  15.6 999.0   4.1 99.0 99.00
2019 10 11 05 00  40  8.2 11.3  0.80  5.00 99.00 999 9999.0  15.4 999.0   4.6 99.0 99.00
2019 10 11 05 20  40  7.7 10.8  0.80  6.00 99.00 999 9999.0  15.2 999.0   4.7 99.0 99.00
2019 10 11 06 00  40  8.8 11.8  0.80  5.00 99.00 999 9999.0  15.2 999.0   5.5 99.0 99.00
2019 10 11 06 20  40  8.8 12.4  0.90  6.00 99.00 999 9999.0  15.1 999.0   5.2 99.0 99.00
2019 10 11 07 00  40  8.2 11.8  0.80  6.00 99.00 999 9999.0  15.0 999.0   5.5 99.0 99.00
2019 10 11 07 20  30  9.3 12.9  0.90  6.00 99.00 999 9999.0  14.9 999.0   5.4 99.0 99.00
2019 10 11 08 00  30  9.8 13.4  0.90  5.00 99.00 999 9999.0  14.7 999.0   5.7 99.0 99.00
2019 10 11 08 20  20 10.3 13.9  0.90  5.00 99.00 999 9999.0  14.5 999.0   5.8 99.0 99.00
2019 10 11 09 00  20 10.3 14.9  0.90  5.00 99.00 999 9999.0  14.4 999.0   6.1 99.0 99.00
2019 10 11 09 20  30  9.8 12.9  0.90  5.00 99.00 999 9999.0  14.3 999.0   6.2 99.0 99.00
2019 10 11 10 00  30  9.8 13.9  0.90  4.00 99.00 999 9999.0  14.1 999.0   6.1 99.0 99.00
2019 10 11 10 20  40  9.3 12.9  0.90  5.00 99.00 999 9999.0  14.1 999.0   6.3 99.0 99.00
2019 10 11 11 00  30  8.8 12.9  0.90  5.00 99.00 999 9999.0  14.1 999.0   6.0 99.0 99.00
2019 10 11 11 20  30  8.8 12.9  0.90  5.00 99.00 999 9999.0  13.9 999.0   5.6 99.0 99.00
2019 10 11 12 00  40  9.3 12.4  0.80  5.00 99.00 999 9999.0  14.0 999.0   5.9 99.0 99.00
2019 10 11 12 20  30  9.8 13.9  0.90  6.00 99.00 999 9999.0  14.3 999.0   5.9 99.0 99.00
2019 10 11 12 30  30  9.8 13.9  0.90  6.00 99.00 999 9999.0  14.3 999.0   5.9 99.0 99.00
2019 10 11 13 20  40  9.3 12.9  0.80  5.00 99.00 999 9999.0  14.7 999.0   6.1 99.0 99.00
2019 10 11 14 00  40  8.8 11.8  0.80  5.00 99.00 999 9999.0  14.8 999.0   6.1 99.0 99.00
2019 10 11 14 20  30  8.2 11.3  0.80  5.00 99.00 999 9999.0  15.2 999.0   6.4 99.0 99.00
2019 10 11 15 00  40  9.3 13.9  0.70  5.00 99.00 999 9999.0  15.4 999.0   7.5 99.0 99.00
2019 10 11 15 20  40  8.8 14.9  0.70  5.00 99.00 999 9999.0  15.0 999.0   8.6 99.0 99.00
2019 10 11 16 00  20  8.8 12.4  0.80  5.00 99.00 999 9999.0  14.9 999.0   9.3 99.0 99.00
2019 10 11 16 20  40  7.7 11.3  0.70  5.00 99.00 999 9999.0  16.2 999.0   8.6 99.0 99.00
2019 10 11 17 00  30  7.7 10.8  0.70  5.00 99.00 999 9999.0  16.5 999.0   8.6 99.0 99.00
2019 10 11 17 20  30  8.2 13.4  0.70  5.00 99.00 999 9999.0  16.7 999.0   8.4 99.0 99.00
2019 10 11 18 00  40 10.3 13.9  0.80  4.00 99.00 999 9999.0  16.8 999.0   8.4 99.0 99.00
2019 10 11 18 20  40  9.8 13.4  0.80  4.00 99.00 999 9999.0  16.9 999.0   8.1 99.0 99.00
2019 10 11 19 00  40  9.3 12.9  0.80  5.00 99.00 999 9999.0  17.1 999.0   8.1 99.0 99.00
2019 10 11 19 20  40  8.2 11.8  0.80  5.00 99.00 999 9999.0  17.2 999.0   7.9 99.0 99.00
2019 10 11 20 00  40  8.8 12.4  0.80  5.00 99.00 999 9999.0  17.2 999.0   8.6 99.0 99.00
2019 10 11 20 20  40  9.8 13.9  0.80  4.00 99.00 999 9999.0  16.9 999.0   9.2 99.0 99.00
2019 10 11 21 00  40  9.3 12.9  0.90  5.00 99.00 999 9999.0  16.7 999.0   9.3 99.0 99.00
2019 10 11 21 20  60 10.8 15.4  1.00  5.00 99.00 999 9999.0  16.6 999.0   9.3 99.0 99.00
2019 10 11 22 00  40  9.3 13.4  0.90  5.00 99.00 999 9999.0  16.5 999.0   8.9 99.0 99.00
2019 10 11 22 20  50  9.3 14.9  0.90  5.00 99.00 999 9999.0  16.6 999.0   8.9 99.0 99.00
2019 10 11 23 00  50  9.8 13.4  1.00  5.00 99.00 999 9999.0  16.2 999.0   9.7 99.0 99.00
2019 10 11 23 20  40 10.3 14.4  1.00  5.00 99.00 999 9999.0  16.0 999.0   9.2 99.0 99.00
2019 10 12 00 00  50  9.8 13.4  1.00  5.00 99.00 999 9999.0  15.6 999.0   9.1 99.0 99.00
2019 10 12 00 20  40  8.2 11.3  0.90  5.00 99.00 999 9999.0  15.4 999.0   8.6 99.0 99.00
2019 10 12 01 00  50  7.7 10.3  1.00  5.00 99.00 999 9999.0  15.3 999.0   8.3 99.0 99.00
2019 10 12 01 20  40  7.7 11.3  0.80  5.00 99.00 999 9999.0  15.4 999.0   8.4 99.0 99.00
2019 10 12 02 00  40  8.2 10.8  0.80  6.00 99.00 999 9999.0  15.2 999.0   8.1 99.0 99.00
2019 10 12 02 20  40  8.8 12.4  0.80  6.00 99.00 999 9999.0  15.0 999.0   8.3 99.0 99.00
2019 10 12 03 00  40  8.2 12.4  0.80  6.00 99.00 999 9999.0  14.7 999.0   8.7 99.0 99.00
2019 10 12 03 20  40  7.2  9.8  0.80  6.00 99.00 999 9999.0  14.6 999.0   8.3 99.0 99.00
2019 10 12 04 00  30  6.7  9.8  0.70  6.00 99.00 999 9999.0  14.6 999.0   8.4 99.0 99.00
2019 10 12 04 20  20  5.7  8.2  0.60  5.00 99.00 999 9999.0  14.4 999.0   8.3 99.0 99.00
2019 10 12 05 00  40  7.2 10.8  0.60  6.00 99.00 999 9999.0  14.5 999.0   8.9 99.0 99.00
2019 10 12 05 20  40  7.2 10.3  0.60  6.00 99.00 999 9999.0  14.4 999.0   9.4 99.0 99.00
2019 10 12 06 00  40  7.7 11.8  0.60  5.00 99.00 999 9999.0  14.2 999.0   9.3 99.0 99.00
2019 10 12 06 20  40  6.7 10.8  0.60  5.00 99.00 999 9999.0  14.1 999.0   9.2 99.0 99.00
2019 10 12 07 00  20  5.7  9.3  0.60  4.00 99.00 999 9999.0  14.0 999.0   9.0 99.0 99.00
2019 10 12 07 20  20  5.1  9.3  0.60  4.00 99.00 999 9999.0  14.0 999.0   9.1 99.0 99.00
2019 10 12 08 00  40  6.7 10.3  0.60  5.00 99.00 999 9999.0  13.9 999.0   9.3 99.0 99.00
2019 10 12 08 20  40  6.7  9.3  0.70  5.00 99.00 999 9999.0  13.9 999.0   9.8 99.0 99.00
2019 10 12 09 00  30  6.2  8.8  0.60  5.00 99.00 999 9999.0  13.8 999.0   9.4 99.0 99.00
2019 10 12 09 20  20  5.7  7.7  0.60  5.00 99.00 999 9999.0  13.8 999.0   9.2 99.0 99.00
2019 10 12 10 00  40  6.2  9.3  0.60  5.00 99.00 999 9999.0  13.7 999.0   9.5 99.0 99.00
2019 10 12 10 20  30  6.7  9.3  0.60  4.00 99.00 999 9999.0  13.6 999.0   9.5 99.0 99.00
2019 10 12 11 00  20  5.7  7.7  0.60  4.00 99.00 999 9999.0  13.7 999.0   9.4 99.0 99.00
2019 10 12 11 20  30  5.7  8.2  0.60  4.00 99.00 999 9999.0  13.6 999.0   9.4 99.0 99.00
2019 10 12 12 00  20  5.7  7.7  0.60  4.00 99.00 999 9999.0  13.5 999.0   9.3 99.0 99.00
2019 10 12 12 20  20  6.2  7.7  0.60  5.00 99.00 999 9999.0  13.6 999.0   9.5 99.0 99.00
2019 10 12 13 00  20  5.1  7.7  0.50  5.00 99.00 999 9999.0  13.5 999.0   9.3 99.0 99.00
2019 10 12 13 20  10  5.1  8.2  0.50  5.00 99.00 999 9999.0  13.5 999.0   9.3 99.0 99.00
2019 10 12 14 00  20  4.6  6.7  0.40  4.00 99.00 999 9999.0  13.6 999.0   9.2 99.0 99.00
2019 10 12 14 20  10  3.1  5.7  0.40  5.00 99.00 999 9999.0  13.6 999.0   9.1 99.0 99.00
2019 10 12 15 00  20  3.6  6.2  0.40  5.00 99.00 999 9999.0  13.9 999.0   9.1 99.0 99.00
2019 10 12 15 20  20  3.6  5.7  0.30  5.00 99.00 999 9999.0  14.1 999.0   9.1 99.0 99.00
2019 10 12 16 00  20  2.6  4.6  0.40  4.00 99.00 999 9999.0  14.2 999.0   9.1 99.0 99.00
2019 10 12 16 20  40  1.5  3.1  0.30  4.00 99.00 999 9999.0  14.6 999.0   9.1 99.0 99.00
2019 10 12 17 00 300  1.0  2.1  0.30  4.00 99.00 999 9999.0  14.8 999.0   9.1 99.0 99.00
2019 10 12 17 20 230  1.0  2.1  0.30  4.00 99.00 999 9999.0  16.2 999.0   9.5 99.0 99.00
2019 10 12 18 00 120  0.5  2.1  0.20  4.00 99.00 999 9999.0  16.3 999.0   9.7 99.0 99.00
2019 10 12 18 20 140  1.5  2.6  0.20 99.00 99.00 999 9999.0  16.2 999.0   9.8 99.0 99.00
2019 10 12 18 45 150  2.6  3.6  0.20 99.00 99.00 999 9999.0  16.1 999.0  10.0 99.0 99.00
2019 10 12 19 20 170  1.5  2.6  0.20 99.00 99.00 999 9999.0  16.8 999.0  10.3 99.0 99.00
2019 10 12 20 00 130  1.0  2.1  0.20  4.00 99.00 999 9999.0  17.4 999.0  10.2 99.0 99.00
2019 10 12 20 20 150  1.0  2.1  0.20 99.00 99.00 999 9999.0  17.7 999.0  10.3 99.0 99.00
2019 10 12 21 00   0  0.0  1.0  0.20 99.00 99.00 999 9999.0  18.2 999.0  10.6 99.0 99.00
2019 10 12 21 20   0  0.0  1.0  0.20 99.00 99.00 999 9999.0  17.3 999.0  10.6 99.0 99.00
2019 10 12 22 00  80  1.0  2.1  0.20 99.00 99.00 999 9999.0  17.1 999.0  11.0 99.0 99.00
2019 10 12 22 20   0  0.0  1.0  0.20 99.00 99.00 999 9999.0  17.2 999.0  11.2 99.0 99.00
2019 10 12 23 00 100  1.0  2.1  0.20 99.00 99.00 999 9999.0  17.4 999.0  11.3 99.0 99.00
2019 10 12 23 20 120  1.5  2.1  0.20 99.00 99.00 999 9999.0  17.6 999.0  12.6 99.0 99.00
2019 10 13 00 00 150  1.0  1.0  0.20 99.00 99.00 999 9999.0  17.5 999.0  12.5 99.0 99.00
2019 10 13 00 20 220  1.5  2.6  0.20 99.00 99.00 999 9999.0  17.4 999.0  12.4 99.0 99.00
2019 10 13 01 00 150  2.1  3.1  0.20 99.00 99.00 999 9999.0  17.3 999.0  12.5 99.0 99.00
2019 10 13 01 20 190  2.6  3.6  0.10 99.00 99.00 999 9999.0  16.6 999.0  12.4 99.0 99.00
2019 10 13 02 00 200  2.1  3.1  0.10 99.00 99.00 999 9999.0  16.7 999.0  12.9 99.0 99.00
2019 10 13 02 20 210  2.1  3.1  0.10 99.00 99.00 999 9999.0  17.0 999.0  13.1 99.0 99.00
2019 10 13 03 00 310  1.5  2.6  0.10 99.00 99.00 999 9999.0  17.2 999.0  13.5 99.0 99.00
2019 10 13 03 20 320  2.6  3.1  0.10 99.00 99.00 999 9999.0  16.2 999.0  13.3 99.0 99.00
2019 10 13 04 00 290  2.1  3.1  0.10 99.00 99.00 999 9999.0  16.2 999.0  13.4 99.0 99.00
2019 10 13 04 20 270  2.6  3.6  0.10 99.00 99.00 999 9999.0  16.5 999.0  12.4 99.0 99.00
2019 10 13 04 45 270  3.1  3.6  0.10 99.00 99.00 999 9999.0  16.4 999.0  12.2 99.0 99.00
2019 10 13 04 50 290  3.6  5.1  0.10 99.00 99.00 999 9999.0  16.5 999.0  11.8 99.0 99.00
2019 10 13 05 45 280  5.1  6.2  0.10 99.00 99.00 999 9999.0  16.3 999.0  11.7 99.0 99.00
2019 10 13 05 50 290  5.1  6.7  0.10 99.00 99.00 999 9999.0  16.1 999.0  11.6 99.0 99.00
2019 10 13 06 45 320  5.7  6.7  0.10 99.00 99.00 999 9999.0  15.6 999.0  11.6 99.0 99.00
2019 10 13 06 50 330  5.1  6.7  0.10 99.00 99.00 999 9999.0  15.3 999.0  11.7 99.0 99.00
2019 10 13 07 45 330  5.1  6.7  0.10 99.00 99.00 999 9999.0  15.1 999.0  11.8 99.0 99.00
2019 10 13 07 50 340  5.7  6.7  0.10 99.00 99.00 999 9999.0  14.8 999.0  11.7 99.0 99.00
2019 10 13 08 45 350  4.6  6.2  0.00 99.00 99.00 999 9999.0  14.8 999.0  11.6 99.0 99.00
2019 10 13 08 50 350  4.1  5.7  0.00 99.00 99.00 999 9999.0  14.4 999.0  11.3 99.0 99.00
2019 10 13 09 45 330  4.1  6.2  0.00 99.00 99.00 999 9999.0  14.0 999.0  11.1 99.0 99.00
2019 10 13 09 50 360  4.6  6.2  0.10 99.00 99.00 999 9999.0  13.6 999.0  10.3 99.0 99.00
2019 10 13 10 45  10  4.1  6.2  0.10 99.00 99.00 999 9999.0  13.4 999.0   9.6 99.0 99.00
2019 10 13 10 50  20  4.1  6.7  0.10 99.00 99.00 999 9999.0  12.9 999.0   8.4 99.0 99.00
2019 10 13 11 45  20  3.6  6.2  0.10 99.00 99.00 999 9999.0  13.0 999.0   8.1 99.0 99.00
2019 10 13 11 50  10  3.6  6.2  0.10 99.00 99.00 999 9999.0  13.1 999.0   7.2 99.0 99.00
2019 10 13 12 45  10  3.6  4.6  0.20 99.00 99.00 999 9999.0  13.1 999.0   6.9 99.0 99.00
2019 10 13 12 50  20  3.6  4.6  0.20 99.00 99.00 999 9999.0  13.1 999.0   6.6 99.0 99.00
2019 10 13 13 45  10  3.6  5.7  0.20 99.00 99.00 999 9999.0  13.3 999.0   6.5 99.0 99.00
2019 10 13 13 50  20  2.6  4.1  0.20 99.00 99.00 999 9999.0  13.9 999.0   6.4 99.0 99.00
2019 10 13 14 45  10  1.5  3.1  0.20 99.00 99.00 999 9999.0  14.4 999.0   6.5 99.0 99.00
2019 10 13 14 50 340  2.6  4.1  0.20 99.00 99.00 999 9999.0  14.8 999.0   6.7 99.0 99.00
2019 10 13 15 45 350  2.6  4.1  0.20 99.00 99.00 999 9999.0  15.0 999.0   6.5 99.0 99.00
2019 10 13 15 50 330  1.0  2.1  0.20 99.00 99.00 999 9999.0  15.3 999.0   6.2 99.0 99.00
2019 10 13 17 00   0  0.0  1.5  0.20 99.00 99.00 999 9999.0  16.3 999.0   6.3 99.0 99.00
2019 10 13 17 20 170  2.1  3.1  0.20 99.00 99.00 999 9999.0  15.8 999.0   6.9 99.0 99.00
2019 10 13 17 45 160  1.5  3.1  0.20 99.00 99.00 999 9999.0  16.1 999.0   6.8 99.0 99.00
2019 10 13 17 50 160  2.1  3.1  0.10 99.00 99.00 999 9999.0  16.1 999.0   6.9 99.0 99.00
2019 10 13 18 45 170  2.6  3.6  0.20 99.00 99.00 999 9999.0  16.3 999.0   6.8 99.0 99.00
2019 10 13 18 50 180  2.1  3.6  0.20 99.00 99.00 999 9999.0  16.9 999.0   6.1 99.0 99.00
2019 10 13 19 45 150  2.1  3.1  0.20 99.00 99.00 999 9999.0  17.3 999.0   6.1 99.0 99.00
2019 10 13 19 50 160  2.1  3.1  0.20 99.00 99.00 999 9999.0  17.5 999.0   4.9 99.0 99.00
2019 10 13 20 45 180  2.1  3.1  0.10 99.00 99.00 999 9999.0  17.4 999.0   4.3 99.0 99.00
2019 10 13 20 50 170  1.5  2.6  0.10 99.00 99.00 999 9999.0  17.5 999.0   4.5 99.0 99.00
2019 10 13 21 45 160  1.5  2.6  0.20 99.00 99.00 999 9999.0  17.2 999.0   5.8 99.0 99.00
2019 10 13 21 50 190  1.5  2.1  0.10 99.00 99.00 999 9999.0  17.1 999.0   6.4 99.0 99.00
2019 10 13 22 45 170  1.0  2.1  0.10 99.00 99.00 999 9999.0  17.0 999.0   6.4 99.0 99.00
2019 10 13 23 45 190  4.6  5.7  0.10 99.00 99.00 999 9999.0  15.9 999.0   9.4 99.0 99.00
2019 10 14 00 45 190  3.6  5.1  0.10 99.00 99.00 999 9999.0  15.3 999.0   9.8 99.0 99.00
2019 10 14 00 50 190  3.1  4.1  0.10 99.00 99.00 999 9999.0  15.4 999.0  10.2 99.0 99.00
2019 10 14 01 45 200  2.1  3.1  0.10 99.00 99.00 999 9999.0  15.6 999.0  10.4 99.0 99.00
2019 10 14 01 50 200  2.6  3.6  0.10 99.00 99.00 999 9999.0  15.6 999.0  10.7 99.0 99.00
2019 10 14 02 45 220  2.1  3.1  0.10 99.00 99.00 999 9999.0  15.6 999.0  11.2 99.0 99.00
2019 10 14 02 50 180  2.6  3.6  0.10 99.00 99.00 999 9999.0  15.6 999.0  11.4 99.0 99.00
2019 10 14 03 45 180  4.6  6.2  0.10 99.00 99.00 999 9999.0  15.7 999.0  12.0 99.0 99.00
2019 10 14 04 20 190  3.1  4.1  0.10 99.00 99.00 999 9999.0  16.0 999.0  12.0 99.0 99.00
2019 10 14 04 45 190  2.6  3.6  0.00 99.00 99.00 999 9999.0  15.8 999.0  12.2 99.0 99.00
2019 10 14 04 50 180  2.1  3.1  0.00 99.00 99.00 999 9999.0  16.0 999.0  12.6 99.0 99.00
2019 10 14 05 45 170  2.6  3.6  0.00 99.00 99.00 999 9999.0  16.0 999.0  12.4 99.0 99.00
2019 10 14 05 50 160  2.6  3.6  0.00 99.00 99.00 999 9999.0  16.0 999.0  12.5 99.0 99.00
2019 10 14 06 45 160  3.1  4.6  0.00 99.00 99.00 999 9999.0  15.8 999.0  12.6 99.0 99.00
2019 10 14 06 50 160  4.1  5.7  0.00 99.00 99.00 999 9999.0  15.5 999.0  12.9 99.0 99.00
2019 10 14 07 45 170  2.6  3.6  0.00 99.00 99.00 999 9999.0  15.0 999.0  12.8 99.0 99.00
2019 10 14 07 50 150  3.6  4.6  0.00 99.00 99.00 999 9999.0  14.9 999.0  12.8 99.0 99.00
2019 10 14 08 45 160  3.1  4.1  0.00 99.00 99.00 999 9999.0  14.8 999.0  12.8 99.0 99.00
2019 10 14 08 50 180  3.1  4.1  0.10 99.00 99.00 999 9999.0  14.7 999.0  12.9 99.0 99.00
2019 10 14 09 45 150  2.6  4.1  0.00 99.00 99.00 999 9999.0  14.5 999.0  12.8 99.0 99.00
2019 10 14 09 50 160  2.1  3.1  0.00 99.00 99.00 999 9999.0  14.7 999.0  13.1 99.0 99.00
2019 10 14 10 45 170  1.0  2.6  0.00 99.00 99.00 999 9999.0  14.6 999.0  12.9 99.0 99.00
2019 10 14 10 50   0  0.0  2.6  0.00 99.00 99.00 999 9999.0  14.7 999.0  13.0 99.0 99.00
2019 10 14 11 45 240  1.0  1.5  0.10 99.00 99.00 999 9999.0  14.8 999.0  13.1 99.0 99.00
2019 10 14 11 50 330  0.5  2.1  0.10 99.00 99.00 999 9999.0  15.0 999.0  13.3 99.0 99.00
2019 10 14 12 45 330  1.0  2.1  0.10 99.00 99.00 999 9999.0  15.8 999.0  13.6 99.0 99.00
2019 10 14 12 50 310  1.5  3.1  0.10 99.00 99.00 999 9999.0  15.6 999.0  13.4 99.0 99.00
2019 10 14 13 45 240  1.5  2.6  0.10 99.00 99.00 999 9999.0  15.5 999.0  13.1 99.0 99.00
2019 10 14 13 50 210  1.5  2.6  0.10 99.00 99.00 999 9999.0  16.1 999.0  13.3 99.0 99.00
2019 10 14 14 50 230  2.6  4.1  0.10 99.00 99.00 999 9999.0  16.7 999.0  13.2 99.0 99.00
2019 10 14 15 00 230  1.5  2.6  0.20 99.00 99.00 999 9999.0  16.6 999.0  13.3 99.0 99.00
2019 10 14 15 45 230  3.6  5.1  0.20 99.00 99.00 999 9999.0  17.2 999.0  12.3 99.0 99.00
2019 10 14 15 50 210  4.1  5.7  0.10 99.00 99.00 999 9999.0  18.0 999.0  11.9 99.0 99.00
2019 10 14 16 45 220  4.6  5.7  0.10 99.00 99.00 999 9999.0  18.1 999.0  11.8 99.0 99.00
2019 10 14 16 50 210  4.6  6.2  0.10 99.00 99.00 999 9999.0  18.2 999.0  11.8 99.0 99.00
2019 10 14 17 30 210  4.6  5.7  0.20 99.00 99.00 999 9999.0  18.7 999.0  11.8 99.0 99.00
2019 10 14 17 50 210  4.1  5.7  0.10 99.00 99.00 999 9999.0  19.5 999.0  11.3 99.0 99.00
2019 10 14 18 45 210  4.6  6.2  0.20 99.00 99.00 999 9999.0  19.8 999.0  11.6 99.0 99.00
2019 10 14 18 50 210  4.6  5.7  0.10 99.00 99.00 999 9999.0  20.1 999.0  11.9 99.0 99.00
2019 10 14 19 30 210  4.1  5.1  0.10 99.00 99.00 999 9999.0  20.3 999.0  11.9 99.0 99.00
2019 10 14 19 50 210  3.1  4.1  0.10 99.00 99.00 999 9999.0  20.6 999.0  12.6 99.0 99.00
2019 10 14 20 45 240  5.7  8.8  0.20 99.00 99.00 999 9999.0  21.0 999.0  11.0 99.0 99.00
2019 10 14 20 50 260  5.7  8.2  0.20 99.00 99.00 999 9999.0  21.3 999.0  10.1 99.0 99.00
2019 10 14 21 45 240  6.2  8.8  0.30  2.00 99.00 999 9999.0  20.9 999.0  10.4 99.0 99.00
2019 10 14 21 50 190  6.2  8.2  0.30  3.00 99.00 999 9999.0  19.0 999.0  13.6 99.0 99.00
2019 10 14 22 45 190  6.2  7.7  0.30  2.00 99.00 999 9999.0  18.4 999.0  13.8 99.0 99.00
2019 10 14 22 50 160  3.1  4.6  0.10 99.00 99.00 999 9999.0  16.6 999.0   9.0 99.0 99.00
2019 10 14 23 45 190  6.2  7.2  0.20 99.00 99.00 999 9999.0  17.5 999.0  14.7 99.0 99.00
2019 10 14 23 50 180  3.6  5.1  0.10 99.00 99.00 999 9999.0  15.7 999.0  10.0 99.0 99.00
2019 10 15 00 20 210  4.1  5.7  0.20 99.00 99.00 999 9999.0  17.4 999.0  14.7 99.0 99.00
2019 10 15 00 30 210  4.1  5.7  0.20 99.00 99.00 999 9999.0  17.4 999.0  14.7 99.0 99.00
2019 10 15 01 20 280  3.1  4.1  0.10 99.00 99.00 999 9999.0  17.7 999.0  13.2 99.0 99.00
2019 10 15 01 45 270  2.6  3.1  0.10 99.00 99.00 999 9999.0  17.8 999.0  11.9 99.0 99.00
2019 10 15 01 50 290  2.6  3.6  0.10 99.00 99.00 999 9999.0  17.8 999.0  10.4 99.0 99.00
2019 10 15 02 45 290  2.6  3.6  0.10 99.00 99.00 999 9999.0  18.0 999.0   9.1 99.0 99.00
2019 10 15 02 50 290  3.6  4.6  0.10 99.00 99.00 999 9999.0  17.6 999.0   8.7 99.0 99.00
2019 10 15 03 45 360  5.1  7.2  0.00 99.00 99.00 999 9999.0  16.5 999.0   8.6 99.0 99.00
2019 10 15 03 50  10  6.7  8.2  0.00 99.00 99.00 999 9999.0  15.3 999.0   7.9 99.0 99.00
2019 10 15 04 45  10  6.2  8.2  0.10 99.00 99.00 999 9999.0  14.4 999.0   8.0 99.0 99.00
2019 10 15 04 50 360  6.2  8.2  0.20 99.00 99.00 999 9999.0  14.1 999.0   7.9 99.0 99.00
2019 10 15 05 45  10  6.2  8.2  0.20 99.00 99.00 999 9999.0  13.8 999.0   7.1 99.0 99.00
2019 10 15 05 50  10  5.7  7.7  0.20 99.00 99.00 999 9999.0  13.5 999.0   6.9 99.0 99.00
2019 10 15 06 45  10  4.6  6.2  0.20 99.00 99.00 999 9999.0  13.0 999.0   6.3 99.0 99.00
2019 10 15 06 50  10  3.1  4.1  0.20 99.00 99.00 999 9999.0  12.7 999.0   6.1 99.0 99.00
2019 10 15 07 45 360  3.1  4.6  0.10 99.00 99.00 999 9999.0  12.5 999.0   6.2 99.0 99.00
2019 10 15 07 50  10  3.6  4.6  0.10 99.00 99.00 999 9999.0  12.3 999.0   5.6 99.0 99.00
2019 10 15 08 45 350  2.1  3.6  0.10 99.00 99.00 999 9999.0  12.1 999.0   5.6 99.0 99.00
2019 10 15 08 50 340  3.1  4.6  0.10 99.00 99.00 999 9999.0  12.0 999.0   6.0 99.0 99.00
2019 10 15 09 45 360  3.1  4.1  0.10 99.00 99.00 999 9999.0  11.7 999.0   6.1 99.0 99.00
2019 10 15 09 50 350  2.6  4.1  0.10 99.00 99.00 999 9999.0  11.7 999.0   6.7 99.0 99.00
2019 10 15 10 50 340  2.6  3.6  0.20 99.00 99.00 999 9999.0  11.6 999.0   6.5 99.0 99.00
2019 10 15 11 00 340  2.6  4.1  0.10 99.00 99.00 999 9999.0  11.7 999.0   6.7 99.0 99.00
2019 10 15 11 50 340  3.1  4.1  0.20 99.00 99.00 999 9999.0  12.3 999.0   6.9 99.0 99.00
2019 10 15 12 00 350  3.1  4.1  0.10 99.00 99.00 999 9999.0  12.3 999.0   7.0 99.0 99.00
2019 10 15 12 45 350  3.6  4.6  0.10 99.00 99.00 999 9999.0  12.6 999.0   6.1 99.0 99.00
2019 10 15 12 50 360  3.1  5.1  0.20 99.00 99.00 999 9999.0  13.2 999.0   5.2 99.0 99.00
2019 10 15 13 45  10  3.1  4.6  0.20 99.00 99.00 999 9999.0  13.2 999.0   3.8 99.0 99.00
2019 10 15 13 50  20  2.6  4.6  0.20 99.00 99.00 999 9999.0  13.5 999.0   3.3 99.0 99.00
2019 10 15 14 45  10  1.0  2.6  0.20 99.00 99.00 999 9999.0  14.3 999.0   3.7 99.0 99.00
2019 10 15 14 50   0  0.0  1.5  0.10 99.00 99.00 999 9999.0  15.0 999.0   3.4 99.0 99.00
2019 10 15 15 45 160  1.5  2.6  0.10 99.00 99.00 999 9999.0  13.9 999.0   3.8 99.0 99.00
2019 10 15 15 50 150  1.0  2.1  0.20 99.00 99.00 999 9999.0  14.5 999.0   3.2 99.0 99.00
2019 10 15 16 45 160  2.1  3.1  0.10 99.00 99.00 999 9999.0  14.7 999.0   3.6 99.0 99.00
2019 10 15 16 50 190  2.1  3.1  0.20 99.00 99.00 999 9999.0  14.7 999.0   3.3 99.0 99.00
2019 10 15 17 45 180  1.5  3.6  0.10 99.00 99.00 999 9999.0  15.6 999.0   2.9 99.0 99.00
2019 10 15 17 50 170  2.1  2.6  0.10 99.00 99.00 999 9999.0  15.9 999.0   2.6 99.0 99.00
2019 10 15 18 45 130  2.1  3.1  0.10 99.00 99.00 999 9999.0  15.9 999.0   2.6 99.0 99.00
2019 10 15 19 20 180  2.6  3.6  0.10 99.00 99.00 999 9999.0  15.9 999.0   3.7 99.0 99.00
2019 10 15 19 45 180  2.1  3.6  0.10 99.00 99.00 999 9999.0  16.2 999.0   3.4 99.0 99.00
2019 10 15 20 20 190  2.6  3.6  0.10 99.00 99.00 999 9999.0  17.3 999.0   2.5 99.0 99.00
2019 10 15 20 45 200  2.6  4.1  0.10 99.00 99.00 999 9999.0  17.3 999.0   2.4 99.0 99.00
2019 10 15 21 20 200  2.1  3.1  0.10 99.00 99.00 999 9999.0  17.5 999.0   2.4 99.0 99.00
2019 10 15 21 45 200  2.1  2.6  0.10 99.00 99.00 999 9999.0  17.3 999.0   1.7 99.0 99.00
2019 10 15 22 20 170  5.1  6.2  0.10 99.00 99.00 999 9999.0  16.0 999.0 999.0 99.0 99.00
2019 10 15 22 30 170  5.1  6.2  0.10 99.00 99.00 999 9999.0  16.0 999.0 999.0 99.0 99.00
2019 10 15 22 50 190  6.2  7.7  0.20 99.00 99.00 999 9999.0  17.8 999.0  14.2 99.0 99.00
2019 10 15 23 20 160  4.6  5.7  0.10 99.00 99.00 999 9999.0  14.9 999.0   7.5 99.0 99.00
2019 10 15 23 45 170  5.1  6.7  0.10 99.00 99.00 999 9999.0  14.8 999.0   7.5 99.0 99.00
2019 10 16 00 45 180  4.6  6.2  0.10 99.00 99.00 999 9999.0  14.1 999.0   8.1 99.0 99.00
2019 10 16 00 50 180  4.1  5.7  0.10 99.00 99.00 999 9999.0  14.1 999.0   8.3 99.0 99.00
2019 10 16 01 45 180  4.1  5.7  0.10 99.00 99.00 999 9999.0  14.0 999.0   8.3 99.0 99.00
2019 10 16 01 50 180  4.1  5.7  0.10 99.00 99.00 999 9999.0  14.2 999.0   8.6 99.0 99.00
2019 10 16 02 45 160  3.1  5.1  0.10 99.00 99.00 999 9999.0  14.5 999.0   8.8 99.0 99.00
2019 10 16 02 50 170  3.6  5.1  0.10 99.00 99.00 999 9999.0  14.2 999.0   8.2 99.0 99.00
2019 10 16 03 45 190  3.1  5.7  0.10 99.00 99.00 999 9999.0  14.2 999.0   8.2 99.0 99.00
2019 10 16 03 50 180  2.6  3.6  0.10 99.00 99.00 999 9999.0  14.0 999.0   8.4 99.0 99.00
2019 10 16 04 45 190  3.1  4.6  0.10 99.00 99.00 999 9999.0  13.9 999.0   8.6 99.0 99.00
2019 10 16 04 50 170  4.6  5.7  0.10 99.00 99.00 999 9999.0  14.4 999.0   9.0 99.0 99.00
2019 10 16 05 45 150  4.6  5.7  0.10 99.00 99.00 999 9999.0  14.3 999.0   9.1 99.0 99.00
2019 10 16 05 50 160  3.6  6.2  0.10 99.00 99.00 999 9999.0  14.1 999.0   9.0 99.0 99.00
2019 10 16 06 50 140  4.6  5.7  0.10 99.00 99.00 999 9999.0  14.5 999.0   9.1 99.0 99.00
2019 10 16 07 00 150  4.6  5.7  0.10 99.00 99.00 999 9999.0  14.4 999.0   9.0 99.0 99.00
2019 10 16 07 50 130  5.1  6.2  0.10 99.00 99.00 999 9999.0  14.4 999.0   9.2 99.0 99.00
2019 10 16 08 00 150  5.1  6.2  0.10 99.00 99.00 999 9999.0  14.2 999.0   9.0 99.0 99.00
2019 10 16 08 50 120  5.1  6.7  0.10 99.00 99.00 999 9999.0  14.4 999.0   9.2 99.0 99.00
2019 10 16 09 00 130  5.1  6.7  0.10 99.00 99.00 999 9999.0  14.3 999.0   9.0 99.0 99.00
2019 10 16 09 50 130  6.2  7.7  0.20 99.00 99.00 999 9999.0  14.2 999.0   9.1 99.0 99.00
2019 10 16 10 00 120  6.2  7.7  0.20 99.00 99.00 999 9999.0  14.3 999.0   9.2 99.0 99.00
2019 10 16 10 50 130  6.2  8.2  0.30  3.00 99.00 999 9999.0  14.2 999.0   9.3 99.0 99.00
2019 10 16 11 00 130  6.2  8.2  0.20 99.00 99.00 999 9999.0  14.1 999.0   9.1 99.0 99.00
2019 10 16 11 45 130  6.7  8.8  0.30  3.00 99.00 999 9999.0  14.4 999.0   9.3 99.0 99.00
2019 10 16 11 50 130  6.7  8.8  0.30  3.00 99.00 999 9999.0  14.7 999.0   9.4 99.0 99.00
2019 10 16 12 45 130  6.7  8.2  0.30  3.00 99.00 999 9999.0  15.1 999.0   9.5 99.0 99.00
2019 10 16 12 50 130  5.7  7.7  0.30  3.00 99.00 999 9999.0  15.7 999.0   9.7 99.0 99.00
2019 10 16 13 45 140  7.7  9.8  0.30  3.00 99.00 999 9999.0  16.5 999.0  10.0 99.0 99.00
2019 10 16 13 50 140  7.7 10.3  0.40  3.00 99.00 999 9999.0  16.7 999.0  10.7 99.0 99.00
2019 10 16 14 45 120  6.2  8.2  0.50  3.00 99.00 999 9999.0  16.8 999.0  11.2 99.0 99.00
2019 10 16 14 50 130  7.2  9.3  0.40  3.00 99.00 999 9999.0  17.3 999.0  12.3 99.0 99.00
2019 10 16 15 45 130  7.2  9.8  0.40  3.00 99.00 999 9999.0  17.9 999.0  13.3 99.0 99.00
2019 10 16 16 20 140  8.2 10.8  0.40  2.00 99.00 999 9999.0  18.2 999.0  13.8 99.0 99.00
2019 10 16 17 00 130  8.2 11.3  0.40  3.00 99.00 999 9999.0  18.2 999.0  13.9 99.0 99.00
2019 10 16 17 20 130  9.8 13.4  0.50  3.00 99.00 999 9999.0  18.2 999.0  14.1 99.0 99.00
2019 10 16 17 45 130  9.3 13.9  0.50  3.00 99.00 999 9999.0  18.2 999.0  14.2 99.0 99.00
2019 10 16 18 20 130 10.3 14.4  0.60  3.00 99.00 999 9999.0  18.5 999.0  14.3 99.0 99.00
2019 10 16 18 45 140  9.8 14.9  0.60  3.00 99.00 999 9999.0  18.5 999.0  14.2 99.0 99.00
2019 10 16 19 20 130  8.2 11.8  0.60  3.00 99.00 999 9999.0  17.4 999.0  14.8 99.0 99.00
2019 10 16 19 45 110  8.2 11.8  0.60  3.00 99.00 999 9999.0  17.2 999.0  15.0 99.0 99.00
2019 10 16 20 20 100  7.7 10.3  0.60  4.00 99.00 999 9999.0  17.2 999.0  15.0 99.0 99.00
2019 10 16 20 45  90  7.7 10.8  0.50  4.00 99.00 999 9999.0  17.4 999.0  15.1 99.0 99.00
2019 10 16 21 20 100  8.2 11.3  0.60  4.00 99.00 999 9999.0  17.6 999.0  15.1 99.0 99.00
2019 10 16 21 45 100  8.2 11.8  0.70  5.00 99.00 999 9999.0  17.6 999.0  15.2 99.0 99.00
2019 10 16 21 50 100  8.8 12.4  0.80  5.00 99.00 999 9999.0  17.0 999.0  15.4 99.0 99.00
2019 10 16 22 45 110  9.3 12.9  1.00  5.00 99.00 999 9999.0  16.9 999.0  15.3 99.0 99.00
2019 10 16 23 45 120 12.9 19.6  1.20  5.00 99.00 999 9999.0  16.5 999.0  15.3 99.0 99.00
2019 10 16 23 50 180  5.7  7.2  0.10 99.00 99.00 999 9999.0  14.5 999.0   8.3 99.0 99.00
2019 10 17 00 45 110 11.8 17.5  1.30  5.00 99.00 999 9999.0  17.4 999.0  15.2 99.0 99.00
2019 10 17 00 50 110 11.8 17.5  1.50  5.00 99.00 999 9999.0  17.6 999.0  15.5 99.0 99.00
2019 10 17 01 50 110  9.3 13.9  1.40  6.00 99.00 999 9999.0  17.2 999.0  16.1 99.0 99.00
2019 10 17 02 00 110 11.8 17.5  1.60  5.00 99.00 999 9999.0  17.2 999.0  16.0 99.0 99.00
2019 10 17 02 50 150  6.7  9.8  1.10  6.00 99.00 999 9999.0  17.8 999.0  16.7 99.0 99.00
2019 10 17 03 00 150  8.2 10.8  1.30  6.00 99.00 999 9999.0  17.8 999.0  16.7 99.0 99.00
2019 10 17 03 50 300 16.5 24.7  1.50  4.00 99.00 999 9999.0  13.4 999.0  11.1 99.0 99.00
2019 10 17 04 00 290 14.9 23.2  1.20  5.00 99.00 999 9999.0  14.6 999.0  13.0 99.0 99.00
2019 10 17 04 50 290 14.9 21.6  1.20  4.00 99.00 999 9999.0  13.2 999.0   9.4 99.0 99.00
2019 10 17 05 00 300 14.9 21.6  1.30  4.00 99.00 999 9999.0  13.1 999.0  10.0 99.0 99.00
2019 10 17 05 50 270 12.9 19.0  1.00  3.00 99.00 999 9999.0  12.6 999.0   8.9 99.0 99.00
2019 10 17 06 00 280 12.4 18.5  1.00  4.00 99.00 999 9999.0  12.7 999.0   9.2 99.0 99.00
2019 10 17 06 50 270 12.9 19.0  0.90  4.00 99.00 999 9999.0  12.5 999.0   7.9 99.0 99.00
2019 10 17 07 00 280 11.8 19.0  0.90  3.00 99.00 999 9999.0  12.4 999.0   8.1 99.0 99.00
2019 10 17 07 50 270 11.3 16.5  0.80  3.00 99.00 999 9999.0  12.8 999.0   8.0 99.0 99.00
2019 10 17 08 00 270 10.8 16.0  0.90  4.00 99.00 999 9999.0  12.6 999.0   8.1 99.0 99.00
2019 10 17 08 50 270 11.8 17.0  0.80  3.00 99.00 999 9999.0  12.5 999.0   7.0 99.0 99.00
2019 10 17 09 00 260 12.4 18.0  0.70  3.00 99.00 999 9999.0  12.6 999.0   7.3 99.0 99.00
2019 10 17 09 50 260 10.8 14.9  0.80  4.00 99.00 999 9999.0  12.8 999.0   7.1 99.0 99.00
2019 10 17 10 00 260 11.3 16.0  0.80  4.00 99.00 999 9999.0  12.8 999.0   7.0 99.0 99.00
2019 10 17 10 45 250 12.4 17.5  0.80  3.00 99.00 999 9999.0  12.8 999.0   7.4 99.0 99.00
2019 10 17 10 50 250 12.4 18.0  0.90  4.00 99.00 999 9999.0  12.7 999.0   7.6 99.0 99.00
2019 10 17 11 45 260 11.8 17.5  0.90  4.00 99.00 999 9999.0  12.4 999.0   7.6 99.0 99.00
2019 10 17 12 20 250 12.4 17.0  0.80  3.00 99.00 999 9999.0  12.7 999.0   7.0 99.0 99.00
2019 10 17 12 45 250 12.4 18.0  0.80  4.00 99.00 999 9999.0  12.8 999.0   6.8 99.0 99.00
2019 10 17 13 20 260 12.4 19.0  0.80  4.00 99.00 999 9999.0  12.7 999.0   6.6 99.0 99.00
2019 10 17 13 45 260 11.8 16.5  0.90  4.00 99.00 999 9999.0  12.8 999.0   6.7 99.0 99.00
2019 10 17 14 20 250 12.4 17.5  0.90  4.00 99.00 999 9999.0  13.2 999.0   6.8 99.0 99.00
2019 10 17 14 45 250 12.4 18.0  0.90  4.00 99.00 999 9999.0  13.3 999.0   6.7 99.0 99.00
2019 10 17 15 20 260 12.9 18.5  1.00  4.00 99.00 999 9999.0  13.6 999.0   6.7 99.0 99.00
2019 10 17 15 45 260 12.4 18.0  1.00  4.00 99.00 999 9999.0  13.8 999.0   7.1 99.0 99.00
2019 10 17 16 20 250 14.4 21.6  1.10  5.00 99.00 999 9999.0  13.7 999.0   7.1 99.0 99.00
2019 10 17 16 45 260 13.4 19.0  1.10  5.00 99.00 999 9999.0  13.8 999.0   7.3 99.0 99.00
2019 10 17 17 20 260 13.9 20.1  1.20  4.00 99.00 999 9999.0  14.4 999.0   7.0 99.0 99.00
2019 10 17 17 45 260 14.4 20.6  1.20  5.00 99.00 999 9999.0  14.4 999.0   6.8 99.0 99.00
2019 10 17 18 20 270 12.9 19.6  1.10  4.00 99.00 999 9999.0  14.4 999.0   7.0 99.0 99.00
2019 10 17 18 45 260 12.9 18.5  1.20  4.00 99.00 999 9999.0  14.4 999.0   7.0 99.0 99.00
2019 10 17 19 20 270 11.8 17.0  1.10  4.00 99.00 999 9999.0  14.5 999.0   7.0 99.0 99.00
2019 10 17 19 45 280 11.8 16.5  0.90  4.00 99.00 999 9999.0  14.7 999.0   6.6 99.0 99.00
2019 10 17 19 50 270 11.8 16.5  0.90  4.00 99.00 999 9999.0  14.4 999.0   6.4 99.0 99.00
2019 10 17 20 45 280 11.8 17.5  0.90  4.00 99.00 999 9999.0  14.4 999.0   6.8 99.0 99.00
2019 10 17 20 50 280 10.3 16.0  0.80  4.00 99.00 999 9999.0  14.4 999.0   6.5 99.0 99.00
2019 10 17 21 45 280 12.9 18.5  0.70  3.00 99.00 999 9999.0  14.5 999.0   6.7 99.0 99.00
2019 10 17 21 50 280 12.4 19.0  0.90  3.00 99.00 999 9999.0  14.5 999.0   6.9 99.0 99.00
2019 10 17 22 50 110 10.3 14.9  1.00  5.00 99.00 999 9999.0  16.6 999.0  15.1 99.0 99.00
2019 10 17 23 00 280 11.3 18.0  0.80  3.00 99.00 999 9999.0  14.3 999.0   6.8 99.0 99.00
2019 10 17 23 50 100 10.8 16.0  1.10  5.00 99.00 999 9999.0  16.9 999.0  15.2 99.0 99.00
2019 10 18 00 00 280 11.3 16.0  0.80  3.00 99.00 999 9999.0  14.0 999.0   6.9 99.0 99.00
2019 10 18 00 50 280 12.4 18.0  0.80  4.00 99.00 999 9999.0  13.7 999.0   7.1 99.0 99.00
2019 10 18 01 00 280 12.4 18.5  0.80  3.00 99.00 999 9999.0  13.5 999.0   7.4 99.0 99.00
2019 10 18 01 50 280 11.3 17.0  0.70  4.00 99.00 999 9999.0  13.6 999.0   7.2 99.0 99.00
2019 10 18 02 00 280 11.3 16.0  0.80  4.00 99.00 999 9999.0  13.6 999.0   7.1 99.0 99.00
2019 10 18 02 50 280 10.8 16.0  0.70  4.00 99.00 999 9999.0  13.3 999.0   7.0 99.0 99.00
2019 10 18 03 00 280 11.3 16.5  0.70  4.00 99.00 999 9999.0  13.4 999.0   6.9 99.0 99.00
2019 10 18 03 50 290 10.8 16.5  0.70  4.00 99.00 999 9999.0  13.1 999.0   7.0 99.0 99.00
2019 10 18 04 00 280 11.8 16.5  0.70  4.00 99.00 999 9999.0  13.1 999.0   7.0 99.0 99.00
2019 10 18 04 50 280 10.3 14.4  0.60  4.00 99.00 999 9999.0  12.8 999.0   6.7 99.0 99.00
2019 10 18 05 00 280 10.3 14.4  0.70  4.00 99.00 999 9999.0  12.8 999.0   6.7 99.0 99.00
2019 10 18 05 50 280 10.3 13.9  0.60  4.00 99.00 999 9999.0  12.5 999.0   6.3 99.0 99.00
2019 10 18 06 00 280  9.8 14.4  0.60  3.00 99.00 999 9999.0  12.6 999.0   6.4 99.0 99.00
2019 10 18 06 50 290  9.8 15.4  0.60  3.00 99.00 999 9999.0  12.3 999.0   6.1 99.0 99.00
2019 10 18 07 00 290 10.3 13.9  0.60  3.00 99.00 999 9999.0  12.3 999.0   6.3 99.0 99.00
2019 10 18 07 50 290  9.3 14.4  0.60  3.00 99.00 999 9999.0  12.2 999.0   6.4 99.0 99.00
2019 10 18 08 00 290  9.8 14.9  0.50  3.00 99.00 999 9999.0  12.4 999.0   6.5 99.0 99.00
2019 10 18 08 50 290  8.8 12.4  0.50  3.00 99.00 999 9999.0  11.9 999.0   6.0 99.0 99.00
2019 10 18 09 00 290  8.8 12.4  0.50  3.00 99.00 999 9999.0  11.9 999.0   5.9 99.0 99.00
2019 10 18 09 45 280  7.2 11.8  0.40  2.00 99.00 999 9999.0  11.7 999.0   5.6 99.0 99.00
2019 10 18 10 20 290  8.8 13.4  0.40  2.00 99.00 999 9999.0  11.7 999.0   5.5 99.0 99.00
2019 10 18 10 45 300  8.2 13.4  0.40  3.00 99.00 999 9999.0  11.7 999.0   5.8 99.0 99.00
2019 10 18 11 20 300  7.7 11.8  0.30  2.00 99.00 999 9999.0  11.5 999.0   5.4 99.0 99.00
2019 10 18 11 45 300  8.2 12.4  0.30  2.00 99.00 999 9999.0  11.6 999.0   5.5 99.0 99.00
2019 10 18 12 20 300  8.8 13.4  0.30  2.00 99.00 999 9999.0  12.1 999.0   5.8 99.0 99.00
2019 10 18 12 30 300  8.8 13.4  0.30  2.00 99.00 999 9999.0  12.1 999.0   5.8 99.0 99.00
2019 10 18 13 20 300  8.2 12.4  0.30  3.00 99.00 999 9999.0  12.0 999.0   5.5 99.0 99.00
2019 10 18 13 45 300  8.8 12.9  0.40  3.00 99.00 999 9999.0  12.1 999.0   5.6 99.0 99.00
2019 10 18 14 20 300  8.8 11.8  0.40  3.00 99.00 999 9999.0  12.5 999.0   5.6 99.0 99.00
2019 10 18 14 45 300  9.3 12.9  0.40  2.00 99.00 999 9999.0  12.7 999.0   5.8 99.0 99.00
2019 10 18 15 20 310  9.3 15.4  0.40  3.00 99.00 999 9999.0  13.3 999.0   5.9 99.0 99.00
2019 10 18 15 45 310  8.8 11.8  0.40  3.00 99.00 999 9999.0  13.5 999.0   5.9 99.0 99.00
2019 10 18 16 20 300  8.2 11.8  0.40  3.00 99.00 999 9999.0  13.8 999.0   5.9 99.0 99.00
2019 10 18 16 45 290  8.2 11.8  0.40  3.00 99.00 999 9999.0  14.0 999.0   6.4 99.0 99.00
2019 10 18 17 20 300  8.2 11.8  0.40  3.00 99.00 999 9999.0  14.4 999.0   6.2 99.0 99.00
2019 10 18 17 45 300  7.2 10.8  0.40  3.00 99.00 999 9999.0  14.5 999.0   5.8 99.0 99.00
2019 10 18 18 20 290  8.8 13.4  0.40  3.00 99.00 999 9999.0  14.6 999.0   6.4 99.0 99.00
2019 10 18 18 45 290  8.8 13.9  0.50  3.00 99.00 999 9999.0  14.5 999.0   6.1 99.0 99.00
2019 10 18 19 20 290  9.8 12.9  0.50  3.00 99.00 999 9999.0  14.6 999.0   5.9 99.0 99.00
2019 10 18 19 45 310  9.3 12.9  0.50  3.00 99.00 999 9999.0  14.7 999.0   5.8 99.0 99.00
2019 10 18 20 20 300  8.8 12.4  0.50  3.00 99.00 999 9999.0  14.1 999.0   5.9 99.0 99.00
2019 10 18 20 50 300  9.3 12.9  0.40  3.00 99.00 999 9999.0  13.4 999.0   6.3 99.0 99.00
2019 10 18 21 00 300  8.2 12.4  0.40  3.00 99.00 999 9999.0  13.8 999.0   6.2 99.0 99.00
2019 10 18 21 50 300  8.2 11.3  0.50  2.00 99.00 999 9999.0  12.5 999.0   5.5 99.0 99.00
2019 10 18 22 00 300  9.3 12.9  0.50  3.00 99.00 999 9999.0  12.7 999.0   5.8 99.0 99.00
2019 10 18 22 50 280 11.3 18.0  0.80  3.00 99.00 999 9999.0  14.3 999.0   6.8 99.0 99.00
2019 10 18 23 00 310  8.8 12.4  0.40  2.00 99.00 999 9999.0  12.3 999.0   5.1 99.0 99.00
2019 10 18 23 50 280 11.8 17.0  0.80  4.00 99.00 999 9999.0  13.9 999.0   7.0 99.0 99.00
2019 10 19 00 00 300  8.8 12.4  0.40  2.00 99.00 999 9999.0  11.8 999.0   5.2 99.0 99.00
2019 10 19 00 50 320  6.2  9.3  0.20 99.00 99.00 999 9999.0  10.9 999.0   4.1 99.0 99.00
2019 10 19 01 00 310  6.2  9.3  0.30  2.00 99.00 999 9999.0  11.0 999.0   4.2 99.0 99.00
2019 10 19 01 50 310  5.7  8.8  0.10 99.00 99.00 999 9999.0  10.6 999.0   4.0 99.0 99.00
2019 10 19 02 00 310  5.7  8.2  0.10 99.00 99.00 999 9999.0  10.7 999.0   3.9 99.0 99.00
2019 10 19 02 50 320  6.7  8.8  0.10 99.00 99.00 999 9999.0  10.4 999.0   4.1 99.0 99.00
2019 10 19 03 00 320  6.7  9.3  0.10 99.00 99.00 999 9999.0  10.4 999.0   4.0 99.0 99.00
2019 10 19 03 50 320  5.1  7.7  0.10 99.00 99.00 999 9999.0   9.9 999.0   4.1 99.0 99.00
2019 10 19 04 00 310  4.1  6.7  0.20 99.00 99.00 999 9999.0  10.0 999.0   4.1 99.0 99.00
2019 10 19 04 50 330  5.7  7.7  0.10 99.00 99.00 999 9999.0   9.4 999.0   3.8 99.0 99.00
2019 10 19 05 00 330  5.7  8.2  0.10 99.00 99.00 999 9999.0   9.6 999.0   3.9 99.0 99.00
2019 10 19 06 00 350  5.1  7.7  0.10 99.00 99.00 999 9999.0   9.2 999.0   3.5 99.0 99.00
2019 10 19 06 20 340  4.1  6.2  0.10 99.00 99.00 999 9999.0   9.1 999.0   3.5 99.0 99.00
2019 10 19 07 00 360  4.1  6.2  0.10 99.00 99.00 999 9999.0   9.0 999.0   3.2 99.0 99.00
2019 10 19 07 20 360  3.6  5.7  0.10 99.00 99.00 999 9999.0   8.9 999.0   3.1 99.0 99.00
2019 10 19 08 00 350  3.6  5.1  0.00 99.00 99.00 999 9999.0   8.7 999.0   2.9 99.0 99.00
2019 10 19 08 20 340  3.6  6.7  0.00 99.00 99.00 999 9999.0   8.9 999.0   2.6 99.0 99.00
2019 10 19 08 45 340  3.1  5.7  0.00 99.00 99.00 999 9999.0   8.8 999.0   2.6 99.0 99.00
2019 10 19 09 20 310  2.6  4.1  0.10 99.00 99.00 999 9999.0   8.8 999.0   2.8 99.0 99.00
2019 10 19 09 45 310  3.1  4.6  0.00 99.00 99.00 999 9999.0   8.8 999.0   2.8 99.0 99.00
2019 10 19 10 20 320  3.1  5.1  0.00 99.00 99.00 999 9999.0   8.7 999.0   2.0 99.0 99.00
2019 10 19 10 45 310  3.6  5.7  0.00 99.00 99.00 999 9999.0   8.7 999.0   2.3 99.0 99.00
2019 10 19 11 20 300  3.6  5.1  0.10 99.00 99.00 999 9999.0   8.8 999.0   2.3 99.0 99.00
2019 10 19 11 45 290  4.1  5.7  0.10 99.00 99.00 999 9999.0   9.1 999.0   2.7 99.0 99.00
2019 10 19 12 20 270  4.6  6.2  0.10 99.00 99.00 999 9999.0   9.8 999.0   3.7 99.0 99.00
2019 10 19 12 45 280  4.6  5.7  0.10 99.00 99.00 999 9999.0   9.8 999.0   4.0 99.0 99.00
2019 10 19 13 20 270  4.6  6.2  0.10 99.00 99.00 999 9999.0  10.2 999.0   3.8 99.0 99.00
2019 10 19 13 45 260  4.1  6.2  0.10 99.00 99.00 999 9999.0  10.3 999.0   3.5 99.0 99.00
2019 10 19 14 20 250  3.6  6.2  0.10 99.00 99.00 999 9999.0  10.8 999.0   3.4 99.0 99.00
2019 10 19 14 45 250  3.1  5.1  0.10 99.00 99.00 999 9999.0  11.0 999.0   3.0 99.0 99.00
2019 10 19 15 20 230  3.6  6.2  0.10 99.00 99.00 999 9999.0  11.2 999.0   3.1 99.0 99.00
2019 10 19 15 45 230  3.6  5.1  0.10 99.00 99.00 999 9999.0  11.2 999.0   3.3 99.0 99.00
2019 10 19 16 20 240  4.6  6.7  0.20 99.00 99.00 999 9999.0  11.8 999.0   4.1 99.0 99.00
2019 10 19 17 00 230  4.6  6.2  0.20 99.00 99.00 999 9999.0  12.1 999.0   2.4 99.0 99.00
2019 10 19 17 20 210  4.6  6.7  0.20 99.00 99.00 999 9999.0  12.8 999.0   3.4 99.0 99.00
2019 10 19 18 00 210  4.1  5.7  0.20 99.00 99.00 999 9999.0  13.1 999.0   2.8 99.0 99.00
2019 10 19 18 20 220  4.1  5.1  0.10 99.00 99.00 999 9999.0  13.9 999.0   3.0 99.0 99.00
2019 10 19 19 00 220  4.1  5.1  0.10 99.00 99.00 999 9999.0  14.2 999.0   3.0 99.0 99.00
2019 10 19 19 20 210  4.1  5.7  0.20 99.00 99.00 999 9999.0  14.6 999.0   3.2 99.0 99.00
2019 10 19 20 00 210  4.1  5.7  0.20 99.00 99.00 999 9999.0  15.0 999.0   3.2 99.0 99.00
2019 10 19 20 20 210  3.6  5.7  0.10 99.00 99.00 999 9999.0  15.1 999.0   3.1 99.0 99.00
2019 10 19 20 50 200  3.6  5.1  0.10 99.00 99.00 999 9999.0  15.5 999.0   3.7 99.0 99.00
2019 10 19 21 00 200  3.6  5.1  0.10 99.00 99.00 999 9999.0  15.4 999.0   3.6 99.0 99.00
2019 10 19 21 50 180  4.1  5.1  0.10 99.00 99.00 999 9999.0  14.6 999.0   5.3 99.0 99.00
2019 10 19 22 00 170  3.6  5.1  0.10 99.00 99.00 999 9999.0  14.9 999.0   5.2 99.0 99.00
2019 10 19 22 50 300  8.8 12.4  0.40  2.00 99.00 999 9999.0  12.2 999.0   5.2 99.0 99.00
2019 10 19 23 00 180  5.1  6.2  0.10 99.00 99.00 999 9999.0  13.4 999.0   6.2 99.0 99.00
2019 10 19 23 20 190  4.6  6.2  0.10 99.00 99.00 999 9999.0  13.3 999.0   7.3 99.0 99.00
2019 10 19 23 50 300  8.2 10.8  0.40  3.00 99.00 999 9999.0  11.6 999.0   4.9 99.0 99.00
2019 10 20 00 00 190  5.1  6.2  0.10 99.00 99.00 999 9999.0  13.3 999.0   7.8 99.0 99.00
2019 10 20 00 50 180  1.5  2.6  0.00 99.00 99.00 999 9999.0  12.7 999.0   8.1 99.0 99.00
2019 10 20 01 00 190  2.6  3.1  0.10 99.00 99.00 999 9999.0  12.6 999.0   8.0 99.0 99.00
2019 10 20 01 50 170  2.1  3.1  0.10 99.00 99.00 999 9999.0  12.8 999.0   8.4 99.0 99.00
2019 10 20 02 00 170  2.1  2.6  0.10 99.00 99.00 999 9999.0  12.8 999.0   8.6 99.0 99.00
2019 10 20 03 00 200  2.1  4.1  0.00 99.00 99.00 999 9999.0  13.0 999.0   8.4 99.0 99.00
2019 10 20 03 20 210  2.1  2.6  0.00 99.00 99.00 999 9999.0  13.4 999.0   7.8 99.0 99.00
2019 10 20 03 50 200  2.6  4.1  0.00 99.00 99.00 999 9999.0  13.5 999.0   7.1 99.0 99.00
2019 10 20 04 00 200  2.6  3.6  0.00 99.00 99.00 999 9999.0  13.6 999.0   7.4 99.0 99.00
2019 10 20 04 45 350  2.1  3.1  0.00 99.00 99.00 999 9999.0  13.3 999.0   9.2 99.0 99.00
2019 10 20 04 50  10  1.0  2.1  0.00 99.00 99.00 999 9999.0  12.5 999.0   9.5 99.0 99.00
2019 10 20 05 30 360  1.0  1.5  0.00 99.00 99.00 999 9999.0  12.4 999.0   9.6 99.0 99.00
2019 10 20 05 50  50  1.0  2.6  0.00 99.00 99.00 999 9999.0  12.8 999.0  10.3 99.0 99.00
2019 10 20 06 45 200  1.5  2.6  0.00 99.00 99.00 999 9999.0  12.8 999.0   8.8 99.0 99.00
2019 10 20 06 50 180  1.0  1.5  0.00 99.00 99.00 999 9999.0  13.0 999.0   7.9 99.0 99.00
2019 10 20 07 45  30  1.5  3.1  0.00 99.00 99.00 999 9999.0  12.9 999.0   9.3 99.0 99.00
2019 10 20 07 50  20  2.1  3.1  0.00 99.00 99.00 999 9999.0  11.8 999.0   9.5 99.0 99.00
2019 10 20 08 45  30  1.5  2.6  0.00 99.00 99.00 999 9999.0  11.9 999.0   9.9 99.0 99.00
2019 10 20 08 50  30  2.6  3.6  0.00 99.00 99.00 999 9999.0  11.9 999.0  10.0 99.0 99.00
2019 10 20 09 45  60  2.6  3.6  0.10 99.00 99.00 999 9999.0  12.4 999.0  10.6 99.0 99.00
2019 10 20 09 50  70  3.1  4.6  0.00 99.00 99.00 999 9999.0  12.4 999.0  10.5 99.0 99.00
2019 10 20 10 45  90  4.1  5.1  0.00 99.00 99.00 999 9999.0  12.6 999.0  10.7 99.0 99.00
2019 10 20 10 50  80  4.1  5.1  0.10 99.00 99.00 999 9999.0  12.8 999.0  11.0 99.0 99.00
2019 10 20 11 45  70  3.6  5.1  0.10 99.00 99.00 999 9999.0  12.4 999.0  10.8 99.0 99.00
2019 10 20 11 50  60  4.6  6.2  0.20 99.00 99.00 999 9999.0  12.6 999.0  11.1 99.0 99.00
2019 10 20 12 45  40  5.1  7.2  0.10 99.00 99.00 999 9999.0  12.2 999.0  10.7 99.0 99.00
2019 10 20 12 50  40  4.1  5.7  0.20 99.00 99.00 999 9999.0  11.6 999.0  10.0 99.0 99.00
2019 10 20 13 45  60  4.6  6.2  0.20  3.00 99.00 999 9999.0  12.0 999.0  10.3 99.0 99.00
2019 10 20 13 50  70  5.1  7.2  0.20  3.00 99.00 999 9999.0  12.2 999.0  10.5 99.0 99.00
2019 10 20 14 30  70  4.6  6.7  0.30  3.00 99.00 999 9999.0  12.4 999.0  10.6 99.0 99.00
2019 10 20 14 50  90  5.7  7.7  0.30  3.00 99.00 999 9999.0  13.3 999.0  11.4 99.0 99.00
2019 10 20 15 45  80  5.7  7.7  0.40  3.00 99.00 999 9999.0  13.8 999.0  11.7 99.0 99.00
2019 10 20 15 50  80  5.1  7.2  0.40  3.00 99.00 999 9999.0  14.3 999.0  11.4 99.0 99.00
2019 10 20 16 45  80  4.6  6.2  0.30  3.00 99.00 999 9999.0  14.7 999.0  11.2 99.0 99.00
2019 10 20 16 50  70  4.6  6.7  0.40  3.00 99.00 999 9999.0  14.8 999.0  11.3 99.0 99.00
2019 10 20 17 45  60  5.7  7.2  0.40  3.00 99.00 999 9999.0  14.7 999.0  11.5 99.0 99.00
2019 10 20 17 50  60  5.7  7.2  0.30  3.00 99.00 999 9999.0  14.7 999.0  12.0 99.0 99.00
2019 10 20 18 45  60  6.2  7.7  0.30  3.00 99.00 999 9999.0  14.7 999.0  12.1 99.0 99.00
2019 10 20 18 50  60  5.7  7.2  0.30  2.00 99.00 999 9999.0  14.8 999.0  12.3 99.0 99.00
2019 10 20 19 45  90  4.6  6.2  0.30  3.00 99.00 999 9999.0  14.8 999.0  11.8 99.0 99.00
2019 10 20 19 50  90  4.1  5.1  0.20 99.00 99.00 999 9999.0  14.6 999.0  11.1 99.0 99.00
2019 10 20 20 45  80  5.1  7.2  0.20 99.00 99.00 999 9999.0  14.6 999.0  11.6 99.0 99.00
2019 10 20 20 50  80  5.7  7.2  0.20 99.00 99.00 999 9999.0  14.3 999.0  11.5 99.0 99.00
2019 10 20 21 45  90  5.7  7.2  0.20 99.00 99.00 999 9999.0  14.4 999.0  11.5 99.0 99.00
2019 10 20 21 50 100  4.1  5.7  0.20 99.00 99.00 999 9999.0  14.0 999.0  10.2 99.0 99.00
2019 10 20 22 45 110  5.7  7.7  0.20 99.00 99.00 999 9999.0  14.0 999.0  11.8 99.0 99.00
2019 10 20 23 45 100  6.7  9.8  0.30  3.00 99.00 999 9999.0  13.2 999.0  10.7 99.0 99.00
2019 10 20 23 50 190  3.6  5.7  0.10 99.00 99.00 999 9999.0  13.0 999.0   7.8 99.0 99.00
2019 10 21 00 45  70  7.7 11.3  0.60  4.00 99.00 999 9999.0  13.6 999.0  10.2 99.0 99.00
2019 10 21 00 50  60  7.7  9.8  0.70  4.00 99.00 999 9999.0  13.4 999.0  11.0 99.0 99.00
2019 10 21 01 45  60  8.2 10.8  0.80  4.00 99.00 999 9999.0  13.1 999.0  10.7 99.0 99.00
2019 10 21 01 50  60  8.8 11.8  0.80  4.00 99.00 999 9999.0  12.9 999.0  10.0 99.0 99.00
2019 10 21 02 45  50  8.2 10.8  0.80  4.00 99.00 999 9999.0  12.8 999.0  10.1 99.0 99.00
2019 10 21 02 50  60  8.8 12.4  0.80  4.00 99.00 999 9999.0  12.8 999.0  10.4 99.0 99.00
2019 10 21 03 45  60  9.3 11.8  0.80  4.00 99.00 999 9999.0  12.8 999.0  10.2 99.0 99.00
2019 10 21 03 50  50  8.2 11.3  0.90  4.00 99.00 999 9999.0  12.6 999.0  10.4 99.0 99.00
2019 10 21 04 45  40  7.7 11.3  0.80  4.00 99.00 999 9999.0  12.5 999.0  10.4 99.0 99.00
2019 10 21 04 50  50  8.2 11.8  0.80  4.00 99.00 999 9999.0  12.4 999.0  10.4 99.0 99.00
2019 10 21 05 45  50  8.8 11.3  0.80  4.00 99.00 999 9999.0  12.8 999.0  10.2 99.0 99.00
2019 10 21 05 50  50  7.7 10.8  0.80  4.00 99.00 999 9999.0  12.6 999.0   9.8 99.0 99.00
2019 10 21 06 45  30  7.2 10.3  0.70  4.00 99.00 999 9999.0  12.8 999.0   9.7 99.0 99.00
2019 10 21 06 50  30  7.2  9.8  0.60  4.00 99.00 999 9999.0  12.8 999.0   9.6 99.0 99.00
2019 10 21 07 45  30  7.2 10.3  0.60  4.00 99.00 999 9999.0  12.8 999.0   9.7 99.0 99.00
2019 10 21 07 50  20  7.7  9.8  0.60  5.00 99.00 999 9999.0  12.6 999.0   9.7 99.0 99.00
2019 10 21 08 45  10  7.7  9.8  0.60  5.00 99.00 999 9999.0  12.3 999.0   9.6 99.0 99.00
2019 10 21 08 50  30  7.7 11.3  0.50  4.00 99.00 999 9999.0  12.2 999.0   9.4 99.0 99.00
2019 10 21 09 45  30  8.2 10.8  0.50  5.00 99.00 999 9999.0  12.4 999.0   9.1 99.0 99.00
2019 10 21 09 50  20  7.7 10.3  0.50  3.00 99.00 999 9999.0  12.1 999.0   8.9 99.0 99.00
2019 10 21 10 45  20  7.7 10.3  0.50  4.00 99.00 999 9999.0  12.2 999.0   8.8 99.0 99.00
2019 10 21 10 50  10  7.7  9.8  0.50  4.00 99.00 999 9999.0  12.0 999.0   8.6 99.0 99.00
2019 10 21 11 45  10  7.7 10.3  0.50  3.00 99.00 999 9999.0  12.4 999.0   8.6 99.0 99.00
2019 10 21 11 50  30  8.2 11.8  0.50  4.00 99.00 999 9999.0  13.2 999.0   9.0 99.0 99.00
2019 10 21 12 45  30  8.2 10.8  0.60  4.00 99.00 999 9999.0  13.4 999.0   8.8 99.0 99.00
2019 10 21 12 50  40  7.7 10.3  0.60  4.00 99.00 999 9999.0  13.9 999.0   8.7 99.0 99.00
2019 10 21 13 45  50  7.2  9.8  0.60  4.00 99.00 999 9999.0  14.1 999.0   8.6 99.0 99.00
2019 10 21 13 50  40  6.7  9.3  0.70  4.00 99.00 999 9999.0  14.4 999.0   8.6 99.0 99.00
2019 10 21 14 45  60  6.7  9.3  0.70  4.00 99.00 999 9999.0  14.9 999.0   8.5 99.0 99.00
2019 10 21 14 50  60  5.1  6.7  0.60  4.00 99.00 999 9999.0  15.1 999.0   8.3 99.0 99.00
2019 10 21 15 45  70  4.1  5.7  0.60  5.00 99.00 999 9999.0  15.4 999.0   8.4 99.0 99.00
2019 10 21 15 50  90  3.6  4.6  0.60  4.00 99.00 999 9999.0  15.6 999.0   8.8 99.0 99.00
2019 10 21 16 45 100  3.1  4.1  0.60  4.00 99.00 999 9999.0  15.9 999.0   9.0 99.0 99.00
2019 10 21 16 50 110  4.1  5.1  0.50  4.00 99.00 999 9999.0  16.0 999.0   9.2 99.0 99.00
2019 10 21 17 45 110  4.6  6.2  0.50  4.00 99.00 999 9999.0  16.2 999.0   9.6 99.0 99.00
2019 10 21 17 50 110  4.1  5.7  0.40  5.00 99.00 999 9999.0  16.4 999.0   9.4 99.0 99.00
2019 10 21 18 45 100  5.1  6.7  0.40  4.00 99.00 999 9999.0  16.6 999.0   9.5 99.0 99.00
2019 10 21 18 50 100  5.7  7.2  0.40  4.00 99.00 999 9999.0  16.8 999.0   9.5 99.0 99.00
2019 10 21 19 45 100  4.6  5.7  0.30  3.00 99.00 999 9999.0  17.5 999.0   8.4 99.0 99.00
2019 10 21 19 50 100  4.1  5.7  0.30  4.00 99.00 999 9999.0  17.9 999.0   9.2 99.0 99.00
2019 10 21 20 45 120  3.6  4.6  0.30  4.00 99.00 999 9999.0  18.2 999.0   8.7 99.0 99.00
2019 10 21 20 50 130  4.6  5.7  0.30  4.00 99.00 999 9999.0  18.0 999.0   9.3 99.0 99.00
2019 10 21 21 45 150  3.6  4.6  0.30  4.00 99.00 999 9999.0  17.7 999.0   9.2 99.0 99.00
2019 10 21 21 50 150  3.1  3.6  0.20 99.00 99.00 999 9999.0  17.2 999.0   9.2 99.0 99.00
2019 10 21 22 45 150  1.5  3.1  0.20 99.00 99.00 999 9999.0  16.8 999.0   9.0 99.0 99.00
2019 10 21 22 50 110  6.7  9.3  0.20 99.00 99.00 999 9999.0  13.2 999.0  10.8 99.0 99.00
2019 10 21 23 45  30  1.5  2.1  0.20 99.00 99.00 999 9999.0  16.7 999.0   9.0 99.0 99.00
2019 10 21 23 50  80  8.2 10.3  0.40  3.00 99.00 999 9999.0  13.7 999.0  10.9 99.0 99.00
2019 10 22 00 45  30  2.6  3.6  0.10 99.00 99.00 999 9999.0  16.2 999.0  11.7 99.0 99.00
2019 10 22 00 50  50  2.1  3.1  0.10 99.00 99.00 999 9999.0  16.1 999.0  12.1 99.0 99.00
2019 10 22 01 45 330  2.6  3.1  0.10 99.00 99.00 999 9999.0  14.8 999.0  11.6 99.0 99.00
2019 10 22 01 50 350  1.0  2.1  0.10 99.00 99.00 999 9999.0  14.3 999.0  11.4 99.0 99.00
2019 10 22 02 15 350  1.0  2.1  0.10 99.00 99.00 999 9999.0  14.3 999.0  11.4 99.0 99.00
2019 10 22 02 50  10  1.0  2.1  0.10 99.00 99.00 999 9999.0  14.7 999.0  11.8 99.0 99.00
2019 10 22 03 45 100  3.1  3.6  0.10 99.00 99.00 999 9999.0  14.6 999.0  10.0 99.0 99.00
2019 10 22 03 50 110  2.1  3.1  0.10 99.00 99.00 999 9999.0  14.6 999.0  10.3 99.0 99.00
2019 10 22 04 45 110  1.5  2.6  0.10 99.00 99.00 999 9999.0  14.4 999.0  10.2 99.0 99.00
2019 10 22 04 50  60  2.1  4.1  0.10 99.00 99.00 999 9999.0  14.4 999.0  10.6 99.0 99.00
2019 10 22 05 45  70  5.7  7.2  0.10 99.00 99.00 999 9999.0  14.4 999.0  10.2 99.0 99.00
2019 10 22 05 50  60  6.2  8.8  0.30  2.00 99.00 999 9999.0  14.0 999.0   9.3 99.0 99.00
2019 10 22 06 45  60  6.2  8.2  0.50  4.00 99.00 999 9999.0  13.8 999.0   8.4 99.0 99.00
2019 10 22 06 50  70  7.2  9.3  0.70  4.00 99.00 999 9999.0  14.2 999.0   9.0 99.0 99.00
2019 10 22 07 45  60  6.2  9.3  0.60  3.00 99.00 999 9999.0  14.1 999.0   8.9 99.0 99.00
2019 10 22 07 50  60  6.7  8.8  0.60  4.00 99.00 999 9999.0  13.8 999.0   8.6 99.0 99.00
2019 10 22 08 45  60  5.1  7.2  0.50  4.00 99.00 999 9999.0  13.6 999.0   8.2 99.0 99.00
2019 10 22 08 50  40  5.7  7.2  0.40  4.00 99.00 999 9999.0  13.2 999.0   7.5 99.0 99.00
2019 10 22 09 45  50  5.1  6.7  0.40  4.00 99.00 999 9999.0  13.2 999.0   7.5 99.0 99.00
2019 10 22 09 50  70  6.2  8.2  0.40  3.00 99.00 999 9999.0  13.7 999.0   9.0 99.0 99.00
2019 10 22 10 45 100  6.7  8.2  0.40  4.00 99.00 999 9999.0  14.4 999.0  11.3 99.0 99.00
2019 10 22 10 50 100  6.7  9.3  0.40  3.00 99.00 999 9999.0  14.4 999.0  11.9 99.0 99.00
2019 10 22 11 45  70  4.6  7.7  0.40  4.00 99.00 999 9999.0  13.8 999.0  11.5 99.0 99.00
2019 10 22 11 50  50  5.7  7.7  0.40  3.00 99.00 999 9999.0  12.9 999.0   9.4 99.0 99.00
2019 10 22 12 45  80  7.7 10.3  0.40  3.00 99.00 999 9999.0  13.6 999.0  10.0 99.0 99.00
2019 10 22 12 50  80  7.7 10.8  0.50  4.00 99.00 999 9999.0  13.9 999.0  11.2 99.0 99.00
2019 10 22 13 45  80  6.7  9.3  0.60  4.00 99.00 999 9999.0  14.0 999.0  11.6 99.0 99.00
2019 10 22 13 50 100  6.7  9.8  0.60  4.00 99.00 999 9999.0  14.4 999.0  11.9 99.0 99.00
2019 10 22 14 45 100  5.7  8.2  0.50  4.00 99.00 999 9999.0  14.5 999.0  12.2 99.0 99.00
2019 10 22 14 50  90  6.2  9.3  0.60  4.00 99.00 999 9999.0  14.4 999.0  12.4 99.0 99.00
2019 10 22 15 45  80  7.2  9.8  0.70  4.00 99.00 999 9999.0  14.0 999.0  12.6 99.0 99.00
2019 10 22 15 50  80  7.2  9.8  0.60  4.00 99.00 999 9999.0  14.0 999.0  12.9 99.0 99.00
2019 10 22 16 45  90  7.7  9.8  0.70  4.00 99.00 999 9999.0  14.4 999.0  13.4 99.0 99.00
2019 10 22 16 50 100  7.7  9.8  0.60  4.00 99.00 999 9999.0  14.6 999.0  13.5 99.0 99.00
2019 10 22 17 45  90  8.2 10.3  0.70  4.00 99.00 999 9999.0  14.8 999.0  13.7 99.0 99.00
2019 10 22 18 45  90  8.2 10.8  0.70  5.00 99.00 999 9999.0  15.1 999.0  14.1 99.0 99.00
2019 10 22 18 50  90  8.8 11.3  0.80  4.00 99.00 999 9999.0  15.4 999.0  14.3 99.0 99.00
2019 10 22 20 45  90  8.2 10.3  0.90  5.00 99.00 999 9999.0  15.4 999.0  14.4 99.0 99.00
2019 10 22 20 50 100  7.7 10.3  0.90  5.00 99.00 999 9999.0  15.6 999.0  14.4 99.0 99.00
2019 10 22 22 45  90  8.2 10.3  0.70  5.00 99.00 999 9999.0  15.4 999.0  14.1 99.0 99.00
2019 10 22 22 50   0  0.0  1.0  0.20 99.00 99.00 999 9999.0  16.5 999.0   8.3 99.0 99.00
2019 10 22 23 50  30  1.5  2.1  0.20 99.00 99.00 999 9999.0  16.7 999.0   9.0 99.0 99.00
2019 10 23 00 00 100  6.2  8.2  0.80  5.00 99.00 999 9999.0  15.3 999.0  14.4 99.0 99.00
2019 10 23 01 45 100  7.2  9.3  0.70  5.00 99.00 999 9999.0  15.4 999.0  14.7 99.0 99.00
2019 10 23 04 50  70  3.6  5.1  0.70  4.00 99.00 999 9999.0  16.6 999.0  16.1 99.0 99.00
2019 10 23 05 50  30  2.1  3.1  0.60  5.00 99.00 999 9999.0  16.8 999.0  16.2 99.0 99.00
2019 10 23 06 00  30  2.6  4.1  0.60  5.00 99.00 999 9999.0  16.7 999.0  16.2 99.0 99.00
2019 10 23 06 50 330  8.8 11.3  0.60  5.00 99.00 999 9999.0  15.4 999.0  14.9 99.0 99.00
2019 10 23 07 00 320  8.2 11.3  0.60  4.00 99.00 999 9999.0  15.9 999.0  15.4 99.0 99.00
2019 10 23 07 50 340  6.2  8.2  0.50  5.00 99.00 999 9999.0  16.2 999.0  13.1 99.0 99.00
2019 10 23 09 50 290  4.6  6.2  0.20 99.00 99.00 999 9999.0  15.4 999.0  12.5 99.0 99.00
2019 10 23 10 50 290  4.6  6.2  0.20 99.00 99.00 999 9999.0  15.0 999.0  12.4 99.0 99.00
2019 10 23 11 00 290  4.1  5.1  0.20 99.00 99.00 999 9999.0  15.1 999.0  12.4 99.0 99.00
2019 10 23 11 45 260  3.6  5.7  0.20 99.00 99.00 999 9999.0  14.9 999.0  12.3 99.0 99.00
2019 10 23 11 50 270  4.6  5.7  0.10 99.00 99.00 999 9999.0  15.1 999.0  12.4 99.0 99.00
2019 10 23 12 45 280  4.1  5.1  0.10 99.00 99.00 999 9999.0  15.5 999.0  12.1 99.0 99.00
2019 10 23 12 50 260  4.6  6.2  0.10 99.00 99.00 999 9999.0  15.5 999.0  11.8 99.0 99.00
2019 10 23 13 45 270  3.6  6.2  0.10 99.00 99.00 999 9999.0  16.0 999.0  10.9 99.0 99.00
2019 10 23 13 50 280  4.6  7.7  0.10 99.00 99.00 999 9999.0  16.5 999.0   9.8 99.0 99.00
2019 10 23 14 15 280  4.6  7.7  0.10 99.00 99.00 999 9999.0  16.5 999.0   9.8 99.0 99.00
2019 10 23 14 50 290  6.7  8.8  0.20 99.00 99.00 999 9999.0  17.2 999.0   6.8 99.0 99.00
2019 10 23 15 45 290  7.2 11.3  0.30  2.00 99.00 999 9999.0  17.4 999.0   6.2 99.0 99.00
2019 10 23 15 50 300  8.2 11.8  0.30  2.00 99.00 999 9999.0  17.4 999.0   6.7 99.0 99.00
2019 10 23 16 30 280  8.2 11.3  0.30  2.00 99.00 999 9999.0  17.4 999.0   6.8 99.0 99.00
2019 10 23 16 50 290  8.2 10.8  0.40  2.00 99.00 999 9999.0  17.2 999.0   6.5 99.0 99.00
2019 10 23 17 45 290  7.2 10.3  0.40  2.00 99.00 999 9999.0  17.7 999.0   5.2 99.0 99.00
2019 10 23 17 50 290  8.2 10.8  0.30  2.00 99.00 999 9999.0  17.8 999.0   4.4 99.0 99.00
2019 10 23 18 45 280  7.7 11.3  0.40  2.00 99.00 999 9999.0  17.9 999.0   4.8 99.0 99.00
2019 10 23 18 50 270  7.7 11.3  0.30  2.00 99.00 999 9999.0  18.2 999.0   4.6 99.0 99.00
2019 10 23 19 45 280  7.2 10.3  0.30  2.00 99.00 999 9999.0  18.4 999.0   3.8 99.0 99.00
2019 10 23 20 20 280  6.2  8.2  0.20  3.00 99.00 999 9999.0  18.7 999.0   4.0 99.0 99.00
2019 10 23 20 45 280  5.1  8.2  0.20 99.00 99.00 999 9999.0  18.7 999.0   3.8 99.0 99.00
2019 10 23 21 20 270  7.7 10.3  0.30  3.00 99.00 999 9999.0  18.2 999.0   5.1 99.0 99.00
2019 10 23 21 45 270  7.2 10.3  0.30  3.00 99.00 999 9999.0  18.1 999.0   5.3 99.0 99.00
2019 10 23 22 20 270  7.2  9.8  0.40  3.00 99.00 999 9999.0  17.5 999.0   5.2 99.0 99.00
2019 10 23 22 45 270  6.7  8.8  0.30  3.00 99.00 999 9999.0  17.4 999.0   5.1 99.0 99.00
2019 10 23 23 20 260  5.7  7.7  0.30  3.00 99.00 999 9999.0  16.9 999.0   6.1 99.0 99.00
2019 10 23 23 45 260  5.7  7.7  0.30  3.00 99.00 999 9999.0  16.9 999.0   5.7 99.0 99.00
2019 10 24 00 45 270  5.1  6.7  0.20  3.00 99.00 999 9999.0  16.4 999.0   5.8 99.0 99.00
2019 10 24 00 50 260  5.7  7.7  0.20 99.00 99.00 999 9999.0  16.2 999.0   5.5 99.0 99.00
2019 10 24 01 45 270  7.2  9.3  0.20 99.00 99.00 999 9999.0  15.9 999.0   5.1 99.0 99.00
2019 10 24 01 50 270  6.2  7.7  0.20 99.00 99.00 999 9999.0  15.7 999.0   4.1 99.0 99.00
2019 10 24 02 45 270  6.2  7.7  0.20 99.00 99.00 999 9999.0  15.6 999.0   4.4 99.0 99.00
2019 10 24 02 50 260  6.2  7.7  0.20 99.00 99.00 999 9999.0  15.4 999.0   4.1 99.0 99.00
2019 10 24 03 45 270  6.2  7.2  0.20 99.00 99.00 999 9999.0  14.9 999.0   4.2 99.0 99.00
2019 10 24 03 50 260  4.1  5.7  0.10 99.00 99.00 999 9999.0  14.2 999.0   3.4 99.0 99.00
2019 10 24 04 45 270  5.1  6.7  0.10 99.00 99.00 999 9999.0  14.1 999.0   3.8 99.0 99.00
2019 10 24 04 50 270  5.1  6.2  0.10 99.00 99.00 999 9999.0  14.0 999.0   3.9 99.0 99.00
2019 10 24 05 45 270  5.1  6.2  0.10 99.00 99.00 999 9999.0  13.7 999.0   3.7 99.0 99.00
2019 10 24 05 50 290  4.1  5.1  0.10 99.00 99.00 999 9999.0  13.1 999.0   3.6 99.0 99.00
2019 10 24 06 45 300  4.6  6.2  0.10 99.00 99.00 999 9999.0  12.9 999.0   3.5 99.0 99.00
2019 10 24 06 50 310  4.1  5.1  0.10 99.00 99.00 999 9999.0  12.3 999.0   3.9 99.0 99.00
2019 10 24 07 45 300  5.1  6.2  0.00 99.00 99.00 999 9999.0  12.4 999.0   3.8 99.0 99.00
2019 10 24 07 50 320  3.6  4.6  0.00 99.00 99.00 999 9999.0  12.2 999.0   3.7 99.0 99.00
2019 10 24 08 50 280  3.1  4.1  0.00 99.00 99.00 999 9999.0  12.1 999.0   4.3 99.0 99.00
2019 10 24 09 00 290  3.6  4.6  0.10 99.00 99.00 999 9999.0  12.1 999.0   4.1 99.0 99.00
2019 10 24 09 50 280  1.5  2.6  0.00 99.00 99.00 999 9999.0  12.2 999.0   4.7 99.0 99.00
2019 10 24 10 00 300  1.5  2.1  0.00 99.00 99.00 999 9999.0  12.1 999.0   3.6 99.0 99.00
2019 10 24 10 50 230  2.1  3.6  0.00 99.00 99.00 999 9999.0  12.8 999.0   4.7 99.0 99.00
2019 10 24 11 00 250  1.5  3.1  0.10 99.00 99.00 999 9999.0  12.5 999.0   4.2 99.0 99.00
2019 10 24 11 50 210  3.6  4.6  0.10 99.00 99.00 999 9999.0  13.0 999.0   6.7 99.0 99.00
2019 10 24 12 00 200  2.6  3.6  0.20 99.00 99.00 999 9999.0  12.6 999.0   6.6 99.0 99.00
2019 10 24 12 50 250  4.1  5.1  0.10 99.00 99.00 999 9999.0  14.3 999.0   3.6 99.0 99.00
2019 10 24 13 00 260  4.6  5.7  0.10 99.00 99.00 999 9999.0  14.1 999.0   3.0 99.0 99.00
2019 10 24 13 45 260  3.6  4.6  0.10 99.00 99.00 999 9999.0  14.4 999.0   3.1 99.0 99.00
2019 10 24 13 50 250  3.1  4.6  0.20 99.00 99.00 999 9999.0  14.6 999.0   4.7 99.0 99.00
2019 10 24 14 45 230  3.1  3.6  0.10 99.00 99.00 999 9999.0  15.0 999.0   4.4 99.0 99.00
2019 10 24 14 50 230  3.1  3.6  0.10 99.00 99.00 999 9999.0  15.1 999.0   4.3 99.0 99.00
2019 10 24 15 45 210  3.1  4.1  0.10 99.00 99.00 999 9999.0  15.5 999.0   3.5 99.0 99.00
2019 10 24 15 50 230  4.1  4.6  0.10 99.00 99.00 999 9999.0  15.9 999.0   3.8 99.0 99.00
2019 10 24 16 45 240  3.6  4.1  0.10 99.00 99.00 999 9999.0  16.5 999.0   5.3 99.0 99.00
2019 10 24 16 50 260  2.6  3.6  0.20 99.00 99.00 999 9999.0  16.9 999.0   5.8 99.0 99.00
2019 10 24 17 45 260  2.6  3.6  0.10 99.00 99.00 999 9999.0  17.3 999.0   5.6 99.0 99.00
2019 10 24 17 50 250  3.6  5.1  0.10 99.00 99.00 999 9999.0  17.8 999.0   5.1 99.0 99.00
2019 10 24 18 15 230  4.1  5.7  0.10 99.00 99.00 999 9999.0  18.2 999.0   5.4 99.0 99.00
2019 10 24 19 20 210  5.1  6.7  0.10 99.00 99.00 999 9999.0  18.8 999.0   4.3 99.0 99.00
2019 10 24 19 30 210  5.1  6.7  0.10 99.00 99.00 999 9999.0  18.8 999.0   4.3 99.0 99.00
2019 10 24 23 50 260  5.7  7.2  0.30  3.00 99.00 999 9999.0  16.8 999.0   5.9 99.0 99.00
2019 10 30 13 15  60  4.6  5.7  0.10 99.00 99.00 999 9999.0  15.1 999.0  14.7 99.0 99.00
2019 10 30 14 20  70  4.1  5.1  0.20 99.00 99.00 999 9999.0  15.2 999.0  14.8 99.0 99.00
2019 10 30 15 00  70  5.1  6.2  0.20 99.00 99.00 999 9999.0  15.4 999.0  14.9 99.0 99.00
2019 10 30 15 20  70  5.1  6.2  0.20 99.00 99.00 999 9999.0  15.5 999.0  15.1 99.0 99.00
2019 10 30 16 00  80  5.7  7.2  0.20 99.00 99.00 999 9999.0  15.6 999.0  15.1 99.0 99.00
2019 10 30 16 20  60  4.6  6.2  0.30  2.00 99.00 999 9999.0  15.4 999.0  15.0 99.0 99.00
2019 10 30 17 00  60  5.7  7.2  0.20 99.00 99.00 999 9999.0  15.6 999.0  15.2 99.0 99.00
2019 10 30 17 20  60  5.7  6.7  0.20 99.00 99.00 999 9999.0  15.8 999.0  15.4 99.0 99.00
2019 10 30 18 00  60  5.1  6.7  0.20 99.00 99.00 999 9999.0  15.9 999.0  15.5 99.0 99.00
2019 10 30 18 20  60  5.7  7.2  0.20 99.00 99.00 999 9999.0  16.0 999.0  15.5 99.0 99.00
2019 10 30 19 00  60  6.2  8.2  0.30  3.00 99.00 999 9999.0  16.0 999.0  15.6 99.0 99.00
2019 10 30 19 20  60  6.2  8.2  0.30  3.00 99.00 999 9999.0  16.1 999.0  15.6 99.0 99.00
2019 10 30 20 00  60  6.2  8.2  0.30  3.00 99.00 999 9999.0  16.0 999.0  15.6 99.0 99.00
2019 10 30 20 20  60  6.2  8.2  0.30  3.00 99.00 999 9999.0  15.9 999.0  15.5 99.0 99.00
2019 10 30 20 45  60  6.2  8.2  0.30  3.00 99.00 999 9999.0  15.9 999.0  15.4 99.0 99.00
2019 10 30 21 20  70  6.2  8.2  0.40  3.00 99.00 999 9999.0  15.9 999.0  15.4 99.0 99.00
2019 10 30 22 00  60  6.2  8.8  0.50  4.00 99.00 999 9999.0  15.9 999.0  15.4 99.0 99.00
2019 10 30 22 20  70  6.2  8.2  0.40  3.00 99.00 999 9999.0  15.9 999.0  15.5 99.0 99.00
2019 10 30 23 00  90  6.2  7.7  0.40  4.00 99.00 999 9999.0  16.0 999.0  15.5 99.0 99.00
2019 10 30 23 20  80  5.7  7.2  0.50  4.00 99.00 999 9999.0  16.0 999.0  15.6 99.0 99.00
2019 10 31 00 00  90  4.6  6.7  0.50  4.00 99.00 999 9999.0  16.1 999.0  15.7 99.0 99.00
2019 10 31 00 20  80  4.1  6.2  0.60  4.00 99.00 999 9999.0  16.2 999.0  15.8 99.0 99.00
2019 10 31 01 00  70  4.6  6.7  0.60  4.00 99.00 999 9999.0  16.2 999.0  15.8 99.0 99.00
2019 10 31 01 20  80  2.6  4.1  0.60  4.00 99.00 999 9999.0  16.2 999.0  15.9 99.0 99.00
2019 10 31 02 00  80  3.1  4.1  0.50  4.00 99.00 999 9999.0  16.2 999.0  15.9 99.0 99.00
2019 10 31 02 20  90  2.6  3.6  0.50  4.00 99.00 999 9999.0  16.2 999.0  15.9 99.0 99.00
2019 10 31 03 00 190  2.1  3.1  0.40  4.00 99.00 999 9999.0  16.1 999.0  15.8 99.0 99.00
2019 10 31 03 20 220  3.1  4.1  0.40  3.00 99.00 999 9999.0  15.9 999.0  15.7 99.0 99.00
2019 10 31 04 00 220  2.6  3.1  0.30  4.00 99.00 999 9999.0  15.9 999.0  15.7 99.0 99.00
2019 10 31 04 20 220  2.6  3.1  0.30  4.00 99.00 999 9999.0  16.0 999.0  15.8 99.0 99.00
2019 10 31 05 00 200  2.1  2.6  0.20 99.00 99.00 999 9999.0  16.1 999.0  15.9 99.0 99.00
2019 10 31 05 20 200  1.5  2.1  0.20 99.00 99.00 999 9999.0  16.1 999.0  15.9 99.0 99.00
2019 10 31 06 00 180  2.6  3.1  0.20 99.00 99.00 999 9999.0  16.3 999.0  16.0 99.0 99.00
2019 10 31 06 20 180  2.6  3.6  0.20 99.00 99.00 999 9999.0  16.4 999.0  16.1 99.0 99.00
2019 10 31 07 00 180  3.6  5.1  0.20 99.00 99.00 999 9999.0  16.4 999.0  16.1 99.0 99.00
2019 10 31 07 20 190  3.1  4.1  0.10 99.00 99.00 999 9999.0  16.3 999.0  16.0 99.0 99.00
2019 10 31 08 00 180  3.6  5.7  0.10 99.00 99.00 999 9999.0  16.3 999.0  15.9 99.0 99.00
2019 10 31 08 20 170  3.1  4.1  0.10 99.00 99.00 999 9999.0  16.3 999.0  15.6 99.0 99.00
2019 10 31 09 00 150  3.1  3.6  0.10 99.00 99.00 999 9999.0  16.4 999.0  15.5 99.0 99.00
2019 10 31 09 20 140  1.5  2.6  0.10 99.00 99.00 999 9999.0  16.4 999.0  15.4 99.0 99.00
2019 10 31 10 00 160  1.5  2.6  0.10 99.00 99.00 999 9999.0  16.0 999.0  15.1 99.0 99.00
2019 10 31 10 20 170  2.1  3.6  0.10 99.00 99.00 999 9999.0  16.3 999.0  15.2 99.0 99.00
2019 10 31 11 00 290  1.0  3.6  0.10 99.00 99.00 999 9999.0  16.8 999.0  15.8 99.0 99.00
2019 10 31 11 20 190  4.6  7.2  0.10 99.00 99.00 999 9999.0  18.0 999.0  17.1 99.0 99.00
2019 10 31 12 00 190  7.7 10.8  0.10 99.00 99.00 999 9999.0  18.7 999.0  17.8 99.0 99.00
2019 10 31 12 20 190  8.2 12.4  0.30  2.00 99.00 999 9999.0  18.8 999.0  17.9 99.0 99.00
2019 10 31 13 00 200  8.2 11.8  0.40  3.00 99.00 999 9999.0  18.8 999.0  17.8 99.0 99.00
2019 10 31 13 20 200  8.2 11.8  0.40  3.00 99.00 999 9999.0  18.7 999.0  17.8 99.0 99.00
2019 10 31 14 00 200  7.2 12.4  0.40  3.00 99.00 999 9999.0  18.9 999.0  17.7 99.0 99.00
2019 10 31 14 20 190  8.8 12.9  0.40  3.00 99.00 999 9999.0  19.0 999.0  17.9 99.0 99.00
2019 10 31 15 00 200  9.8 14.9  0.40  3.00 99.00 999 9999.0  19.3 999.0  17.9 99.0 99.00
2019 10 31 15 20 200 10.3 13.9  0.60  3.00 99.00 999 9999.0  19.4 999.0  17.9 99.0 99.00
2019 10 31 16 00 190  9.8 13.9  0.50  3.00 99.00 999 9999.0  19.5 999.0  17.9 99.0 99.00
2019 10 31 16 20 190 10.8 14.9  0.50  3.00 99.00 999 9999.0  19.4 999.0  18.0 99.0 99.00
2019 10 31 17 00 190 10.8 14.9  0.60  3.00 99.00 999 9999.0  19.7 999.0  17.9 99.0 99.00
2019 10 31 17 20 190 10.3 14.9  0.70  3.00 99.00 999 9999.0  19.8 999.0  17.9 99.0 99.00
2019 10 31 18 00 190 11.3 16.0  0.60  3.00 99.00 999 9999.0  20.2 999.0  18.1 99.0 99.00
2019 10 31 18 20 190 11.3 16.5  0.70  3.00 99.00 999 9999.0  20.1 999.0  18.0 99.0 99.00
2019 10 31 19 00 190 11.8 17.5  0.80  3.00 99.00 999 9999.0  20.0 999.0  18.0 99.0 99.00
2019 10 31 19 20 190 13.4 19.0  0.80  3.00 99.00 999 9999.0  20.2 999.0  18.2 99.0 99.00
2019 10 31 20 00 190 13.4 21.6  0.90  3.00 99.00 999 9999.0  20.1 999.0  18.2 99.0 99.00
2019 10 31 20 20 190 12.9 20.6  0.90  3.00 99.00 999 9999.0  20.3 999.0  18.3 99.0 99.00
2019 10 31 21 00 190 12.9 20.1  0.90  3.00 99.00 999 9999.0  20.4 999.0  18.5 99.0 99.00
2019 10 31 21 20 190 13.4 21.1  0.90  3.00 99.00 999 9999.0  20.2 999.0  18.4 99.0 99.00
2019 10 31 22 00 190 13.9 20.6  1.00  3.00 99.00 999 9999.0  20.1 999.0  18.4 99.0 99.00
2019 10 31 22 20 190 13.4 23.7  1.00  3.00 99.00 999 9999.0  19.9 999.0  18.4 99.0 99.00
