#YY  MM DD hh mm WDIR WSPD GST  WVHT   DPD   APD MWD   PRES  ATMP  WTMP  DEWP  VIS  TIDE
#yr  mo dy hr mn degT m/s  m/s     m   sec   sec deg    hPa  degC  degC  degC  nmi    ft
2019 01 01 00 45 110  5.1  6.7  0.20 99.00 99.00 999 9999.0   5.3 999.0   4.8 99.0 99.00
2019 01 01 00 50 100  4.1  6.2  0.20 99.00 99.00 999 9999.0   5.6 999.0   5.2 99.0 99.00
2019 01 01 01 45 100  3.6  5.7  0.20 99.00 99.00 999 9999.0   6.1 999.0   5.8 99.0 99.00
2019 01 01 01 50 120  4.6  6.2  0.20 99.00 99.00 999 9999.0   6.3 999.0   6.0 99.0 99.00
2019 01 01 02 45 110  4.6  6.2  0.20 99.00 99.00 999 9999.0   6.5 999.0   6.1 99.0 99.00
2019 01 01 02 50 130  8.2 11.3  0.20 99.00 99.00 999 9999.0   6.7 999.0   6.1 99.0 99.00
2019 01 01 03 45 120  7.2 10.8  0.20 99.00 99.00 999 9999.0   7.0 999.0   5.9 99.0 99.00
2019 01 01 03 50 120  6.2  8.8  0.30  2.00 99.00 999 9999.0   7.0 999.0   6.2 99.0 99.00
2019 01 01 04 30 100  3.1  6.7  0.40  4.00 99.00 999 9999.0   7.1 999.0   6.3 99.0 99.00
2019 01 01 04 50  70  3.6  5.7  0.40  4.00 99.00 999 9999.0   7.0 999.0   6.6 99.0 99.00
2019 01 01 05 45  50  4.1  5.7  0.30  3.00 99.00 999 9999.0   6.2 999.0   5.9 99.0 99.00
2019 01 01 05 50  50  3.6  5.1  0.30  3.00 99.00 999 9999.0   6.2 999.0   5.9 99.0 99.00
2019 01 01 06 45  50  3.6  5.1  0.30  4.00 99.00 999 9999.0   6.1 999.0   5.9 99.0 99.00
2019 01 01 06 50  70  2.6  3.6  0.40  4.00 99.00 999 9999.0   6.0 999.0   5.8 99.0 99.00
2019 01 01 07 45  70  2.1  3.1  0.40  4.00 99.00 999 9999.0   6.0 999.0   5.8 99.0 99.00
2019 01 01 07 50 330  2.6  3.1  0.40  4.00 99.00 999 9999.0   6.0 999.0   5.8 99.0 99.00
2019 01 01 08 45 300  2.6  3.6  0.40  4.00 99.00 999 9999.0   6.5 999.0   6.3 99.0 99.00
2019 01 01 08 50 310  1.5  2.1  0.40  4.00 99.00 999 9999.0   6.4 999.0   6.2 99.0 99.00
2019 01 01 09 45 260  2.6  3.6  0.40  4.00 99.00 999 9999.0   7.3 999.0   7.2 99.0 99.00
2019 01 01 09 50 260  3.6  4.6  0.40  4.00 99.00 999 9999.0   7.7 999.0   7.6 99.0 99.00
2019 01 01 10 50 240  5.7  7.7  0.40  4.00 99.00 999 9999.0   9.2 999.0   9.1 99.0 99.00
2019 01 01 11 00 250  4.1  5.7  0.40  4.00 99.00 999 9999.0   8.9 999.0   8.8 99.0 99.00
2019 01 01 11 45 230  6.7  8.2  0.30  4.00 99.00 999 9999.0   9.2 999.0   9.1 99.0 99.00
2019 01 01 11 50 230  6.7  8.2  0.20  4.00 99.00 999 9999.0   9.4 999.0   9.3 99.0 99.00
2019 01 01 12 45 230  6.7  8.2  0.20 99.00 99.00 999 9999.0   9.8 999.0   9.1 99.0 99.00
2019 01 01 12 50 230  7.2 10.3  0.20 99.00 99.00 999 9999.0  10.0 999.0   8.6 99.0 99.00
2019 01 01 13 45 230  7.2  9.3  0.30  2.00 99.00 999 9999.0  10.1 999.0   8.4 99.0 99.00
2019 01 01 13 50 240  7.2 11.3  0.30  2.00 99.00 999 9999.0  10.2 999.0   8.3 99.0 99.00
2019 01 01 14 45 250  8.2 10.8  0.30  2.00 99.00 999 9999.0  11.0 999.0   8.0 99.0 99.00
2019 01 01 14 50 260  8.8 12.9  0.30  3.00 99.00 999 9999.0  11.7 999.0   7.7 99.0 99.00
2019 01 01 15 45 310  7.2 10.8  0.30  2.00 99.00 999 9999.0  11.9 999.0   6.9 99.0 99.00
2019 01 01 15 50 300  9.8 16.5  0.30  3.00 99.00 999 9999.0  12.5 999.0   5.1 99.0 99.00
2019 01 01 16 45 300 10.3 16.0  0.60  2.00 99.00 999 9999.0  11.7 999.0   4.2 99.0 99.00
2019 01 01 16 50 310 10.8 16.5  0.60  2.00 99.00 999 9999.0  11.0 999.0   3.4 99.0 99.00
2019 01 01 17 45 300 10.8 16.0  0.60  2.00 99.00 999 9999.0  10.7 999.0   2.4 99.0 99.00
2019 01 01 17 50 300 11.3 18.0  0.70  3.00 99.00 999 9999.0  10.5 999.0   1.8 99.0 99.00
2019 01 01 18 45 310 10.8 14.9  0.70  3.00 99.00 999 9999.0   9.5 999.0   1.4 99.0 99.00
2019 01 01 18 50 300 11.8 17.5  0.70  3.00 99.00 999 9999.0   9.0 999.0   1.0 99.0 99.00
2019 01 01 19 45 300  9.8 14.4  0.70  3.00 99.00 999 9999.0   8.7 999.0   0.6 99.0 99.00
2019 01 01 19 50 300  9.8 14.4  0.60  3.00 99.00 999 9999.0   8.4 999.0   0.7 99.0 99.00
2019 01 01 20 20 300  9.8 16.5  0.60  3.00 99.00 999 9999.0   8.2 999.0   0.3 99.0 99.00
2019 01 01 20 45 300  8.2 11.8  0.60  3.00 99.00 999 9999.0   8.3 999.0   0.7 99.0 99.00
2019 01 01 21 45 300  9.8 14.9  0.60  3.00 99.00 999 9999.0   7.3 999.0   0.4 99.0 99.00
2019 01 01 21 50 300  8.2 12.9  0.40  3.00 99.00 999 9999.0   6.9 999.0   0.2 99.0 99.00
2019 01 01 22 45 300  7.2 10.8  0.40  3.00 99.00 999 9999.0   6.7 999.0   0.0 99.0 99.00
2019 01 01 22 50 300  8.2 14.9  0.40  3.00 99.00 999 9999.0   6.4 999.0   0.0 99.0 99.00
2019 01 01 23 45 290  8.8 13.4  0.40  2.00 99.00 999 9999.0   6.2 999.0  -0.4 99.0 99.00
2019 01 01 23 50 310  7.7 11.8  0.40  3.00 99.00 999 9999.0   6.1 999.0  -0.2 99.0 99.00
2019 01 02 00 45 300  8.8 12.4  0.40  3.00 99.00 999 9999.0   6.0 999.0  -0.3 99.0 99.00
2019 01 02 00 50 290  8.8 11.8  0.40  2.00 99.00 999 9999.0   5.9 999.0  -0.6 99.0 99.00
2019 01 02 01 20 290  7.2 10.8  0.40  3.00 99.00 999 9999.0   5.7 999.0  -0.9 99.0 99.00
2019 01 02 01 45 290  8.2 12.4  0.40  3.00 99.00 999 9999.0   5.8 999.0  -0.6 99.0 99.00
2019 01 02 02 45 300  7.2 10.3  0.40  3.00 99.00 999 9999.0   5.6 999.0  -1.0 99.0 99.00
2019 01 02 02 50 300  6.2  8.8  0.30  2.00 99.00 999 9999.0   5.4 999.0  -1.0 99.0 99.00
2019 01 02 03 45 290  5.1  7.7  0.30  2.00 99.00 999 9999.0   5.2 999.0  -0.9 99.0 99.00
2019 01 02 03 50 300  6.2  8.2  0.20 99.00 99.00 999 9999.0   5.1 999.0  -1.0 99.0 99.00
2019 01 02 04 45 290  5.7  7.7  0.20 99.00 99.00 999 9999.0   4.9 999.0  -1.8 99.0 99.00
2019 01 02 04 50 290  6.7  8.2  0.10 99.00 99.00 999 9999.0   4.6 999.0  -2.0 99.0 99.00
2019 01 02 05 45 300  5.7  7.7  0.10 99.00 99.00 999 9999.0   4.3 999.0  -2.3 99.0 99.00
2019 01 02 05 50 300  5.7  7.7  0.10 99.00 99.00 999 9999.0   4.2 999.0  -2.3 99.0 99.00
2019 01 02 06 45 300  6.7  8.8  0.10 99.00 99.00 999 9999.0   4.0 999.0  -2.5 99.0 99.00
2019 01 02 06 50 310  6.7  8.8  0.10 99.00 99.00 999 9999.0   3.9 999.0  -2.5 99.0 99.00
2019 01 02 07 45 310  7.2  9.3  0.20 99.00 99.00 999 9999.0   3.6 999.0  -3.1 99.0 99.00
2019 01 02 07 50 310  7.2  9.3  0.20 99.00 99.00 999 9999.0   3.4 999.0  -2.9 99.0 99.00
2019 01 02 08 45 310  6.2  8.8  0.20 99.00 99.00 999 9999.0   3.1 999.0  -3.4 99.0 99.00
2019 01 02 08 50 330  5.1  6.7  0.20 99.00 99.00 999 9999.0   3.0 999.0  -3.4 99.0 99.00
2019 01 02 09 45 330  5.1  6.2  0.10 99.00 99.00 999 9999.0   2.7 999.0  -3.8 99.0 99.00
2019 01 02 09 50 350  3.1  4.1  0.10 99.00 99.00 999 9999.0   2.5 999.0  -4.1 99.0 99.00
2019 01 02 10 45  10  3.1  5.1  0.10 99.00 99.00 999 9999.0   2.3 999.0  -4.7 99.0 99.00
2019 01 02 10 50  20  4.1  6.2  0.20 99.00 99.00 999 9999.0   1.9 999.0  -5.1 99.0 99.00
2019 01 02 11 30  20  4.6  6.7  0.20 99.00 99.00 999 9999.0   1.8 999.0  -5.0 99.0 99.00
2019 01 02 19 50 120  2.1  3.1  0.20 99.00 99.00 999 9999.0   2.4 999.0  -5.3 99.0 99.00
2019 01 02 20 45 110  1.5  2.6  0.20 99.00 99.00 999 9999.0   2.5 999.0  -5.6 99.0 99.00
2019 01 02 20 50 120  2.1  3.6  0.20 99.00 99.00 999 9999.0   2.7 999.0  -5.3 99.0 99.00
2019 01 02 21 45 120  2.6  3.6  0.10 99.00 99.00 999 9999.0   2.6 999.0  -5.2 99.0 99.00
2019 01 02 21 50 130  3.1  4.1  0.10 99.00 99.00 999 9999.0   2.6 999.0  -5.1 99.0 99.00
2019 01 02 22 45 130  4.1  5.7  0.10 99.00 99.00 999 9999.0   2.6 999.0  -4.5 99.0 99.00
2019 01 02 22 50 150  4.1  5.1  0.10 99.00 99.00 999 9999.0   2.6 999.0  -5.0 99.0 99.00
2019 01 02 23 45 150  4.6  6.2  0.10 99.00 99.00 999 9999.0   2.7 999.0  -6.4 99.0 99.00
2019 01 02 23 50 160  4.6  6.2  0.10 99.00 99.00 999 9999.0   2.5 999.0  -6.8 99.0 99.00
2019 01 03 00 45 150  4.6  6.2  0.10 99.00 99.00 999 9999.0   2.3 999.0  -6.3 99.0 99.00
2019 01 03 00 50 150  4.6  6.2  0.10 99.00 99.00 999 9999.0   2.4 999.0  -5.8 99.0 99.00
2019 01 03 01 45 150  3.6  5.1  0.10 99.00 99.00 999 9999.0   2.4 999.0  -5.9 99.0 99.00
2019 01 03 01 50 140  3.6  4.6  0.10 99.00 99.00 999 9999.0   2.5 999.0  -5.2 99.0 99.00
2019 01 03 02 45 130  3.6  4.6  0.10 99.00 99.00 999 9999.0   2.6 999.0  -4.3 99.0 99.00
2019 01 03 02 50 140  3.1  4.1  0.10 99.00 99.00 999 9999.0   2.8 999.0  -3.3 99.0 99.00
2019 01 03 03 45 120  2.6  3.6  0.10 99.00 99.00 999 9999.0   3.1 999.0  -2.5 99.0 99.00
2019 01 03 03 50  90  2.1  3.1  0.10 99.00 99.00 999 9999.0   3.2 999.0  -2.2 99.0 99.00
2019 01 03 04 45 120  2.6  3.6  0.10 99.00 99.00 999 9999.0   3.4 999.0  -2.0 99.0 99.00
2019 01 03 04 50  70  2.1  2.6  0.10 99.00 99.00 999 9999.0   3.4 999.0  -1.7 99.0 99.00
2019 01 03 05 45  70  2.1  2.6  0.10 99.00 99.00 999 9999.0   3.5 999.0  -0.9 99.0 99.00
2019 01 03 05 50 100  2.1  3.6  0.10 99.00 99.00 999 9999.0   3.4 999.0   0.0 99.0 99.00
2019 01 03 06 45 120  3.1  4.1  0.10 99.00 99.00 999 9999.0   3.1 999.0   0.4 99.0 99.00
2019 01 03 06 50 110  2.6  3.6  0.10 99.00 99.00 999 9999.0   2.9 999.0   0.8 99.0 99.00
2019 01 03 07 45 110  2.6  3.6  0.10 99.00 99.00 999 9999.0   3.0 999.0   1.5 99.0 99.00
2019 01 03 07 50 110  2.6  3.6  0.10 99.00 99.00 999 9999.0   3.2 999.0   1.8 99.0 99.00
2019 01 03 08 45 120  3.1  3.6  0.10 99.00 99.00 999 9999.0   3.3 999.0   1.9 99.0 99.00
2019 01 03 08 50 110  2.6  3.1  0.10 99.00 99.00 999 9999.0   3.4 999.0   1.9 99.0 99.00
2019 01 03 09 45  80  1.5  2.1  0.10 99.00 99.00 999 9999.0   3.5 999.0   2.1 99.0 99.00
2019 01 03 09 50  80  2.1  2.6  0.10 99.00 99.00 999 9999.0   3.8 999.0   2.3 99.0 99.00
2019 01 03 10 45  90  2.1  3.1  0.10 99.00 99.00 999 9999.0   4.1 999.0   2.6 99.0 99.00
2019 01 03 10 50  50  1.5  2.6  0.10 99.00 99.00 999 9999.0   4.3 999.0   2.8 99.0 99.00
2019 01 03 11 45 160  1.5  3.1  0.10 99.00 99.00 999 9999.0   4.3 999.0   2.8 99.0 99.00
2019 01 03 11 50 200  1.0  1.5  0.10 99.00 99.00 999 9999.0   4.4 999.0   2.8 99.0 99.00
2019 01 03 12 45 280  1.5  2.6  0.10 99.00 99.00 999 9999.0   4.4 999.0   3.0 99.0 99.00
2019 01 03 12 50 320  3.1  4.1  0.10 99.00 99.00 999 9999.0   4.5 999.0   3.2 99.0 99.00
2019 01 03 13 45 290  3.1  3.6  0.10 99.00 99.00 999 9999.0   4.7 999.0   3.1 99.0 99.00
2019 01 03 14 20 270  4.1  6.2  0.10 99.00 99.00 999 9999.0   5.0 999.0   3.2 99.0 99.00
2019 01 03 14 45 280  6.2  8.8  0.10 99.00 99.00 999 9999.0   5.5 999.0   2.8 99.0 99.00
2019 01 03 14 50 300  7.2 10.3  0.10 99.00 99.00 999 9999.0   5.7 999.0   2.3 99.0 99.00
2019 01 03 15 45 310  7.7 11.8  0.20 99.00 99.00 999 9999.0   6.0 999.0   1.5 99.0 99.00
2019 01 03 15 50 310  8.2 11.8  0.40  2.00 99.00 999 9999.0   6.2 999.0   0.8 99.0 99.00
2019 01 03 16 45 310  9.3 12.4  0.40  2.00 99.00 999 9999.0   6.3 999.0  -0.7 99.0 99.00
2019 01 03 16 50 310  7.7 10.8  0.40  2.00 99.00 999 9999.0   6.5 999.0  -0.7 99.0 99.00
2019 01 03 17 45 300  8.8 12.9  0.40  2.00 99.00 999 9999.0   6.0 999.0  -2.1 99.0 99.00
2019 01 03 17 50 310  8.8 12.4  0.50  3.00 99.00 999 9999.0   6.2 999.0  -2.7 99.0 99.00
2019 01 03 18 45 300  7.2 10.8  0.50  3.00 99.00 999 9999.0   6.1 999.0  -2.7 99.0 99.00
2019 01 03 18 50 300  8.2 12.4  0.40  2.00 99.00 999 9999.0   6.0 999.0  -2.4 99.0 99.00
2019 01 03 19 45 300  8.2 11.3  0.40  2.00 99.00 999 9999.0   5.9 999.0  -2.9 99.0 99.00
2019 01 03 19 50 310  7.2 10.3  0.40  2.00 99.00 999 9999.0   5.9 999.0  -2.9 99.0 99.00
2019 01 03 20 45 300  7.2 10.8  0.20 99.00 99.00 999 9999.0   5.4 999.0  -2.8 99.0 99.00
2019 01 03 20 50 300  7.2  9.3  0.20 99.00 99.00 999 9999.0   5.4 999.0  -3.1 99.0 99.00
2019 01 03 21 30 300  6.7  9.3  0.20 99.00 99.00 999 9999.0   5.2 999.0  -2.7 99.0 99.00
2019 01 03 21 50 300  7.2  9.3  0.20 99.00 99.00 999 9999.0   4.9 999.0  -3.2 99.0 99.00
2019 01 03 22 30 300  6.2  8.8  0.20 99.00 99.00 999 9999.0   4.8 999.0  -3.3 99.0 99.00
2019 01 03 22 50 290  6.2  8.8  0.20 99.00 99.00 999 9999.0   4.4 999.0  -3.6 99.0 99.00
2019 01 03 23 45 300  6.7  9.3  0.20 99.00 99.00 999 9999.0   4.1 999.0  -3.6 99.0 99.00
2019 01 03 23 50 300  6.7  8.8  0.20 99.00 99.00 999 9999.0   4.1 999.0  -3.5 99.0 99.00
2019 01 04 00 45 320  4.6  7.2  0.20 99.00 99.00 999 9999.0   4.0 999.0  -4.0 99.0 99.00
2019 01 04 00 50 300  2.1  3.6  0.20 99.00 99.00 999 9999.0   3.9 999.0  -4.4 99.0 99.00
2019 01 04 01 45 280  2.6  3.6  0.20 99.00 99.00 999 9999.0   3.9 999.0  -4.0 99.0 99.00
2019 01 04 01 50 250  3.1  4.1  0.10 99.00 99.00 999 9999.0   3.9 999.0  -3.7 99.0 99.00
2019 01 04 02 50 250  4.1  5.1  0.00 99.00 99.00 999 9999.0   4.1 999.0  -3.1 99.0 99.00
2019 01 04 03 00 250  3.6  4.6  0.10 99.00 99.00 999 9999.0   4.0 999.0  -3.3 99.0 99.00
2019 01 04 03 45 240  4.1  5.7  0.10 99.00 99.00 999 9999.0   4.1 999.0  -3.0 99.0 99.00
2019 01 04 03 50 270  4.1  6.2  0.00 99.00 99.00 999 9999.0   4.2 999.0  -2.8 99.0 99.00
2019 01 04 04 45 270  4.1  4.6  0.10 99.00 99.00 999 9999.0   4.0 999.0  -2.8 99.0 99.00
2019 01 04 04 50 260  4.1  5.1  0.10 99.00 99.00 999 9999.0   4.0 999.0  -2.3 99.0 99.00
2019 01 04 05 45 220  2.6  3.6  0.00 99.00 99.00 999 9999.0   3.5 999.0  -1.3 99.0 99.00
2019 01 04 05 50 220  3.1  3.6  0.00 99.00 99.00 999 9999.0   3.4 999.0  -0.9 99.0 99.00
2019 01 04 06 45 210  4.6  6.2  0.00 99.00 99.00 999 9999.0   3.5 999.0  -1.5 99.0 99.00
2019 01 04 06 50 270  6.2  7.2  0.00 99.00 99.00 999 9999.0   3.8 999.0  -2.0 99.0 99.00
2019 01 04 07 45 260  6.2  7.7  0.00 99.00 99.00 999 9999.0   3.5 999.0  -2.0 99.0 99.00
2019 01 04 07 50 270  6.2  7.7  0.10 99.00 99.00 999 9999.0   3.0 999.0  -2.4 99.0 99.00
2019 01 04 08 45 270  4.6  6.2  0.10 99.00 99.00 999 9999.0   2.8 999.0  -2.2 99.0 99.00
2019 01 04 08 50 250  5.7  8.2  0.10 99.00 99.00 999 9999.0   2.9 999.0  -2.2 99.0 99.00
2019 01 04 09 50 250  6.7  9.3  0.20 99.00 99.00 999 9999.0   3.2 999.0  -2.0 99.0 99.00
2019 01 04 10 00 250  7.2  9.8  0.20 99.00 99.00 999 9999.0   3.2 999.0  -2.2 99.0 99.00
2019 01 04 10 45 260  6.2  8.2  0.30  2.00 99.00 999 9999.0   2.9 999.0  -2.3 99.0 99.00
2019 01 04 10 50 260  5.7  7.7  0.30  3.00 99.00 999 9999.0   3.2 999.0  -1.9 99.0 99.00
2019 01 04 11 45 250  5.7  7.2  0.30  3.00 99.00 999 9999.0   3.4 999.0  -2.1 99.0 99.00
2019 01 04 11 50 250  6.2  8.8  0.30  3.00 99.00 999 9999.0   3.5 999.0  -1.9 99.0 99.00
2019 01 04 12 45 250  6.7  8.2  0.30  3.00 99.00 999 9999.0   3.6 999.0  -1.9 99.0 99.00
2019 01 04 12 50 240  6.7  8.8  0.30  3.00 99.00 999 9999.0   3.8 999.0  -1.8 99.0 99.00
2019 01 04 13 45 240  7.2  9.3  0.40  3.00 99.00 999 9999.0   3.8 999.0  -1.6 99.0 99.00
2019 01 04 13 50 240  7.2  9.8  0.40  3.00 99.00 999 9999.0   4.0 999.0  -1.3 99.0 99.00
2019 01 04 14 50 240  6.2  8.2  0.40  3.00 99.00 999 9999.0   4.4 999.0  -1.3 99.0 99.00
2019 01 04 15 45 240  6.7  9.3  0.40  3.00 99.00 999 9999.0   4.6 999.0  -1.0 99.0 99.00
2019 01 04 15 50 230  6.7  8.8  0.30  3.00 99.00 999 9999.0   4.6 999.0  -0.9 99.0 99.00
2019 01 04 16 45 230  7.2  9.8  0.30  3.00 99.00 999 9999.0   5.0 999.0  -0.6 99.0 99.00
2019 01 04 16 50 240  6.7  8.8  0.40  2.00 99.00 999 9999.0   5.5 999.0  -0.1 99.0 99.00
2019 01 04 17 45 230  6.7  9.3  0.40  3.00 99.00 999 9999.0   5.8 999.0   0.1 99.0 99.00
2019 01 04 17 50 230  7.2  9.8  0.40  3.00 99.00 999 9999.0   6.0 999.0   0.5 99.0 99.00
2019 01 04 18 45 230  5.7  7.7  0.40  2.00 99.00 999 9999.0   6.1 999.0   1.4 99.0 99.00
2019 01 04 18 50 230  6.2  8.8  0.30  2.00 99.00 999 9999.0   6.2 999.0   1.3 99.0 99.00
2019 01 04 19 45 230  6.2  8.2  0.30  2.00 99.00 999 9999.0   6.4 999.0   1.6 99.0 99.00
2019 01 04 19 50 230  5.7  7.2  0.30  2.00 99.00 999 9999.0   6.5 999.0   1.9 99.0 99.00
2019 01 04 20 45 230  4.6  6.2  0.20 99.00 99.00 999 9999.0   6.4 999.0   2.0 99.0 99.00
2019 01 04 20 50 230  5.7  7.2  0.20 99.00 99.00 999 9999.0   6.6 999.0   1.8 99.0 99.00
2019 01 04 21 45 230  5.7  7.2  0.20 99.00 99.00 999 9999.0   6.7 999.0   1.9 99.0 99.00
2019 01 04 21 50 220  6.2  8.8  0.10 99.00 99.00 999 9999.0   6.9 999.0   1.6 99.0 99.00
2019 01 04 22 45 220  5.1  6.2  0.10 99.00 99.00 999 9999.0   6.6 999.0   2.3 99.0 99.00
2019 01 04 22 50 230  5.1  6.7  0.10 99.00 99.00 999 9999.0   6.6 999.0   2.4 99.0 99.00
2019 01 04 23 45 220  3.6  4.6  0.10 99.00 99.00 999 9999.0   6.4 999.0   3.0 99.0 99.00
2019 01 04 23 50 220  3.1  4.1  0.10 99.00 99.00 999 9999.0   6.4 999.0   3.0 99.0 99.00
2019 01 05 00 45 210  3.1  3.6  0.10 99.00 99.00 999 9999.0   6.3 999.0   3.1 99.0 99.00
2019 01 05 00 50 210  2.1  3.1  0.10 99.00 99.00 999 9999.0   6.3 999.0   3.2 99.0 99.00
2019 01 05 01 45 180  1.5  2.1  0.10 99.00 99.00 999 9999.0   6.1 999.0   3.3 99.0 99.00
2019 01 05 01 50 190  1.5  2.1  0.10 99.00 99.00 999 9999.0   6.1 999.0   3.5 99.0 99.00
2019 01 05 02 45 140  1.5  2.1  0.10 99.00 99.00 999 9999.0   6.0 999.0   3.5 99.0 99.00
2019 01 05 02 50 130  1.5  2.1  0.10 99.00 99.00 999 9999.0   5.7 999.0   3.6 99.0 99.00
2019 01 05 03 45 110  1.5  2.1  0.10 99.00 99.00 999 9999.0   5.7 999.0   3.6 99.0 99.00
2019 01 05 03 50 100  1.5  2.1  0.00 99.00 99.00 999 9999.0   5.5 999.0   4.1 99.0 99.00
2019 01 05 04 45  90  2.1  3.1  0.00 99.00 99.00 999 9999.0   5.7 999.0   4.0 99.0 99.00
2019 01 05 04 50  80  2.1  2.6  0.10 99.00 99.00 999 9999.0   5.6 999.0   4.1 99.0 99.00
2019 01 05 05 45  60  2.1  3.1  0.00 99.00 99.00 999 9999.0   5.7 999.0   4.2 99.0 99.00
2019 01 05 05 50  60  2.6  3.1  0.00 99.00 99.00 999 9999.0   5.6 999.0   4.6 99.0 99.00
2019 01 05 06 45  60  3.1  4.1  0.00 99.00 99.00 999 9999.0   5.5 999.0   4.8 99.0 99.00
2019 01 05 06 50  50  3.6  4.6  0.00 99.00 99.00 999 9999.0   5.4 999.0   4.8 99.0 99.00
2019 01 05 07 45  60  4.6  6.2  0.00 99.00 99.00 999 9999.0   5.3 999.0   4.8 99.0 99.00
2019 01 05 07 50  60  3.6  4.6  0.10 99.00 99.00 999 9999.0   5.3 999.0   4.9 99.0 99.00
2019 01 05 08 45  50  4.6  6.7  0.10 99.00 99.00 999 9999.0   5.3 999.0   5.0 99.0 99.00
2019 01 05 08 50  50  5.7  6.7  0.10 99.00 99.00 999 9999.0   5.3 999.0   5.0 99.0 99.00
2019 01 05 09 45  60  5.1  6.7  0.20 99.00 99.00 999 9999.0   5.4 999.0   5.1 99.0 99.00
2019 01 05 09 50  50  5.7  7.7  0.20  3.00 99.00 999 9999.0   5.4 999.0   5.2 99.0 99.00
2019 01 05 10 45  60  6.2  8.2  0.30  3.00 99.00 999 9999.0   5.4 999.0   5.2 99.0 99.00
2019 01 05 10 50  60  7.2  9.3  0.30  3.00 99.00 999 9999.0   5.5 999.0   5.2 99.0 99.00
2019 01 05 11 45  60  7.7 10.3  0.40  3.00 99.00 999 9999.0   5.6 999.0   5.3 99.0 99.00
2019 01 05 11 50  60  8.2 10.8  0.40  3.00 99.00 999 9999.0   5.7 999.0   5.4 99.0 99.00
2019 01 05 12 45  60  8.2 11.3  0.60  3.00 99.00 999 9999.0   5.8 999.0   5.6 99.0 99.00
2019 01 05 12 50  60  8.8 11.8  0.60  3.00 99.00 999 9999.0   5.9 999.0   5.7 99.0 99.00
2019 01 05 13 20  70  9.3 13.4  0.70  3.00 99.00 999 9999.0   6.2 999.0   6.0 99.0 99.00
2019 01 05 13 45  70  8.8 11.8  0.60  3.00 99.00 999 9999.0   6.1 999.0   5.9 99.0 99.00
2019 01 05 14 50  60  8.8 12.4  0.80  3.00 99.00 999 9999.0   6.5 999.0   6.1 99.0 99.00
2019 01 05 15 00  60  9.3 12.9  0.80  3.00 99.00 999 9999.0   6.4 999.0   6.0 99.0 99.00
2019 01 05 15 45  60  8.2 11.3  0.80  4.00 99.00 999 9999.0   6.6 999.0   6.1 99.0 99.00
2019 01 05 15 50  40  6.7  8.8  0.80  4.00 99.00 999 9999.0   6.6 999.0   6.2 99.0 99.00
2019 01 05 16 45  30  6.7 10.8  0.60  4.00 99.00 999 9999.0   6.8 999.0   6.3 99.0 99.00
2019 01 05 16 50  30  6.2  9.3  0.60  4.00 99.00 999 9999.0   6.9 999.0   6.4 99.0 99.00
2019 01 05 17 30  30  7.2 13.9  0.60  4.00 99.00 999 9999.0   7.2 999.0   6.4 99.0 99.00
2019 01 05 17 50  20  6.2  8.8  0.60  4.00 99.00 999 9999.0   7.0 999.0   6.0 99.0 99.00
2019 01 05 18 45  10  6.7  8.8  0.50  4.00 99.00 999 9999.0   6.9 999.0   5.8 99.0 99.00
2019 01 05 18 50  10  6.7  9.3  0.50  4.00 99.00 999 9999.0   7.0 999.0   5.7 99.0 99.00
2019 01 05 19 45  20  6.7  9.3  0.50  4.00 99.00 999 9999.0   7.2 999.0   5.5 99.0 99.00
2019 01 05 19 50  40  6.7  9.3  0.50  4.00 99.00 999 9999.0   7.0 999.0   5.7 99.0 99.00
2019 01 05 20 45 360  7.2  9.3  0.50  4.00 99.00 999 9999.0   7.4 999.0   5.8 99.0 99.00
2019 01 05 20 50 360  7.7 10.8  0.60  4.00 99.00 999 9999.0   7.4 999.0   5.8 99.0 99.00
2019 01 05 21 45 350  7.7 10.3  0.60  4.00 99.00 999 9999.0   6.4 999.0   4.6 99.0 99.00
2019 01 05 21 50 350  7.2  9.8  0.50  4.00 99.00 999 9999.0   6.3 999.0   4.5 99.0 99.00
2019 01 05 22 30 350  5.7  8.8  0.50  4.00 99.00 999 9999.0   6.5 999.0   4.5 99.0 99.00
2019 01 05 22 50 350  5.7  8.2  0.50  4.00 99.00 999 9999.0   6.7 999.0   4.4 99.0 99.00
2019 01 05 23 30 350  6.7 10.3  0.50  3.00 99.00 999 9999.0   6.8 999.0   4.6 99.0 99.00
2019 01 05 23 50 330  5.1  8.2  0.50  4.00 99.00 999 9999.0   6.8 999.0   4.8 99.0 99.00
2019 01 06 00 45 320  5.1  7.7  0.50  4.00 99.00 999 9999.0   6.8 999.0   3.5 99.0 99.00
2019 01 06 00 50 310  2.1  4.6  0.40  3.00 99.00 999 9999.0   6.6 999.0   3.4 99.0 99.00
2019 01 06 01 45 310  4.6  6.7  0.40  3.00 99.00 999 9999.0   6.4 999.0   3.5 99.0 99.00
2019 01 06 01 50 310  5.7  7.7  0.40  4.00 99.00 999 9999.0   6.0 999.0   3.7 99.0 99.00
2019 01 06 02 45 280  4.1  5.7  0.40  4.00 99.00 999 9999.0   5.8 999.0   4.0 99.0 99.00
2019 01 06 02 50 270  4.6  5.7  0.30  4.00 99.00 999 9999.0   5.6 999.0   3.9 99.0 99.00
2019 01 06 03 45 290  4.6  6.2  0.20 99.00 99.00 999 9999.0   5.3 999.0   3.8 99.0 99.00
2019 01 06 03 50 290  6.2  9.3  0.20 99.00 99.00 999 9999.0   5.5 999.0   2.8 99.0 99.00
2019 01 06 04 45 310  8.2 11.3  0.20 99.00 99.00 999 9999.0   5.5 999.0   1.7 99.0 99.00
2019 01 06 04 50 300  8.2 11.8  0.30  2.00 99.00 999 9999.0   5.3 999.0   1.4 99.0 99.00
2019 01 06 05 45 290  6.2  8.8  0.40  3.00 99.00 999 9999.0   5.0 999.0   1.0 99.0 99.00
2019 01 06 05 50 290  4.6  6.7  0.30  2.00 99.00 999 9999.0   4.9 999.0   0.8 99.0 99.00
2019 01 06 06 45 290  6.2  7.7  0.20 99.00 99.00 999 9999.0   4.8 999.0   0.9 99.0 99.00
2019 01 06 06 50 280  8.2 10.3  0.10 99.00 99.00 999 9999.0   5.0 999.0   0.4 99.0 99.00
2019 01 06 07 45 290  9.3 13.4  0.40  2.00 99.00 999 9999.0   4.8 999.0   0.0 99.0 99.00
2019 01 06 07 50 290  6.2  9.8  0.40  2.00 99.00 999 9999.0   4.7 999.0   0.3 99.0 99.00
2019 01 06 08 45 280  5.1  6.7  0.30  2.00 99.00 999 9999.0   4.7 999.0   0.6 99.0 99.00
2019 01 06 08 50 270  3.1  4.6  0.20 99.00 99.00 999 9999.0   4.8 999.0   0.8 99.0 99.00
2019 01 06 09 45 270  5.1  6.7  0.10 99.00 99.00 999 9999.0   5.0 999.0   1.0 99.0 99.00
2019 01 06 09 50 260  6.2  7.7  0.00 99.00 99.00 999 9999.0   5.2 999.0   1.4 99.0 99.00
2019 01 06 10 45 260  5.1  6.2  0.10 99.00 99.00 999 9999.0   5.3 999.0   1.7 99.0 99.00
2019 01 06 10 50 250  5.1  6.2  0.10 99.00 99.00 999 9999.0   5.4 999.0   2.0 99.0 99.00
2019 01 06 11 45 240  4.6  6.2  0.10 99.00 99.00 999 9999.0   5.6 999.0   2.8 99.0 99.00
2019 01 06 11 50 230  5.1  6.7  0.10 99.00 99.00 999 9999.0   6.0 999.0   2.7 99.0 99.00
2019 01 06 12 45 230  5.7  7.2  0.10 99.00 99.00 999 9999.0   6.3 999.0   3.1 99.0 99.00
2019 01 06 12 50 230  5.7  7.7  0.20 99.00 99.00 999 9999.0   6.4 999.0   3.2 99.0 99.00
2019 01 06 13 45 240  5.7  7.2  0.20 99.00 99.00 999 9999.0   6.5 999.0   3.3 99.0 99.00
2019 01 06 13 50 240  5.1  7.7  0.20 99.00 99.00 999 9999.0   6.5 999.0   3.3 99.0 99.00
2019 01 06 14 45 250  5.7  7.2  0.20  3.00 99.00 999 9999.0   6.7 999.0   3.2 99.0 99.00
2019 01 06 14 50 250  6.7 10.8  0.20 99.00 99.00 999 9999.0   6.8 999.0   3.2 99.0 99.00
2019 01 06 15 45 280  9.3 13.4  0.30  3.00 99.00 999 9999.0   7.2 999.0   2.5 99.0 99.00
2019 01 06 15 50 280  9.3 13.4  0.50  3.00 99.00 999 9999.0   7.5 999.0   2.2 99.0 99.00
2019 01 06 16 30 280  7.7 11.3  0.50  3.00 99.00 999 9999.0   7.5 999.0   2.3 99.0 99.00
2019 01 06 16 50 290  8.8 12.9  0.50  3.00 99.00 999 9999.0   8.1 999.0   0.9 99.0 99.00
2019 01 06 17 20 320 10.3 14.9  0.60  3.00 99.00 999 9999.0   7.8 999.0   0.4 99.0 99.00
2019 01 06 17 45 300  9.8 14.4  0.50  3.00 99.00 999 9999.0   8.4 999.0   0.2 99.0 99.00
2019 01 06 18 45 300  8.2 12.4  0.40  2.00 99.00 999 9999.0   7.6 999.0   0.4 99.0 99.00
2019 01 06 18 50 320  8.2 11.8  0.40  2.00 99.00 999 9999.0   7.4 999.0   0.1 99.0 99.00
2019 01 06 19 30 310  8.2 12.4  0.50  2.00 99.00 999 9999.0   7.1 999.0   0.3 99.0 99.00
2019 01 06 19 50 300  9.8 16.5  0.50  3.00 99.00 999 9999.0   6.9 999.0  -0.7 99.0 99.00
2019 01 06 20 45 300 11.3 18.0  0.70  3.00 99.00 999 9999.0   6.7 999.0  -1.4 99.0 99.00
2019 01 06 20 50 310 10.3 13.9  0.70  3.00 99.00 999 9999.0   6.3 999.0  -1.5 99.0 99.00
2019 01 06 21 20 300 11.8 19.6  0.70  3.00 99.00 999 9999.0   5.6 999.0  -1.6 99.0 99.00
2019 01 06 21 45 310  9.8 13.9  0.60  3.00 99.00 999 9999.0   5.9 999.0  -1.4 99.0 99.00
2019 01 06 22 45 310 10.8 16.0  0.70  3.00 99.00 999 9999.0   4.8 999.0  -3.4 99.0 99.00
2019 01 06 22 50 310  9.8 14.4  0.70  3.00 99.00 999 9999.0   4.4 999.0  -5.1 99.0 99.00
2019 01 06 23 45 310  9.3 14.4  0.70  3.00 99.00 999 9999.0   3.8 999.0  -6.3 99.0 99.00
2019 01 06 23 50 310 10.8 16.5  0.60  3.00 99.00 999 9999.0   3.5 999.0  -6.3 99.0 99.00
2019 01 07 00 20 320  8.2 12.9  0.60  3.00 99.00 999 9999.0   2.9 999.0  -6.2 99.0 99.00
2019 01 07 00 45 310 10.8 16.0  0.60  3.00 99.00 999 9999.0   3.3 999.0  -6.0 99.0 99.00
2019 01 07 01 20 330  8.8 13.4  0.60  3.00 99.00 999 9999.0   2.0 999.0  -7.1 99.0 99.00
2019 01 07 01 45 320 10.8 14.9  0.50  3.00 99.00 999 9999.0   2.4 999.0  -6.9 99.0 99.00
2019 01 07 02 45 340  8.8 12.4  0.40  2.00 99.00 999 9999.0   1.6 999.0  -7.5 99.0 99.00
2019 01 07 02 50 360  8.8 12.4  0.40  2.00 99.00 999 9999.0   0.7 999.0  -7.3 99.0 99.00
2019 01 07 03 30 360  8.8 12.9  0.40  2.00 99.00 999 9999.0   0.3 999.0  -8.1 99.0 99.00
2019 01 07 03 50 350  8.8 12.9  0.50  3.00 99.00 999 9999.0  -0.2 999.0  -8.8 99.0 99.00
2019 01 07 04 45 340  8.2 11.8  0.50  3.00 99.00 999 9999.0  -0.4 999.0  -9.3 99.0 99.00
2019 01 07 04 50 320  8.2 11.8  0.40  2.00 99.00 999 9999.0  -0.4 999.0  -9.6 99.0 99.00
2019 01 07 05 45 320  7.2 10.3  0.20  2.00 99.00 999 9999.0  -0.6 999.0 -10.0 99.0 99.00
2019 01 07 05 50 320  7.2 10.3  0.30  2.00 99.00 999 9999.0  -0.7 999.0 -10.4 99.0 99.00
2019 01 07 06 45 330  6.7  9.8  0.30  2.00 99.00 999 9999.0  -0.8 999.0 -10.8 99.0 99.00
2019 01 07 06 50 340  7.2 10.3  0.20 99.00 99.00 999 9999.0  -0.9 999.0 -11.3 99.0 99.00
2019 01 07 07 45 340  6.7 10.3  0.20 99.00 99.00 999 9999.0  -1.1 999.0 -11.4 99.0 99.00
2019 01 07 07 50 350  6.7 11.3  0.20 99.00 99.00 999 9999.0  -1.5 999.0 -11.7 99.0 99.00
2019 01 07 08 45 360  7.2  9.8  0.20 99.00 99.00 999 9999.0  -2.1 999.0 -10.3 99.0 99.00
2019 01 07 08 50 360  7.2 10.3  0.30  2.00 99.00 999 9999.0  -2.5 999.0 -10.8 99.0 99.00
2019 01 07 09 45 350  6.7 10.3  0.30  2.00 99.00 999 9999.0  -3.0 999.0 -11.6 99.0 99.00
2019 01 07 09 50 350  8.2 12.9  0.20  2.00 99.00 999 9999.0  -3.2 999.0 -11.6 99.0 99.00
2019 01 07 10 45 340  6.7  9.3  0.30  2.00 99.00 999 9999.0  -3.7 999.0 -12.7 99.0 99.00
2019 01 07 10 50 340  6.2  9.3  0.20 99.00 99.00 999 9999.0  -3.7 999.0 -12.9 99.0 99.00
2019 01 07 11 45 340  5.7  8.8  0.10 99.00 99.00 999 9999.0  -4.0 999.0 -13.1 99.0 99.00
2019 01 07 11 50 350  5.7  7.7  0.20 99.00 99.00 999 9999.0  -4.0 999.0 -12.3 99.0 99.00
2019 01 07 12 45 360  6.7  9.3  0.20 99.00 99.00 999 9999.0  -4.2 999.0 -12.8 99.0 99.00
2019 01 07 12 50  10  6.2  9.3  0.30  2.00 99.00 999 9999.0  -4.5 999.0 -12.9 99.0 99.00
2019 01 07 13 45 360  7.2 10.3  0.30  2.00 99.00 999 9999.0  -4.2 999.0 -13.1 99.0 99.00
2019 01 07 13 50 360  5.7  8.8  0.30  2.00 99.00 999 9999.0  -3.9 999.0 -13.9 99.0 99.00
2019 01 07 14 45 340  6.2  9.3  0.20 99.00 99.00 999 9999.0  -3.8 999.0 -13.6 99.0 99.00
2019 01 07 14 50 340  6.2  8.2  0.20 99.00 99.00 999 9999.0  -3.8 999.0 -14.0 99.0 99.00
2019 01 07 15 45 330  5.1  7.7  0.20 99.00 99.00 999 9999.0  -3.5 999.0 -14.1 99.0 99.00
2019 01 07 15 50 340  5.1  6.7  0.20 99.00 99.00 999 9999.0  -2.9 999.0 -14.6 99.0 99.00
2019 01 07 16 45 340  5.7  8.2  0.10 99.00 99.00 999 9999.0  -2.5 999.0 -14.8 99.0 99.00
2019 01 07 16 50  10  6.2  9.3  0.10 99.00 99.00 999 9999.0  -1.9 999.0 -14.8 99.0 99.00
2019 01 07 17 45  10  6.7  9.8  0.20 99.00 99.00 999 9999.0  -1.6 999.0 -14.8 99.0 99.00
2019 01 07 17 50  20  5.7  9.3  0.20 99.00 99.00 999 9999.0  -1.2 999.0 -15.4 99.0 99.00
2019 01 07 18 30  10  4.1  6.7  0.20 99.00 99.00 999 9999.0  -1.1 999.0 -15.9 99.0 99.00
2019 01 07 18 50 350  2.1  4.6  0.20 99.00 99.00 999 9999.0  -0.6 999.0 -15.1 99.0 99.00
2019 01 07 19 50 320  2.6  4.6  0.20 99.00 99.00 999 9999.0  -0.6 999.0 -15.4 99.0 99.00
2019 01 07 20 00 330  3.1  5.1  0.20 99.00 99.00 999 9999.0  -0.3 999.0 -15.6 99.0 99.00
2019 01 07 20 45 310  1.5  4.1  0.10 99.00 99.00 999 9999.0  -0.6 999.0 -15.8 99.0 99.00
2019 01 07 20 50 330  1.5  3.1  0.10 99.00 99.00 999 9999.0  -0.6 999.0 -16.0 99.0 99.00
2019 01 07 21 45 330  1.0  2.6  0.10 99.00 99.00 999 9999.0  -0.6 999.0 -15.4 99.0 99.00
2019 01 07 21 50 140  1.0  1.5  0.10 99.00 99.00 999 9999.0  -0.4 999.0 -14.9 99.0 99.00
2019 01 07 22 45   0  0.0  1.5  0.10 99.00 99.00 999 9999.0  -0.4 999.0 -14.5 99.0 99.00
2019 01 07 22 50 110  1.5  2.6  0.10 99.00 99.00 999 9999.0  -0.3 999.0 -14.3 99.0 99.00
2019 01 07 23 45 110  1.5  3.1  0.10 99.00 99.00 999 9999.0  -0.2 999.0 -13.4 99.0 99.00
2019 01 07 23 50 120  3.1  4.6  0.10 99.00 99.00 999 9999.0  -0.2 999.0 -12.9 99.0 99.00
2019 01 08 00 45 170  3.6  5.1  0.10 99.00 99.00 999 9999.0  -0.2 999.0 -11.8 99.0 99.00
2019 01 08 00 50 170  4.1  5.7  0.10 99.00 99.00 999 9999.0  -0.4 999.0 -12.6 99.0 99.00
2019 01 08 01 45 180  4.1  6.2  0.10 99.00 99.00 999 9999.0  -0.4 999.0 -12.1 99.0 99.00
2019 01 08 01 50 180  3.1  5.1  0.10 99.00 99.00 999 9999.0  -0.4 999.0 -12.9 99.0 99.00
2019 01 08 02 45 150  3.6  5.1  0.10 99.00 99.00 999 9999.0  -0.5 999.0 -12.8 99.0 99.00
2019 01 08 02 50 150  4.1  5.7  0.10 99.00 99.00 999 9999.0  -0.3 999.0 -11.1 99.0 99.00
2019 01 08 03 45 140  5.7  7.7  0.10 99.00 99.00 999 9999.0  -0.2 999.0  -9.1 99.0 99.00
2019 01 08 03 50 140  4.1  6.2  0.10 99.00 99.00 999 9999.0  -0.1 999.0  -8.4 99.0 99.00
2019 01 08 04 45 130  3.6  4.6  0.10 99.00 99.00 999 9999.0   0.2 999.0  -7.7 99.0 99.00
2019 01 08 04 50 110  3.6  5.1  0.10 99.00 99.00 999 9999.0   0.5 999.0  -6.7 99.0 99.00
2019 01 08 05 45 100  2.6  4.1  0.10 99.00 99.00 999 9999.0   0.4 999.0  -6.9 99.0 99.00
2019 01 08 05 50  90  2.1  3.1  0.10 99.00 99.00 999 9999.0   0.8 999.0  -6.0 99.0 99.00
2019 01 08 06 45 330  0.5  1.5  0.10 99.00 99.00 999 9999.0   1.2 999.0  -5.2 99.0 99.00
2019 01 08 06 50 120  1.5  3.1  0.10 99.00 99.00 999 9999.0   1.4 999.0  -4.8 99.0 99.00
2019 01 08 07 45 100  4.1  5.1  0.10 99.00 99.00 999 9999.0   1.6 999.0  -3.6 99.0 99.00
2019 01 08 07 50 110  4.1  5.7  0.10 99.00 99.00 999 9999.0   1.7 999.0  -3.1 99.0 99.00
2019 01 08 08 45 130  4.1  5.7  0.10 99.00 99.00 999 9999.0   1.7 999.0  -1.8 99.0 99.00
2019 01 08 08 50 110  1.5  3.1  0.10 99.00 99.00 999 9999.0   2.1 999.0  -0.9 99.0 99.00
2019 01 08 09 45  70  1.5  2.1  0.10 99.00 99.00 999 9999.0   2.1 999.0  -0.2 99.0 99.00
2019 01 08 09 50 110  1.5  2.1  0.10 99.00 99.00 999 9999.0   2.3 999.0   0.4 99.0 99.00
2019 01 08 10 45 100  1.5  2.1  0.10 99.00 99.00 999 9999.0   2.4 999.0   0.8 99.0 99.00
2019 01 08 10 50 110  2.1  2.6  0.10 99.00 99.00 999 9999.0   2.6 999.0   1.3 99.0 99.00
2019 01 08 11 45  90  2.1  2.6  0.10 99.00 99.00 999 9999.0   2.6 999.0   1.6 99.0 99.00
2019 01 08 11 50 120  2.6  3.6  0.10 99.00 99.00 999 9999.0   2.9 999.0   2.2 99.0 99.00
2019 01 08 12 45  60  2.1  2.6  0.10 99.00 99.00 999 9999.0   3.2 999.0   2.7 99.0 99.00
2019 01 08 12 50  70  1.5  2.6  0.10 99.00 99.00 999 9999.0   3.5 999.0   3.0 99.0 99.00
2019 01 08 13 45  60  1.5  2.6  0.10 99.00 99.00 999 9999.0   3.8 999.0   3.3 99.0 99.00
2019 01 08 13 50  60  2.1  2.6  0.10 99.00 99.00 999 9999.0   4.1 999.0   3.7 99.0 99.00
2019 01 08 14 45  50  2.1  3.1  0.10 99.00 99.00 999 9999.0   4.3 999.0   3.9 99.0 99.00
2019 01 08 14 50  60  2.6  3.6  0.10 99.00 99.00 999 9999.0   4.6 999.0   4.2 99.0 99.00
2019 01 08 15 30  40  2.6  3.6  0.10 99.00 99.00 999 9999.0   4.6 999.0   4.3 99.0 99.00
2019 01 08 15 50  50  4.1  6.2  0.10 99.00 99.00 999 9999.0   4.8 999.0   4.5 99.0 99.00
2019 01 08 16 45  50  3.1  4.1  0.10 99.00 99.00 999 9999.0   4.9 999.0   4.6 99.0 99.00
2019 01 08 16 50  30  3.1  4.1  0.10 99.00 99.00 999 9999.0   5.0 999.0   4.7 99.0 99.00
2019 01 08 17 45  60  3.1  4.1  0.10 99.00 99.00 999 9999.0   5.0 999.0   4.8 99.0 99.00
2019 01 08 17 50  70  3.6  4.1  0.10 99.00 99.00 999 9999.0   5.0 999.0   4.8 99.0 99.00
2019 01 08 18 45  70  3.1  4.1  0.10 99.00 99.00 999 9999.0   5.0 999.0   4.8 99.0 99.00
2019 01 08 18 50  70  2.6  4.1  0.10 99.00 99.00 999 9999.0   5.1 999.0   4.8 99.0 99.00
2019 01 08 19 45  70  2.6  3.6  0.10 99.00 99.00 999 9999.0   5.0 999.0   4.9 99.0 99.00
2019 01 08 19 50  80  3.1  3.6  0.10 99.00 99.00 999 9999.0   5.1 999.0   4.9 99.0 99.00
2019 01 08 20 45  60  2.6  4.1  0.10 99.00 99.00 999 9999.0   5.1 999.0   5.0 99.0 99.00
2019 01 08 20 50  40  2.1  2.6  0.10 99.00 99.00 999 9999.0   5.2 999.0   5.1 99.0 99.00
2019 01 08 21 45  40  2.1  2.6  0.10 99.00 99.00 999 9999.0   5.2 999.0   5.1 99.0 99.00
2019 01 08 21 50  80  1.5  2.6  0.10 99.00 99.00 999 9999.0   5.2 999.0   5.1 99.0 99.00
2019 01 08 22 45   0  0.0  1.5  0.10 99.00 99.00 999 9999.0   5.2 999.0   5.1 99.0 99.00
2019 01 08 22 50 290  2.6  3.6  0.10 99.00 99.00 999 9999.0   5.1 999.0   5.0 99.0 99.00
2019 01 08 23 50 150  1.5  2.1  0.10 99.00 99.00 999 9999.0   4.8 999.0   4.7 99.0 99.00
2019 01 09 00 00 120  1.5  2.1  0.10 99.00 99.00 999 9999.0   5.0 999.0   4.9 99.0 99.00
2019 01 09 00 45 170  1.5  2.6  0.10 99.00 99.00 999 9999.0   4.8 999.0   4.7 99.0 99.00
2019 01 09 00 50 240  1.5  2.1  0.10 99.00 99.00 999 9999.0   4.8 999.0   4.7 99.0 99.00
2019 01 09 01 45 210  1.5  2.6  0.10 99.00 99.00 999 9999.0   5.0 999.0   4.9 99.0 99.00
2019 01 09 01 50 260  2.1  3.1  0.10 99.00 99.00 999 9999.0   5.1 999.0   5.0 99.0 99.00
2019 01 09 02 45 310  1.5  2.1  0.10 99.00 99.00 999 9999.0   4.9 999.0   4.8 99.0 99.00
2019 01 09 02 50   0  0.0  1.0  0.10 99.00 99.00 999 9999.0   5.0 999.0   4.9 99.0 99.00
2019 01 09 03 45  80  2.1  2.6  0.10 99.00 99.00 999 9999.0   5.0 999.0   4.9 99.0 99.00
2019 01 09 03 50 110  2.1  3.1  0.00 99.00 99.00 999 9999.0   4.9 999.0   4.8 99.0 99.00
2019 01 09 04 45 210  1.5  3.1  0.00 99.00 99.00 999 9999.0   4.9 999.0   4.8 99.0 99.00
2019 01 09 04 50 250  2.6  4.1  0.10 99.00 99.00 999 9999.0   4.9 999.0   4.8 99.0 99.00
2019 01 09 05 45 270  1.0  2.1  0.10 99.00 99.00 999 9999.0   4.8 999.0   4.7 99.0 99.00
2019 01 09 05 50 280  2.6  3.6  0.10 99.00 99.00 999 9999.0   4.8 999.0   4.7 99.0 99.00
2019 01 09 06 45 270  1.5  2.6  0.00 99.00 99.00 999 9999.0   4.8 999.0   4.7 99.0 99.00
2019 01 09 06 50 240  3.6  4.6  0.00 99.00 99.00 999 9999.0   4.8 999.0   4.7 99.0 99.00
2019 01 09 07 45 250  4.6  6.2  0.10 99.00 99.00 999 9999.0   4.9 999.0   4.8 99.0 99.00
2019 01 09 07 50 250  6.2  8.8  0.00 99.00 99.00 999 9999.0   5.3 999.0   5.2 99.0 99.00
2019 01 09 08 30 250  9.3 12.9  0.40  2.00 99.00 999 9999.0   5.4 999.0   5.3 99.0 99.00
2019 01 09 08 50 260  8.8 12.4  0.40  2.00 99.00 999 9999.0   5.9 999.0   3.8 99.0 99.00
2019 01 09 09 45 250  7.7  9.8  0.50  3.00 99.00 999 9999.0   5.8 999.0   3.5 99.0 99.00
2019 01 09 09 50 250  7.2  9.3  0.50  3.00 99.00 999 9999.0   5.9 999.0   3.5 99.0 99.00
2019 01 09 10 45 250  8.8 11.3  0.40  3.00 99.00 999 9999.0   6.1 999.0   2.9 99.0 99.00
2019 01 09 10 50 260  9.8 13.9  0.40  3.00 99.00 999 9999.0   6.3 999.0   1.9 99.0 99.00
2019 01 09 11 45 250  8.8 12.9  0.40  3.00 99.00 999 9999.0   6.1 999.0   1.7 99.0 99.00
2019 01 09 11 50 270 10.3 14.9  0.50  3.00 99.00 999 9999.0   6.2 999.0   0.7 99.0 99.00
2019 01 09 12 30 270 10.3 14.9  0.50  3.00 99.00 999 9999.0   6.2 999.0   0.2 99.0 99.00
2019 01 09 12 50 270 10.3 16.0  0.50  3.00 99.00 999 9999.0   6.2 999.0  -0.8 99.0 99.00
2019 01 09 13 45 270 11.3 16.5  0.60  3.00 99.00 999 9999.0   6.5 999.0  -1.4 99.0 99.00
2019 01 09 13 50 270 10.8 16.0  0.70  4.00 99.00 999 9999.0   6.5 999.0  -1.5 99.0 99.00
2019 01 09 14 45 280 10.3 14.9  0.70  4.00 99.00 999 9999.0   6.5 999.0  -1.6 99.0 99.00
2019 01 09 14 50 280 10.8 18.0  0.80  4.00 99.00 999 9999.0   6.6 999.0  -2.0 99.0 99.00
2019 01 09 15 30 290 11.8 18.0  0.80  3.00 99.00 999 9999.0   6.6 999.0  -2.1 99.0 99.00
2019 01 09 15 50 280 11.3 18.5  0.80  3.00 99.00 999 9999.0   6.6 999.0  -1.7 99.0 99.00
2019 01 09 16 45 280 11.8 18.0  0.90  4.00 99.00 999 9999.0   6.6 999.0  -1.8 99.0 99.00
2019 01 09 16 50 290 11.8 17.0  0.90  4.00 99.00 999 9999.0   6.6 999.0  -1.8 99.0 99.00
2019 01 09 17 15 290 11.8 17.0  0.90  4.00 99.00 999 9999.0   6.6 999.0  -1.8 99.0 99.00
2019 01 09 17 50 280 11.3 18.0  0.80  4.00 99.00 999 9999.0   6.5 999.0  -1.9 99.0 99.00
2019 01 09 18 45 280 11.3 17.5  0.80  4.00 99.00 999 9999.0   6.2 999.0  -2.0 99.0 99.00
2019 01 09 18 50 280  9.8 14.4  0.80  3.00 99.00 999 9999.0   6.0 999.0  -1.8 99.0 99.00
2019 01 09 19 45 290 10.3 14.4  0.70  3.00 99.00 999 9999.0   6.1 999.0  -1.9 99.0 99.00
2019 01 09 19 50 290 10.8 16.5  0.70  3.00 99.00 999 9999.0   5.9 999.0  -2.0 99.0 99.00
2019 01 09 20 45 280 10.3 14.4  0.70  3.00 99.00 999 9999.0   5.7 999.0  -2.5 99.0 99.00
2019 01 09 21 20 290 10.8 14.4  0.60  3.00 99.00 999 9999.0   5.3 999.0  -4.3 99.0 99.00
2019 01 09 21 45 290 11.8 17.0  0.60  3.00 99.00 999 9999.0   5.4 999.0  -4.4 99.0 99.00
2019 01 09 22 45 290  8.8 12.9  0.60  3.00 99.00 999 9999.0   5.1 999.0  -4.6 99.0 99.00
2019 01 09 22 50 290  9.8 15.4  0.60  3.00 99.00 999 9999.0   4.8 999.0  -4.8 99.0 99.00
2019 01 09 23 45 290 11.3 17.0  0.60  3.00 99.00 999 9999.0   4.2 999.0  -5.2 99.0 99.00
2019 01 09 23 50 300  9.3 13.4  0.60  3.00 99.00 999 9999.0   3.9 999.0  -4.7 99.0 99.00
2019 01 10 00 20 290  9.8 14.4  0.60  3.00 99.00 999 9999.0   3.2 999.0  -5.1 99.0 99.00
2019 01 10 00 30 290 10.3 14.9  0.60  3.00 99.00 999 9999.0   3.8 999.0  -4.5 99.0 99.00
2019 01 10 01 45 290  9.3 13.4  0.60  3.00 99.00 999 9999.0   3.0 999.0  -5.1 99.0 99.00
2019 01 10 01 50 290  9.8 13.4  0.50  3.00 99.00 999 9999.0   2.8 999.0  -5.7 99.0 99.00
2019 01 10 02 45 280 10.3 14.9  0.50  3.00 99.00 999 9999.0   2.6 999.0  -5.3 99.0 99.00
2019 01 10 03 20 280 10.8 16.0  0.60  3.00 99.00 999 9999.0   2.4 999.0  -5.2 99.0 99.00
2019 01 10 03 45 290  9.8 14.4  0.60  3.00 99.00 999 9999.0   2.2 999.0  -6.0 99.0 99.00
2019 01 10 03 50 290  9.8 13.9  0.70  3.00 99.00 999 9999.0   2.2 999.0  -5.6 99.0 99.00
2019 01 10 04 45 280  9.8 14.4  0.60  3.00 99.00 999 9999.0   1.9 999.0  -6.4 99.0 99.00
2019 01 10 04 50 280 10.3 15.4  0.60  3.00 99.00 999 9999.0   1.8 999.0  -5.9 99.0 99.00
2019 01 10 05 45 280 10.3 16.5  0.60  4.00 99.00 999 9999.0   1.7 999.0  -6.1 99.0 99.00
2019 01 10 05 50 280  9.8 13.9  0.60  4.00 99.00 999 9999.0   1.7 999.0  -5.9 99.0 99.00
2019 01 10 06 45 280 10.3 14.9  0.70  3.00 99.00 999 9999.0   1.4 999.0  -6.0 99.0 99.00
2019 01 10 06 50 290  9.8 16.0  0.70  3.00 99.00 999 9999.0   1.3 999.0  -6.0 99.0 99.00
2019 01 10 07 45 280  9.8 14.9  0.60  3.00 99.00 999 9999.0   1.3 999.0  -6.2 99.0 99.00
2019 01 10 07 50 280 10.3 16.0  0.60  3.00 99.00 999 9999.0   1.0 999.0  -5.2 99.0 99.00
2019 01 10 08 45 280 10.3 14.4  0.60  3.00 99.00 999 9999.0   0.6 999.0  -4.4 99.0 99.00
2019 01 10 08 50 270 10.3 13.9  0.70  3.00 99.00 999 9999.0   0.3 999.0  -4.0 99.0 99.00
2019 01 10 09 45 270  8.8 12.4  0.50  3.00 99.00 999 9999.0   0.5 999.0  -4.3 99.0 99.00
2019 01 10 09 50 290 10.3 14.9  0.50  3.00 99.00 999 9999.0   0.9 999.0  -5.1 99.0 99.00
2019 01 10 10 45 280  9.8 13.9  0.50  3.00 99.00 999 9999.0   0.9 999.0  -5.2 99.0 99.00
2019 01 10 10 50 280 10.8 16.5  0.70  3.00 99.00 999 9999.0   1.2 999.0  -5.4 99.0 99.00
2019 01 10 11 20 280 10.8 16.0  0.70  3.00 99.00 999 9999.0   1.0 999.0  -5.5 99.0 99.00
2019 01 10 11 45 280 10.8 16.0  0.70  3.00 99.00 999 9999.0   1.1 999.0  -5.4 99.0 99.00
2019 01 10 12 45 280 10.8 14.9  0.80  3.00 99.00 999 9999.0   0.9 999.0  -5.7 99.0 99.00
2019 01 10 12 50 280 10.8 16.0  0.80  3.00 99.00 999 9999.0   0.9 999.0  -6.0 99.0 99.00
2019 01 10 13 20 290 10.3 13.9  0.80  3.00 99.00 999 9999.0   1.0 999.0  -6.5 99.0 99.00
2019 01 10 13 45 290 11.3 18.5  0.80  3.00 99.00 999 9999.0   0.9 999.0  -6.1 99.0 99.00
2019 01 10 14 45 290 11.3 16.5  0.70  3.00 99.00 999 9999.0   1.0 999.0  -6.1 99.0 99.00
2019 01 10 14 50 290 11.3 16.5  0.70  3.00 99.00 999 9999.0   0.9 999.0  -6.6 99.0 99.00
2019 01 10 15 20 300 10.8 16.0  0.80  3.00 99.00 999 9999.0   0.8 999.0  -6.6 99.0 99.00
2019 01 10 15 45 300 10.8 16.0  0.80  3.00 99.00 999 9999.0   0.8 999.0  -6.6 99.0 99.00
2019 01 10 16 45 300 12.4 18.5  0.80  3.00 99.00 999 9999.0   0.6 999.0  -7.3 99.0 99.00
2019 01 10 16 50 300 11.8 17.5  0.80  3.00 99.00 999 9999.0   0.6 999.0  -7.6 99.0 99.00
2019 01 10 17 50 300 12.9 18.0  0.80  3.00 99.00 999 9999.0   0.8 999.0  -7.6 99.0 99.00
2019 01 10 18 00 300 12.9 18.0  0.80  3.00 99.00 999 9999.0   0.8 999.0  -7.6 99.0 99.00
2019 01 10 18 20 300 11.3 17.0  0.80  3.00 99.00 999 9999.0   1.1 999.0  -7.4 99.0 99.00
2019 01 10 18 45 310 12.4 19.6  0.80  3.00 99.00 999 9999.0   1.1 999.0  -7.3 99.0 99.00
2019 01 10 19 20 310 11.3 16.0  0.70  3.00 99.00 999 9999.0   1.0 999.0  -7.2 99.0 99.00
2019 01 10 19 45 300 11.3 16.0  0.80  3.00 99.00 999 9999.0   1.1 999.0  -7.0 99.0 99.00
2019 01 10 20 30 310 11.3 16.5  0.70  3.00 99.00 999 9999.0   0.9 999.0  -7.1 99.0 99.00
2019 01 10 20 50 300 10.8 16.0  0.60  3.00 99.00 999 9999.0   1.1 999.0  -6.9 99.0 99.00
2019 01 10 21 45 300 10.8 15.4  0.60  3.00 99.00 999 9999.0   1.1 999.0  -6.3 99.0 99.00
2019 01 10 21 50 300 11.8 17.0  0.70  3.00 99.00 999 9999.0   1.0 999.0  -6.2 99.0 99.00
2019 01 10 22 50 300 10.8 15.4  0.70  3.00 99.00 999 9999.0   0.8 999.0  -6.2 99.0 99.00
2019 01 10 23 00 310 11.8 16.5  0.70  3.00 99.00 999 9999.0   0.9 999.0  -6.4 99.0 99.00
2019 01 10 23 45 290  9.8 13.9  0.60  3.00 99.00 999 9999.0   0.7 999.0  -6.3 99.0 99.00
2019 01 11 00 20 300  9.8 14.4  0.60  3.00 99.00 999 9999.0   0.6 999.0  -6.3 99.0 99.00
2019 01 11 00 30 290 10.3 14.9  0.60  3.00 99.00 999 9999.0   0.5 999.0  -6.4 99.0 99.00
2019 01 11 00 50 290 11.3 17.5  0.60  3.00 99.00 999 9999.0   0.3 999.0  -6.1 99.0 99.00
2019 01 11 01 30 290 10.3 15.4  0.70  3.00 99.00 999 9999.0   0.2 999.0  -6.4 99.0 99.00
2019 01 11 01 50 290 12.4 18.5  0.70  3.00 99.00 999 9999.0  -0.1 999.0  -6.4 99.0 99.00
2019 01 11 02 45 290 11.3 15.4  0.70  3.00 99.00 999 9999.0  -0.1 999.0  -6.1 99.0 99.00
2019 01 11 02 50 290 10.3 14.9  0.70  3.00 99.00 999 9999.0  -0.4 999.0  -6.6 99.0 99.00
2019 01 11 03 45 290 11.3 17.0  0.70  3.00 99.00 999 9999.0  -0.8 999.0  -6.9 99.0 99.00
2019 01 11 03 50 290 12.4 19.0  0.70  3.00 99.00 999 9999.0  -1.0 999.0  -7.2 99.0 99.00
2019 01 11 04 30 290 11.3 16.5  0.90  4.00 99.00 999 9999.0  -1.1 999.0  -7.4 99.0 99.00
2019 01 11 05 20 300 12.9 18.5  0.70  3.00 99.00 999 9999.0  -1.4 999.0  -7.6 99.0 99.00
2019 01 11 05 45 290 10.3 16.5  0.70  3.00 99.00 999 9999.0  -1.6 999.0  -8.1 99.0 99.00
2019 01 11 06 45 290 10.8 18.5  0.70  3.00 99.00 999 9999.0  -1.8 999.0  -8.3 99.0 99.00
2019 01 11 06 50 300  9.8 14.9  0.70  3.00 99.00 999 9999.0  -1.9 999.0  -8.4 99.0 99.00
2019 01 11 07 45 300 12.4 18.5  0.60  3.00 99.00 999 9999.0  -2.2 999.0  -8.7 99.0 99.00
2019 01 11 07 50 300 10.8 15.4  0.70  3.00 99.00 999 9999.0  -2.5 999.0  -9.2 99.0 99.00
2019 01 11 08 45 300  9.3 14.4  0.70  3.00 99.00 999 9999.0  -2.7 999.0  -9.1 99.0 99.00
2019 01 11 08 50 300  8.8 13.9  0.60  3.00 99.00 999 9999.0  -2.9 999.0  -9.1 99.0 99.00
2019 01 11 09 45 300 10.3 16.0  0.50  3.00 99.00 999 9999.0  -3.2 999.0  -9.3 99.0 99.00
2019 01 11 09 50 300 11.8 18.5  0.60  3.00 99.00 999 9999.0  -3.6 999.0  -9.3 99.0 99.00
2019 01 11 10 30 310 12.9 18.5  1.00  4.00 99.00 999 9999.0  -3.7 999.0  -9.0 99.0 99.00
2019 01 11 10 50 300 14.4 21.6  1.00  4.00 99.00 999 9999.0  -3.8 999.0  -8.7 99.0 99.00
2019 01 11 12 45 300  9.3 13.9  0.80  3.00 99.00 999 9999.0  -4.8 999.0 -10.5 99.0 99.00
2019 01 11 12 50 300  8.8 12.4  0.50  3.00 99.00 999 9999.0  -4.9 999.0 -11.0 99.0 99.00
2019 01 11 13 45 300  9.8 14.9  0.50  3.00 99.00 999 9999.0  -4.8 999.0 -11.1 99.0 99.00
2019 01 11 13 50 300  9.8 14.4  0.50  3.00 99.00 999 9999.0  -4.6 999.0 -11.1 99.0 99.00
2019 01 11 14 45 300  8.8 12.9  0.50  3.00 99.00 999 9999.0  -4.3 999.0 -10.8 99.0 99.00
2019 01 11 14 50 300  9.3 13.4  0.60  3.00 99.00 999 9999.0  -4.0 999.0 -11.3 99.0 99.00
2019 01 11 15 45 310  8.8 12.4  0.50  3.00 99.00 999 9999.0  -3.8 999.0 -11.7 99.0 99.00
2019 01 11 15 50 310  8.8 13.4  0.50  3.00 99.00 999 9999.0  -3.2 999.0 -11.3 99.0 99.00
2019 01 11 16 45 300  8.8 12.4  0.50  3.00 99.00 999 9999.0  -3.0 999.0 -11.5 99.0 99.00
2019 01 11 16 50 290  9.3 13.4  0.50  3.00 99.00 999 9999.0  -2.5 999.0 -11.3 99.0 99.00
2019 01 11 17 45 300 10.8 14.9  0.60  3.00 99.00 999 9999.0  -2.1 999.0 -11.4 99.0 99.00
2019 01 11 17 50 300 10.8 15.4  0.60  3.00 99.00 999 9999.0  -1.7 999.0 -11.6 99.0 99.00
2019 01 11 18 45 310 10.3 14.9  0.60  3.00 99.00 999 9999.0  -1.2 999.0 -11.6 99.0 99.00
2019 01 11 18 50 300 10.3 14.4  0.60  3.00 99.00 999 9999.0  -1.0 999.0 -12.2 99.0 99.00
2019 01 11 19 45 300  9.3 13.9  0.60  3.00 99.00 999 9999.0  -0.8 999.0 -11.8 99.0 99.00
2019 01 11 19 50 300  9.3 12.4  0.60  3.00 99.00 999 9999.0  -0.8 999.0 -12.0 99.0 99.00
2019 01 11 20 30 300  9.3 14.4  0.60  3.00 99.00 999 9999.0  -0.7 999.0 -11.9 99.0 99.00
2019 01 11 20 50 300  9.3 13.9  0.60  3.00 99.00 999 9999.0  -0.9 999.0 -11.8 99.0 99.00
2019 01 11 21 45 310  9.3 12.4  0.50  3.00 99.00 999 9999.0  -0.9 999.0 -12.5 99.0 99.00
2019 01 11 21 50 300  9.3 13.4  0.50  2.00 99.00 999 9999.0  -1.1 999.0 -12.1 99.0 99.00
2019 01 11 22 45 300  7.2 10.3  0.50  2.00 99.00 999 9999.0  -1.4 999.0 -12.3 99.0 99.00
2019 01 11 22 50 310  8.8 12.4  0.40  2.00 99.00 999 9999.0  -1.7 999.0 -12.6 99.0 99.00
2019 01 11 23 30 310  8.8 12.9  0.50  2.00 99.00 999 9999.0  -1.8 999.0 -12.4 99.0 99.00
2019 01 11 23 50 310  8.8 12.9  0.50  2.00 99.00 999 9999.0  -2.2 999.0 -12.4 99.0 99.00
2019 01 12 00 30 310  8.8 12.4  0.30  2.00 99.00 999 9999.0  -2.3 999.0 -12.5 99.0 99.00
2019 01 12 00 50 300  6.7 10.3  0.30  2.00 99.00 999 9999.0  -2.7 999.0 -12.9 99.0 99.00
2019 01 12 01 45 310  6.7 10.8  0.30  2.00 99.00 999 9999.0  -3.1 999.0 -13.6 99.0 99.00
2019 01 12 01 50 320  6.7 10.3  0.30  2.00 99.00 999 9999.0  -3.3 999.0 -12.8 99.0 99.00
2019 01 12 02 45 310  6.2  9.3  0.20 99.00 99.00 999 9999.0  -3.7 999.0 -13.5 99.0 99.00
2019 01 12 02 50 310  5.1  8.2  0.20 99.00 99.00 999 9999.0  -3.9 999.0 -13.5 99.0 99.00
2019 01 12 03 45 310  6.2  8.8  0.20 99.00 99.00 999 9999.0  -4.1 999.0 -13.6 99.0 99.00
2019 01 12 03 50 310  5.1  8.2  0.20 99.00 99.00 999 9999.0  -4.2 999.0 -13.6 99.0 99.00
2019 01 12 04 45 300  5.1  7.7  0.20 99.00 99.00 999 9999.0  -4.4 999.0 -14.0 99.0 99.00
2019 01 12 04 50 310  4.6  6.7  0.10 99.00 99.00 999 9999.0  -4.7 999.0 -14.2 99.0 99.00
2019 01 12 05 45 300  4.6  6.2  0.10 99.00 99.00 999 9999.0  -4.7 999.0 -13.3 99.0 99.00
2019 01 12 05 50 290  4.1  6.7  0.10 99.00 99.00 999 9999.0  -4.9 999.0 -13.9 99.0 99.00
2019 01 12 06 45 300  4.1  6.7  0.10 99.00 99.00 999 9999.0  -5.1 999.0 -14.0 99.0 99.00
2019 01 12 06 50 310  5.7  8.2  0.10 99.00 99.00 999 9999.0  -5.2 999.0 -13.3 99.0 99.00
2019 01 12 07 50 320  5.7  7.7  0.10 99.00 99.00 999 9999.0  -5.6 999.0 -12.7 99.0 99.00
2019 01 12 08 00 320  5.7  8.2  0.10 99.00 99.00 999 9999.0  -5.4 999.0 -12.6 99.0 99.00
2019 01 12 08 30 320  5.1  8.2  0.10 99.00 99.00 999 9999.0  -5.5 999.0 -12.1 99.0 99.00
2019 01 12 08 50 330  3.1  5.1  0.10 99.00 99.00 999 9999.0  -5.7 999.0 -12.5 99.0 99.00
2019 01 12 09 45 340  3.6  5.1  0.10 99.00 99.00 999 9999.0  -5.9 999.0 -12.4 99.0 99.00
2019 01 12 09 50 330  3.1  5.1  0.10 99.00 99.00 999 9999.0  -5.9 999.0 -12.4 99.0 99.00
2019 01 12 10 45 330  3.6  5.7  0.00 99.00 99.00 999 9999.0  -6.1 999.0 -12.7 99.0 99.00
2019 01 12 10 50 320  2.1  4.1  0.10 99.00 99.00 999 9999.0  -6.1 999.0 -12.6 99.0 99.00
2019 01 12 11 45 300  2.1  4.1  0.10 99.00 99.00 999 9999.0  -6.0 999.0 -12.7 99.0 99.00
2019 01 12 11 50 300  1.5  3.1  0.10 99.00 99.00 999 9999.0  -5.8 999.0 -12.7 99.0 99.00
2019 01 12 12 45 330  1.5  2.6  0.10 99.00 99.00 999 9999.0  -5.6 999.0 -12.6 99.0 99.00
2019 01 12 12 50 310  1.0  2.6  0.00 99.00 99.00 999 9999.0  -5.4 999.0 -12.4 99.0 99.00
2019 01 12 13 45 260  1.0  3.1  0.00 99.00 99.00 999 9999.0  -5.1 999.0 -11.8 99.0 99.00
2019 01 12 13 50 270  1.5  2.6  0.00 99.00 99.00 999 9999.0  -4.8 999.0 -11.7 99.0 99.00
2019 01 12 14 45 270  1.5  2.6  0.00 99.00 99.00 999 9999.0  -4.7 999.0 -12.1 99.0 99.00
2019 01 12 14 50 270  1.5  3.6  0.00 99.00 99.00 999 9999.0  -3.7 999.0 -11.9 99.0 99.00
2019 01 12 15 45 270  1.5  3.1  0.00 99.00 99.00 999 9999.0  -3.8 999.0 -12.0 99.0 99.00
2019 01 12 15 50 230  1.5  2.6  0.00 99.00 99.00 999 9999.0  -3.5 999.0 -11.7 99.0 99.00
2019 01 12 16 45 210  1.0  2.1  0.00 99.00 99.00 999 9999.0  -3.1 999.0 -11.8 99.0 99.00
2019 01 12 16 50 210  2.1  3.1  0.10 99.00 99.00 999 9999.0  -2.8 999.0 -11.1 99.0 99.00
2019 01 12 17 45 180  1.5  2.6  0.00 99.00 99.00 999 9999.0  -2.3 999.0 -11.5 99.0 99.00
2019 01 12 17 50 230  1.0  2.6  0.00 99.00 99.00 999 9999.0  -1.6 999.0 -11.6 99.0 99.00
2019 01 12 18 45 240  1.0  2.1  0.10 99.00 99.00 999 9999.0  -1.5 999.0 -10.3 99.0 99.00
2019 01 12 18 50 230  1.5  2.6  0.00 99.00 99.00 999 9999.0  -1.2 999.0 -10.1 99.0 99.00
2019 01 12 19 45 280  0.5  2.6  0.00 99.00 99.00 999 9999.0  -0.6 999.0 -10.9 99.0 99.00
2019 01 12 19 50 300  4.6  6.7  0.00 99.00 99.00 999 9999.0   0.0 999.0 -11.4 99.0 99.00
2019 01 12 20 45 330  4.1  6.2  0.00 99.00 99.00 999 9999.0  -0.3 999.0 -11.2 99.0 99.00
2019 01 12 20 50 340  3.1  4.1  0.10 99.00 99.00 999 9999.0   0.0 999.0 -11.5 99.0 99.00
2019 01 12 21 45 340  2.6  4.1  0.10 99.00 99.00 999 9999.0  -0.5 999.0 -11.5 99.0 99.00
2019 01 12 22 20  20  3.1  4.1  0.00 99.00 99.00 999 9999.0  -0.7 999.0 -10.9 99.0 99.00
2019 01 12 22 45 360  3.1  4.6  0.00 99.00 99.00 999 9999.0  -0.7 999.0 -10.8 99.0 99.00
2019 01 12 22 50  10  2.6  4.1  0.00 99.00 99.00 999 9999.0  -0.7 999.0 -10.8 99.0 99.00
2019 01 12 23 45 360  2.1  3.1  0.00 99.00 99.00 999 9999.0  -0.7 999.0 -10.9 99.0 99.00
2019 01 12 23 50  20  2.1  4.1  0.00 99.00 99.00 999 9999.0  -0.6 999.0 -10.9 99.0 99.00
2019 01 13 00 45  10  2.1  3.1  0.00 99.00 99.00 999 9999.0  -0.6 999.0 -11.0 99.0 99.00
2019 01 13 00 50 330  1.0  3.1  0.00 99.00 99.00 999 9999.0  -0.8 999.0 -11.3 99.0 99.00
2019 01 13 01 45 330  2.1  3.1  0.00 99.00 99.00 999 9999.0  -0.8 999.0 -11.0 99.0 99.00
2019 01 13 01 50 340  2.1  3.6  0.00 99.00 99.00 999 9999.0  -0.8 999.0 -10.7 99.0 99.00
2019 01 13 02 45 350  3.1  4.6  0.00 99.00 99.00 999 9999.0  -0.8 999.0  -9.8 99.0 99.00
2019 01 13 02 50 360  3.6  4.6  0.00 99.00 99.00 999 9999.0  -1.0 999.0  -9.9 99.0 99.00
2019 01 13 03 45  20  4.1  5.7  0.00 99.00 99.00 999 9999.0  -1.3 999.0 -10.2 99.0 99.00
2019 01 13 03 50  20  3.6  4.6  0.00 99.00 99.00 999 9999.0  -1.6 999.0 -10.0 99.0 99.00
2019 01 13 04 45  10  4.1  6.2  0.10 99.00 99.00 999 9999.0  -1.7 999.0  -9.9 99.0 99.00
2019 01 13 04 50  10  4.1  5.7  0.10 99.00 99.00 999 9999.0  -2.0 999.0 -10.3 99.0 99.00
2019 01 13 05 45  20  4.1  6.2  0.10 99.00 99.00 999 9999.0  -2.1 999.0 -10.2 99.0 99.00
2019 01 13 05 50  20  4.6  6.2  0.10 99.00 99.00 999 9999.0  -2.1 999.0 -10.9 99.0 99.00
2019 01 13 06 45  10  4.1  6.2  0.10 99.00 99.00 999 9999.0  -2.3 999.0 -10.8 99.0 99.00
2019 01 13 06 50  10  3.1  5.1  0.10 99.00 99.00 999 9999.0  -2.5 999.0 -11.6 99.0 99.00
2019 01 13 07 45 360  2.6  4.6  0.10 99.00 99.00 999 9999.0  -2.6 999.0 -12.1 99.0 99.00
2019 01 13 07 50 350  3.1  4.6  0.10 99.00 99.00 999 9999.0  -2.8 999.0 -12.7 99.0 99.00
2019 01 13 08 45 330  3.6  4.6  0.10 99.00 99.00 999 9999.0  -2.9 999.0 -13.5 99.0 99.00
2019 01 13 08 50 350  4.6  6.2  0.10 99.00 99.00 999 9999.0  -3.2 999.0 -13.7 99.0 99.00
2019 01 13 09 45 360  5.1  6.7  0.10 99.00 99.00 999 9999.0  -3.3 999.0 -14.2 99.0 99.00
2019 01 13 09 50  10  4.1  6.7  0.10 99.00 99.00 999 9999.0  -3.6 999.0 -14.7 99.0 99.00
2019 01 13 10 45  10  4.6  6.7  0.10 99.00 99.00 999 9999.0  -3.8 999.0 -15.0 99.0 99.00
2019 01 13 10 50 360  3.1  5.1  0.10 99.00 99.00 999 9999.0  -3.8 999.0 -14.6 99.0 99.00
2019 01 13 11 45  10  3.1  5.1  0.10 99.00 99.00 999 9999.0  -3.9 999.0 -14.6 99.0 99.00
2019 01 13 11 50  10  3.1  4.6  0.10 99.00 99.00 999 9999.0  -4.0 999.0 -14.4 99.0 99.00
2019 01 13 12 45  10  3.6  5.1  0.10 99.00 99.00 999 9999.0  -4.0 999.0 -14.1 99.0 99.00
2019 01 13 12 50  20  3.1  5.1  0.10 99.00 99.00 999 9999.0  -4.0 999.0 -13.9 99.0 99.00
2019 01 13 13 45  10  4.1  5.7  0.10 99.00 99.00 999 9999.0  -3.9 999.0 -13.2 99.0 99.00
2019 01 13 13 50  40  3.1  7.2  0.10 99.00 99.00 999 9999.0  -3.7 999.0 -13.4 99.0 99.00
2019 01 13 14 45  40  3.6  5.7  0.10 99.00 99.00 999 9999.0  -3.0 999.0 -13.1 99.0 99.00
2019 01 13 14 50  50  4.1  6.7  0.10 99.00 99.00 999 9999.0  -3.0 999.0 -13.4 99.0 99.00
2019 01 13 15 45  50  5.7  8.2  0.20 99.00 99.00 999 9999.0  -2.4 999.0 -12.9 99.0 99.00
2019 01 13 15 50  50  4.6  7.2  0.30  3.00 99.00 999 9999.0  -2.0 999.0 -12.5 99.0 99.00
2019 01 13 16 45  50  4.1  6.7  0.20 99.00 99.00 999 9999.0  -1.6 999.0 -13.2 99.0 99.00
2019 01 13 16 50  60  3.6  6.2  0.20 99.00 99.00 999 9999.0  -1.4 999.0 -13.4 99.0 99.00
2019 01 13 17 45  80  3.6  5.7  0.20 99.00 99.00 999 9999.0  -1.0 999.0 -12.4 99.0 99.00
2019 01 13 17 50  60  4.1  6.2  0.20 99.00 99.00 999 9999.0  -0.8 999.0 -12.9 99.0 99.00
2019 01 13 18 45  70  4.6  6.2  0.20 99.00 99.00 999 9999.0  -0.6 999.0 -11.9 99.0 99.00
2019 01 13 18 50 100  4.6  6.2  0.20 99.00 99.00 999 9999.0  -0.8 999.0 -11.3 99.0 99.00
2019 01 13 19 45  80  5.7  7.2  0.20 99.00 99.00 999 9999.0  -0.5 999.0 -10.2 99.0 99.00
2019 01 13 19 50  80  6.2  8.2  0.30  3.00 99.00 999 9999.0  -0.5 999.0  -9.1 99.0 99.00
2019 01 13 20 45  90  6.2  8.8  0.30  3.00 99.00 999 9999.0  -0.6 999.0  -8.6 99.0 99.00
2019 01 13 20 50  80  5.7  7.2  0.30  3.00 99.00 999 9999.0  -0.3 999.0  -8.6 99.0 99.00
2019 01 13 21 45  30  5.1  7.2  0.30  3.00 99.00 999 9999.0   0.1 999.0 -11.1 99.0 99.00
2019 01 13 21 50  50  6.2  9.3  0.30  2.00 99.00 999 9999.0   0.2 999.0 -11.1 99.0 99.00
2019 01 13 22 45  50  7.7 11.3  0.40  3.00 99.00 999 9999.0   0.1 999.0 -10.1 99.0 99.00
2019 01 13 22 50  60  8.8 11.8  0.60  4.00 99.00 999 9999.0  -0.1 999.0  -9.6 99.0 99.00
2019 01 13 23 45  60  8.2 11.3  0.60  4.00 99.00 999 9999.0  -0.8 999.0  -9.2 99.0 99.00
2019 01 13 23 50  50  7.7 10.3  0.60  4.00 99.00 999 9999.0  -1.1 999.0  -9.5 99.0 99.00
2019 01 14 00 45  60  8.8 11.8  0.80  4.00 99.00 999 9999.0  -1.2 999.0  -9.0 99.0 99.00
2019 01 14 00 50  60  9.3 12.4  0.80  4.00 99.00 999 9999.0  -1.3 999.0  -8.9 99.0 99.00
2019 01 14 01 45  60  9.8 13.4  0.90  4.00 99.00 999 9999.0  -1.5 999.0  -9.1 99.0 99.00
2019 01 14 01 50  50  9.3 13.4  0.90  4.00 99.00 999 9999.0  -1.7 999.0  -8.9 99.0 99.00
2019 01 14 02 30  50  9.3 12.4  0.90  5.00 99.00 999 9999.0  -1.9 999.0  -9.2 99.0 99.00
2019 01 14 02 50  50  8.8 11.8  0.90  4.00 99.00 999 9999.0  -2.1 999.0  -9.3 99.0 99.00
2019 01 14 03 45  50  8.8 12.4  0.90  4.00 99.00 999 9999.0  -2.4 999.0  -9.0 99.0 99.00
2019 01 14 03 50  50  8.8 12.9  0.90  5.00 99.00 999 9999.0  -2.5 999.0  -9.2 99.0 99.00
2019 01 14 04 45  40  8.8 11.8  0.90  5.00 99.00 999 9999.0  -3.0 999.0  -9.4 99.0 99.00
2019 01 14 04 50  50  8.2 11.8  0.90  5.00 99.00 999 9999.0  -3.2 999.0  -8.8 99.0 99.00
2019 01 14 05 30  50  8.8 12.4  0.80  5.00 99.00 999 9999.0  -3.3 999.0  -8.6 99.0 99.00
2019 01 14 05 50  50  8.8 12.4  0.80  5.00 99.00 999 9999.0  -3.7 999.0  -8.2 99.0 99.00
2019 01 14 06 45  50  9.8 13.9  0.90  5.00 99.00 999 9999.0  -3.8 999.0  -7.8 99.0 99.00
2019 01 14 06 50  40  9.8 14.4  0.80  4.00 99.00 999 9999.0  -3.8 999.0  -7.6 99.0 99.00
2019 01 14 07 30  30 10.3 13.9  0.80  4.00 99.00 999 9999.0  -3.7 999.0  -7.4 99.0 99.00
2019 01 14 07 50  20  8.8 12.4  0.80  4.00 99.00 999 9999.0  -3.6 999.0  -7.7 99.0 99.00
2019 01 14 08 45  20  8.2 11.3  0.70  5.00 99.00 999 9999.0  -3.7 999.0  -7.8 99.0 99.00
2019 01 14 08 50  20  8.2 10.8  0.70  4.00 99.00 999 9999.0  -3.6 999.0  -7.8 99.0 99.00
2019 01 14 09 30  20  8.2 11.3  0.60  5.00 99.00 999 9999.0  -3.5 999.0  -7.5 99.0 99.00
2019 01 14 09 50  20  7.7 11.3  0.60  5.00 99.00 999 9999.0  -3.3 999.0  -7.2 99.0 99.00
2019 01 14 10 45  10  7.2 10.8  0.60  5.00 99.00 999 9999.0  -3.4 999.0  -7.0 99.0 99.00
2019 01 14 10 50  10  7.2  9.3  0.50  4.00 99.00 999 9999.0  -3.6 999.0  -7.2 99.0 99.00
2019 01 14 11 45 360  7.2 10.3  0.50  4.00 99.00 999 9999.0  -4.4 999.0  -7.8 99.0 99.00
2019 01 14 11 50 360  7.7 10.3  0.50  4.00 99.00 999 9999.0  -4.6 999.0  -8.1 99.0 99.00
2019 01 14 12 45 360  8.2 10.3  0.50  4.00 99.00 999 9999.0  -4.9 999.0  -8.1 99.0 99.00
2019 01 14 12 50 350  8.8 11.3  0.50  3.00 99.00 999 9999.0  -5.1 999.0  -8.2 99.0 99.00
2019 01 14 13 45 360  8.2 10.3  0.50  3.00 99.00 999 9999.0  -4.8 999.0  -7.9 99.0 99.00
2019 01 14 13 50 360  7.2  9.8  0.50  3.00 99.00 999 9999.0  -4.4 999.0  -7.8 99.0 99.00
2019 01 14 14 30 360  7.2  9.8  0.50  4.00 99.00 999 9999.0  -4.1 999.0  -7.6 99.0 99.00
2019 01 14 14 50  20  6.7  9.8  0.50  4.00 99.00 999 9999.0  -3.3 999.0  -7.6 99.0 99.00
2019 01 14 15 45  40  6.7  9.8  0.50  4.00 99.00 999 9999.0  -3.0 999.0  -7.5 99.0 99.00
2019 01 14 15 50  30  5.1  7.7  0.50  4.00 99.00 999 9999.0  -2.9 999.0  -7.9 99.0 99.00
2019 01 14 16 45  30  4.1  6.2  0.50  4.00 99.00 999 9999.0  -2.5 999.0  -7.9 99.0 99.00
2019 01 14 16 50  10  2.1  4.1  0.50  4.00 99.00 999 9999.0  -2.1 999.0  -8.5 99.0 99.00
2019 01 14 17 45  80  0.5  2.6  0.50  4.00 99.00 999 9999.0  -1.2 999.0  -8.5 99.0 99.00
2019 01 14 17 50 130  1.0  2.1  0.50  4.00 99.00 999 9999.0  -0.9 999.0  -8.9 99.0 99.00
2019 01 14 18 45 120  1.0  2.1  0.50  4.00 99.00 999 9999.0  -1.0 999.0  -8.6 99.0 99.00
2019 01 14 18 50 130  0.5  2.1  0.40  4.00 99.00 999 9999.0  -0.4 999.0  -8.6 99.0 99.00
2019 01 14 19 45 190  1.5  2.6  0.40  4.00 99.00 999 9999.0  -0.2 999.0  -8.0 99.0 99.00
2019 01 14 19 50 220  1.5  3.6  0.30  4.00 99.00 999 9999.0  -0.3 999.0  -7.5 99.0 99.00
2019 01 14 20 45 240  2.1  3.6  0.30  4.00 99.00 999 9999.0   0.0 999.0  -7.1 99.0 99.00
2019 01 14 20 50 350  4.6  6.7  0.20 99.00 99.00 999 9999.0   0.7 999.0  -9.9 99.0 99.00
2019 01 14 21 15 350  4.6  6.7  0.20 99.00 99.00 999 9999.0   0.7 999.0  -9.9 99.0 99.00
2019 01 14 21 50 360  5.1  6.7  0.20 99.00 99.00 999 9999.0   0.3 999.0 -10.0 99.0 99.00
2019 01 14 22 30 350  4.6  7.2  0.20 99.00 99.00 999 9999.0  -0.1 999.0 -11.0 99.0 99.00
2019 01 14 22 50 320  4.6  6.7  0.20 99.00 99.00 999 9999.0  -0.1 999.0 -10.8 99.0 99.00
2019 01 14 23 45 330  4.1  6.2  0.10 99.00 99.00 999 9999.0  -0.4 999.0 -11.1 99.0 99.00
2019 01 14 23 50 320  3.6  5.7  0.10 99.00 99.00 999 9999.0  -0.6 999.0 -10.6 99.0 99.00
2019 01 15 00 45 320  4.1  5.7  0.10 99.00 99.00 999 9999.0  -0.9 999.0 -10.8 99.0 99.00
2019 01 15 00 50 310  3.6  5.1  0.10 99.00 99.00 999 9999.0  -1.1 999.0 -10.2 99.0 99.00
2019 01 15 01 45 320  4.1  6.2  0.10 99.00 99.00 999 9999.0  -1.4 999.0 -10.3 99.0 99.00
2019 01 15 01 50 330  4.6  6.2  0.10 99.00 99.00 999 9999.0  -1.6 999.0 -10.1 99.0 99.00
2019 01 15 02 45 320  4.1  5.7  0.10 99.00 99.00 999 9999.0  -1.8 999.0 -10.1 99.0 99.00
2019 01 15 02 50 330  3.6  5.1  0.10 99.00 99.00 999 9999.0  -2.0 999.0 -10.2 99.0 99.00
2019 01 15 03 45 330  3.6  5.1  0.10 99.00 99.00 999 9999.0  -2.0 999.0 -10.3 99.0 99.00
2019 01 15 03 50 320  3.6  4.6  0.10 99.00 99.00 999 9999.0  -2.0 999.0 -10.4 99.0 99.00
2019 01 15 04 45 320  3.6  4.6  0.10 99.00 99.00 999 9999.0  -2.2 999.0 -10.5 99.0 99.00
2019 01 15 04 50 320  3.1  4.6  0.10 99.00 99.00 999 9999.0  -2.4 999.0 -10.4 99.0 99.00
2019 01 15 05 45 340  3.1  4.6  0.00 99.00 99.00 999 9999.0  -2.3 999.0 -10.5 99.0 99.00
2019 01 15 05 50 320  4.1  5.1  0.00 99.00 99.00 999 9999.0  -2.2 999.0 -10.2 99.0 99.00
2019 01 15 06 45 310  3.6  5.1  0.00 99.00 99.00 999 9999.0  -2.2 999.0 -10.0 99.0 99.00
2019 01 15 06 50 320  3.6  5.1  0.00 99.00 99.00 999 9999.0  -2.2 999.0 -10.0 99.0 99.00
2019 01 15 07 45 300  3.1  5.1  0.00 99.00 99.00 999 9999.0  -2.3 999.0 -10.1 99.0 99.00
2019 01 15 07 50 300  4.1  6.2  0.00 99.00 99.00 999 9999.0  -2.4 999.0 -10.3 99.0 99.00
2019 01 15 08 45 300  4.1  6.2  0.00 99.00 99.00 999 9999.0  -2.7 999.0  -9.9 99.0 99.00
2019 01 15 08 50 310  3.6  6.2  0.00 99.00 99.00 999 9999.0  -2.9 999.0 -10.3 99.0 99.00
2019 01 15 09 45 330  4.1  5.7  0.00 99.00 99.00 999 9999.0  -3.0 999.0 -10.4 99.0 99.00
2019 01 15 09 50 330  3.6  5.1  0.00 99.00 99.00 999 9999.0  -3.2 999.0 -10.3 99.0 99.00
2019 01 15 10 45 340  3.6  5.1  0.00 99.00 99.00 999 9999.0  -3.4 999.0 -10.5 99.0 99.00
2019 01 15 10 50 330  3.1  5.1  0.10 99.00 99.00 999 9999.0  -3.4 999.0 -10.7 99.0 99.00
2019 01 15 11 45 350  5.1  7.7  0.10 99.00 99.00 999 9999.0  -3.3 999.0 -11.1 99.0 99.00
2019 01 15 11 50 340  3.6  5.7  0.10 99.00 99.00 999 9999.0  -3.4 999.0 -11.1 99.0 99.00
2019 01 15 12 45 340  4.1  6.2  0.00 99.00 99.00 999 9999.0  -3.0 999.0 -10.9 99.0 99.00
2019 01 15 12 50 320  3.1  4.1  0.00 99.00 99.00 999 9999.0  -2.8 999.0 -11.3 99.0 99.00
2019 01 15 13 45 310  2.6  4.1  0.10 99.00 99.00 999 9999.0  -2.8 999.0 -10.9 99.0 99.00
2019 01 15 13 50 330  2.1  3.6  0.10 99.00 99.00 999 9999.0  -2.2 999.0 -10.9 99.0 99.00
2019 01 15 14 45 330  3.1  6.2  0.00 99.00 99.00 999 9999.0  -1.6 999.0  -9.4 99.0 99.00
2019 01 15 14 50 330  3.6  5.1  0.00 99.00 99.00 999 9999.0  -1.2 999.0  -8.5 99.0 99.00
2019 01 15 15 45 340  4.6  7.2  0.10 99.00 99.00 999 9999.0  -0.2 999.0  -8.2 99.0 99.00
2019 01 15 15 50 320  4.1  6.2  0.10 99.00 99.00 999 9999.0   0.2 999.0  -8.1 99.0 99.00
2019 01 15 16 45 330  4.1  6.7  0.10 99.00 99.00 999 9999.0   0.4 999.0  -8.2 99.0 99.00
2019 01 15 16 50 330  5.1  7.2  0.10 99.00 99.00 999 9999.0   0.6 999.0  -7.9 99.0 99.00
2019 01 15 17 45 330  5.1  7.2  0.10 99.00 99.00 999 9999.0   1.1 999.0  -7.4 99.0 99.00
2019 01 15 17 50 330  4.1  6.7  0.10 99.00 99.00 999 9999.0   1.3 999.0  -7.5 99.0 99.00
2019 01 15 18 45 330  4.1  6.7  0.10 99.00 99.00 999 9999.0   1.7 999.0  -7.5 99.0 99.00
2019 01 15 18 50 330  3.6  5.1  0.10 99.00 99.00 999 9999.0   1.7 999.0  -7.7 99.0 99.00
2019 01 15 19 45 320  2.1  3.1  0.00 99.00 99.00 999 9999.0   1.4 999.0  -7.7 99.0 99.00
2019 01 15 19 50 320  2.1  3.1  0.10 99.00 99.00 999 9999.0   1.4 999.0  -7.7 99.0 99.00
2019 01 15 20 45 300  5.7  7.2  0.10 99.00 99.00 999 9999.0   1.1 999.0  -8.9 99.0 99.00
2019 01 15 20 50 300  5.7  7.2  0.10 99.00 99.00 999 9999.0   1.1 999.0  -8.3 99.0 99.00
2019 01 15 21 45 310  4.6  6.2  0.10 99.00 99.00 999 9999.0   1.0 999.0  -8.1 99.0 99.00
2019 01 15 21 50 320  4.1  5.7  0.10 99.00 99.00 999 9999.0   0.8 999.0  -8.4 99.0 99.00
2019 01 15 22 45 340  4.1  5.1  0.10 99.00 99.00 999 9999.0   0.8 999.0  -8.4 99.0 99.00
2019 01 15 22 50 340  3.6  5.1  0.10 99.00 99.00 999 9999.0   0.7 999.0  -8.2 99.0 99.00
2019 01 15 23 45 350  3.1  4.6  0.10 99.00 99.00 999 9999.0   0.6 999.0  -8.3 99.0 99.00
2019 01 15 23 50 350  3.1  3.6  0.00 99.00 99.00 999 9999.0   0.6 999.0  -7.8 99.0 99.00
2019 01 16 00 45 330  2.1  3.1  0.00 99.00 99.00 999 9999.0   0.5 999.0  -7.6 99.0 99.00
2019 01 16 00 50 300  2.1  2.6  0.10 99.00 99.00 999 9999.0   0.5 999.0  -7.3 99.0 99.00
2019 01 16 01 45 290  1.5  2.6  0.00 99.00 99.00 999 9999.0   0.4 999.0  -7.7 99.0 99.00
2019 01 16 01 50 280  1.5  2.1  0.00 99.00 99.00 999 9999.0   0.4 999.0  -7.5 99.0 99.00
2019 01 16 02 45 270  2.1  3.1  0.00 99.00 99.00 999 9999.0   0.5 999.0  -7.2 99.0 99.00
2019 01 16 02 50 300  1.5  2.6  0.00 99.00 99.00 999 9999.0   0.3 999.0  -6.6 99.0 99.00
2019 01 16 03 45 280  1.0  1.5  0.00 99.00 99.00 999 9999.0   0.2 999.0  -6.1 99.0 99.00
2019 01 16 03 50 200  1.0  2.1  0.00 99.00 99.00 999 9999.0   0.3 999.0  -4.6 99.0 99.00
2019 01 16 04 45 200  1.5  2.1  0.00 99.00 99.00 999 9999.0   0.3 999.0  -5.6 99.0 99.00
2019 01 16 04 50 200  2.6  4.1  0.00 99.00 99.00 999 9999.0   0.2 999.0  -6.5 99.0 99.00
2019 01 16 05 45 220  2.6  3.1  0.10 99.00 99.00 999 9999.0   0.0 999.0  -6.0 99.0 99.00
2019 01 16 05 50 210  2.1  3.1  0.10 99.00 99.00 999 9999.0  -0.3 999.0  -6.2 99.0 99.00
2019 01 16 06 45 220  2.6  4.1  0.00 99.00 99.00 999 9999.0  -0.2 999.0  -6.1 99.0 99.00
2019 01 16 06 50 200  4.1  5.1  0.00 99.00 99.00 999 9999.0   0.1 999.0  -6.0 99.0 99.00
2019 01 16 07 45 200  3.6  4.6  0.00 99.00 99.00 999 9999.0   0.1 999.0  -5.3 99.0 99.00
2019 01 16 07 50 210  4.6  5.7  0.00 99.00 99.00 999 9999.0   0.3 999.0  -5.4 99.0 99.00
2019 01 16 08 45 220  4.1  5.1  0.00 99.00 99.00 999 9999.0   0.2 999.0  -5.0 99.0 99.00
2019 01 16 08 50 220  5.7  6.7  0.20 99.00 99.00 999 9999.0   0.4 999.0  -4.7 99.0 99.00
2019 01 16 09 45 220  6.2  8.2  0.20 99.00 99.00 999 9999.0   0.3 999.0  -4.6 99.0 99.00
2019 01 16 09 50 210  6.2  8.2  0.20 99.00 99.00 999 9999.0   0.3 999.0  -5.2 99.0 99.00
2019 01 16 10 45 220  6.2  7.7  0.20 99.00 99.00 999 9999.0   0.3 999.0  -5.1 99.0 99.00
2019 01 16 10 50 220  5.7  8.2  0.20 99.00 99.00 999 9999.0   0.4 999.0  -4.7 99.0 99.00
2019 01 16 11 45 230  6.2 10.8  0.30  3.00 99.00 999 9999.0   0.5 999.0  -4.1 99.0 99.00
2019 01 16 13 45 250  7.7 10.8  0.40  3.00 99.00 999 9999.0   0.7 999.0  -4.0 99.0 99.00
2019 01 16 13 50 250  7.7  9.8  0.40  3.00 99.00 999 9999.0   0.9 999.0  -3.9 99.0 99.00
2019 01 16 14 45 250  7.2 10.3  0.40  3.00 99.00 999 9999.0   1.0 999.0  -3.8 99.0 99.00
2019 01 16 14 50 250  7.2  9.8  0.30  3.00 99.00 999 9999.0   1.1 999.0  -3.8 99.0 99.00
2019 01 16 15 20 250  7.2  9.3  0.30  2.00 99.00 999 9999.0   1.1 999.0  -3.8 99.0 99.00
2019 01 16 15 30 250  7.2  9.3  0.30  3.00 99.00 999 9999.0   1.1 999.0  -3.8 99.0 99.00
2019 01 16 16 45 250  7.7 10.3  0.40  3.00 99.00 999 9999.0   1.8 999.0  -3.7 99.0 99.00
2019 01 16 16 50 260  7.7 11.3  0.40  3.00 99.00 999 9999.0   1.9 999.0  -3.9 99.0 99.00
2019 01 16 17 45 260  7.2 11.3  0.30  3.00 99.00 999 9999.0   2.1 999.0  -4.1 99.0 99.00
2019 01 16 17 50 250  7.2  9.3  0.40  3.00 99.00 999 9999.0   2.7 999.0  -3.8 99.0 99.00
2019 01 16 18 45 260  7.2 10.3  0.40  3.00 99.00 999 9999.0   2.9 999.0  -3.7 99.0 99.00
2019 01 16 18 50 280  7.7 10.8  0.40  3.00 99.00 999 9999.0   3.3 999.0  -4.0 99.0 99.00
2019 01 16 19 45 270  7.2 10.8  0.30  3.00 99.00 999 9999.0   3.6 999.0  -4.3 99.0 99.00
2019 01 16 19 50 270  6.7  9.3  0.30  3.00 99.00 999 9999.0   3.7 999.0  -3.6 99.0 99.00
2019 01 16 20 45 270  6.7  9.8  0.30  3.00 99.00 999 9999.0   3.7 999.0  -3.4 99.0 99.00
2019 01 16 20 50 260  6.2  9.8  0.30  3.00 99.00 999 9999.0   3.9 999.0  -3.6 99.0 99.00
2019 01 16 21 45 280  6.7  8.8  0.30  3.00 99.00 999 9999.0   4.1 999.0  -4.0 99.0 99.00
2019 01 16 21 50 260  5.7  7.2  0.30  3.00 99.00 999 9999.0   4.1 999.0  -4.0 99.0 99.00
2019 01 16 22 45 250  5.1  6.7  0.20 99.00 99.00 999 9999.0   4.2 999.0  -3.3 99.0 99.00
2019 01 16 22 50 250  6.2  8.8  0.20 99.00 99.00 999 9999.0   4.2 999.0  -3.3 99.0 99.00
2019 01 16 23 45 250  6.7  9.3  0.30  3.00 99.00 999 9999.0   4.2 999.0  -3.1 99.0 99.00
2019 01 16 23 50 250  6.7  9.3  0.30  3.00 99.00 999 9999.0   4.1 999.0  -3.1 99.0 99.00
2019 01 17 00 45 260  7.2 10.3  0.30  3.00 99.00 999 9999.0   4.0 999.0  -3.5 99.0 99.00
2019 01 17 00 50 270  5.7  8.2  0.30  3.00 99.00 999 9999.0   3.8 999.0  -3.2 99.0 99.00
2019 01 17 01 45 290  6.7 10.8  0.30  3.00 99.00 999 9999.0   3.8 999.0  -3.7 99.0 99.00
2019 01 17 01 50 320  7.2 10.3  0.30  3.00 99.00 999 9999.0   3.5 999.0  -4.3 99.0 99.00
2019 01 17 02 45 310  8.2 11.8  0.40  2.00 99.00 999 9999.0   2.9 999.0  -5.4 99.0 99.00
2019 01 17 02 50 310  8.8 12.4  0.40  2.00 99.00 999 9999.0   2.6 999.0  -6.0 99.0 99.00
2019 01 17 03 45 300  8.8 12.4  0.40  2.00 99.00 999 9999.0   2.0 999.0  -7.6 99.0 99.00
2019 01 17 03 50 300 10.3 13.9  0.40  3.00 99.00 999 9999.0   1.6 999.0  -8.4 99.0 99.00
2019 01 17 04 45 310  8.2 11.8  0.40  3.00 99.00 999 9999.0   1.2 999.0  -8.8 99.0 99.00
2019 01 17 04 50 310  7.2 10.3  0.30  2.00 99.00 999 9999.0   0.8 999.0  -8.9 99.0 99.00
2019 01 17 05 45 310  8.2 10.8  0.30  2.00 99.00 999 9999.0   0.5 999.0  -9.2 99.0 99.00
2019 01 17 05 50 310  7.2 10.3  0.30  2.00 99.00 999 9999.0   0.0 999.0 -10.9 99.0 99.00
2019 01 17 06 45 320  6.7 10.8  0.30  2.00 99.00 999 9999.0  -0.4 999.0 -11.0 99.0 99.00
2019 01 17 06 50 310  6.2  8.2  0.30  2.00 99.00 999 9999.0  -0.9 999.0 -11.0 99.0 99.00
2019 01 17 07 45 330  5.7 10.8  0.20 99.00 99.00 999 9999.0  -1.2 999.0 -11.2 99.0 99.00
2019 01 17 07 50 320  5.7  8.2  0.20 99.00 99.00 999 9999.0  -1.8 999.0 -12.6 99.0 99.00
2019 01 17 08 45 340  5.7  8.8  0.20 99.00 99.00 999 9999.0  -2.1 999.0 -11.7 99.0 99.00
2019 01 17 09 20 340  6.2  8.8  0.20 99.00 99.00 999 9999.0  -2.5 999.0 -11.4 99.0 99.00
2019 01 17 09 45 340  4.6  7.7  0.20 99.00 99.00 999 9999.0  -2.8 999.0 -11.5 99.0 99.00
2019 01 17 09 50 340  4.6  7.2  0.10 99.00 99.00 999 9999.0  -3.0 999.0 -11.6 99.0 99.00
2019 01 17 10 45 330  4.6  7.2  0.10 99.00 99.00 999 9999.0  -3.2 999.0 -11.6 99.0 99.00
2019 01 17 10 50 330  4.6  6.7  0.10 99.00 99.00 999 9999.0  -3.3 999.0 -11.4 99.0 99.00
2019 01 17 11 45 340  4.1  6.7  0.10 99.00 99.00 999 9999.0  -3.5 999.0 -11.4 99.0 99.00
2019 01 17 11 50 340  4.1  6.7  0.10 99.00 99.00 999 9999.0  -3.7 999.0 -11.4 99.0 99.00
2019 01 17 12 45 350  4.1  6.2  0.10 99.00 99.00 999 9999.0  -3.7 999.0 -11.1 99.0 99.00
2019 01 17 12 50  10  3.6  5.7  0.10 99.00 99.00 999 9999.0  -3.8 999.0 -11.2 99.0 99.00
2019 01 17 13 45  10  4.1  5.7  0.10 99.00 99.00 999 9999.0  -3.9 999.0 -11.2 99.0 99.00
2019 01 17 13 50  10  4.1  6.2  0.10 99.00 99.00 999 9999.0  -4.0 999.0 -12.0 99.0 99.00
2019 01 17 14 45 360  3.6  5.7  0.10 99.00 99.00 999 9999.0  -3.6 999.0 -11.8 99.0 99.00
2019 01 17 14 50  10  2.6  4.1  0.10 99.00 99.00 999 9999.0  -3.3 999.0 -12.3 99.0 99.00
2019 01 17 15 15  10  2.6  4.1  0.10 99.00 99.00 999 9999.0  -3.3 999.0 -12.3 99.0 99.00
