#YY  MM DD hh mm WDIR WSPD GST  WVHT   DPD   APD MWD   PRES  ATMP  WTMP  DEWP  VIS  TIDE
#yr  mo dy hr mn degT m/s  m/s     m   sec   sec deg    hPa  degC  degC  degC  nmi    ft
2019 03 31 23 50 323 11.1 13.3  1.40  5.88  4.91 188 1008.2   7.5   5.4 999.0 99.0 99.00
2019 04 01 00 50 324 11.4 13.2  1.39  4.17  4.35 301 1010.2   6.9   5.6 999.0 99.0 99.00
2019 04 01 01 50 330 10.1 12.2  1.44  9.09  4.59 127 1011.0   6.5   5.6 999.0 99.0 99.00
2019 04 01 02 50 324 10.4 13.2  1.48  5.00  4.61 310 1011.5   6.3   5.6 999.0 99.0 99.00
2019 04 01 03 50 313 11.8 15.0  1.48  6.25  4.63 188 1012.6   6.0   5.6 999.0 99.0 99.00
2019 04 01 04 50 311 11.2 13.8  1.62  5.56  4.73 291 1013.3   5.5   5.6 999.0 99.0 99.00
2019 04 01 05 50 315 13.0 15.6  1.66  5.56  4.79 288 1013.5   4.9   5.5 999.0 99.0 99.00
2019 04 01 06 50 309 13.9 16.4  1.73  5.88  4.76 287 1013.8   4.4   5.4 999.0 99.0 99.00
2019 04 01 07 50 303 13.6 16.5  1.96  6.25  5.09 287 1014.6   3.4   5.2 999.0 99.0 99.00
2019 04 01 08 50 304 13.4 15.7  1.97  5.88  5.02 296 1015.6   2.9   5.1 999.0 99.0 99.00
2019 04 01 09 50 308 12.9 15.3  2.05  6.25  5.03 292 1016.4   2.6   5.1 999.0 99.0 99.00
2019 04 01 10 50 308 12.3 15.2  1.87  5.88  4.82 291 1017.9   2.5   5.1 999.0 99.0 99.00
2019 04 01 11 50 309 12.0 14.3  1.92  6.25  4.81 296 1019.6   2.2   5.2 999.0 99.0 99.00
2019 04 01 12 50 309 11.5 13.5  1.83  5.56  4.75 296 1020.1   2.1   5.3 999.0 99.0 99.00
2019 04 01 13 50 305 10.4 12.8  1.75  5.88  4.57 289 1021.4   2.1   5.4 999.0 99.0 99.00
2019 04 01 14 50 306 10.0 12.1  1.51  5.56  4.45 295 1022.3   2.4   5.4 999.0 99.0 99.00
2019 04 01 15 50 305  8.9 11.3  1.31  5.26  4.22 292 1022.8   2.8   5.4 999.0 99.0 99.00
2019 04 01 16 50 297  7.7  9.3  1.18  5.00  4.13 293 1023.4   3.4   5.5 999.0 99.0 99.00
2019 04 01 17 50 286  9.7 12.2  1.15  5.00  4.21 293 1023.2   3.9   5.5 999.0 99.0 99.00
2019 04 01 18 50 290 10.1 12.0  1.17  4.35  4.11 293 1023.2   4.4   5.6 999.0 99.0 99.00
2019 04 01 19 50 292  8.9 10.3  1.22  5.00  4.39 293 1023.4   5.1   5.6 999.0 99.0 99.00
2019 04 01 20 50 286  7.7  8.9  1.13  5.00  4.16 292 1023.9   5.7   5.6 999.0 99.0 99.00
2019 04 01 21 50 292  7.4  9.5  1.04  4.76  4.02 294 1024.4   6.1   5.6 999.0 99.0 99.00
2019 04 01 22 50 292  5.6  6.5  0.89  4.55  3.83 299 1025.6   6.3   5.6 999.0 99.0 99.00
2019 04 01 23 50 304  3.8  4.5  0.77  4.55  3.83 291 1026.6   6.2   5.6 999.0 99.0 99.00
2019 04 02 00 50 320  2.7  3.3  0.63  4.17  3.63 286 1027.8   6.2   5.5 999.0 99.0 99.00
2019 04 02 01 50   6  1.8  2.2  0.55  3.85  3.72 285 1028.6   6.0   5.5 999.0 99.0 99.00
2019 04 02 02 50  26  1.7  2.1  0.45  3.70  3.58 285 1029.2   5.8   5.4 999.0 99.0 99.00
2019 04 02 03 50  60  1.7  2.1  0.42 10.81  3.84 129 1029.5   5.7   5.4 999.0 99.0 99.00
2019 04 02 04 50  73  2.4  2.8  0.39 10.00  4.09 112 1029.7   5.6   5.4 999.0 99.0 99.00
2019 04 02 05 50  68  3.0  3.6  0.35 11.43  4.35 129 1029.5   5.5   5.3 999.0 99.0 99.00
2019 04 02 06 50  87  3.2  3.8  0.32 10.81  5.06  91 1029.5   5.4   5.3 999.0 99.0 99.00
2019 04 02 07 50  93  4.1  4.6  0.30 10.00  5.41 157 1029.3   5.3   5.3 999.0 99.0 99.00
2019 04 02 08 50 119  4.0  4.7  0.30 10.81  5.77 164 1029.6   5.3   5.3 999.0 99.0 99.00
2019 04 02 09 50 126  4.4  5.1  0.31 10.81  5.03  60 1030.1   5.4   5.3 999.0 99.0 99.00
2019 04 02 10 50 140  5.1  5.7  0.33  9.09  3.99 183 1030.6   5.6   5.3 999.0 99.0 99.00
2019 04 02 11 50 143  5.2  6.0  0.39 10.00  3.55  81 1030.9   5.9   5.3 999.0 99.0 99.00
2019 04 02 12 50 142  5.3  6.1  0.46 10.81  3.55 202 1030.6   6.0   5.4 999.0 99.0 99.00
2019 04 02 13 50 145  5.8  7.1  0.54  2.86  3.36 120 1030.5   6.1   5.5 999.0 99.0 99.00
2019 04 02 14 50 132  5.7  6.8  0.57  3.13  3.40 127 1030.4   6.2   5.6 999.0 99.0 99.00
2019 04 02 15 50 113  7.0  8.0  0.60  3.45  3.58 114 1029.3   6.1   5.7 999.0 99.0 99.00
2019 04 02 16 50 108  7.8  9.3  0.78  3.70  3.53  99 1028.4   6.1   5.8 999.0 99.0 99.00
2019 04 02 17 50 101  8.0  9.4  0.87  4.00  3.67 101 1027.5   6.1   5.8 999.0 99.0 99.00
2019 04 02 18 50  93  7.2  8.4  0.97  4.35  3.87 111 1026.4   6.0   5.8 999.0 99.0 99.00
2019 04 02 19 50  98  8.3 10.0  0.96  4.55  3.87 101 1025.9   6.1   5.7 999.0 99.0 99.00
2019 04 02 20 50  94  8.9 10.4  1.05  4.35  3.92 102 1024.3   6.0   5.7 999.0 99.0 99.00
2019 04 02 21 50  91  9.1 11.1  1.21  4.55  4.07  95 1023.3   6.0   5.6 999.0 99.0 99.00
2019 04 02 22 50  87  8.3  9.5  1.08  5.00  4.01  97 1022.8   6.2   5.6 999.0 99.0 99.00
2019 04 02 23 50  79  9.0 10.9  1.09  4.76  4.10  92 1021.1   6.2   5.6 999.0 99.0 99.00
2019 04 03 00 50  48  5.7  7.3  1.25  5.00  4.35  95 1021.6   6.3   5.6 999.0 99.0 99.00
2019 04 03 01 50  38  7.3  8.7  1.35  5.26  4.53  99 1020.0   5.9   5.6 999.0 99.0 99.00
2019 04 03 02 50  39  8.8 10.2  1.30  5.26  4.43  92 1018.6   5.9   5.6 999.0 99.0 99.00
2019 04 03 03 50  20 10.5 12.4  1.43  5.26  4.56  88 1016.4   5.8   5.6 999.0 99.0 99.00
2019 04 03 04 50  15 12.7 14.9  1.59  5.88  4.52 101 1014.2   5.6   5.6 999.0 99.0 99.00
2019 04 03 05 50   8 11.4 14.1  1.66  6.25  4.59 100 1013.4   5.8   5.6 999.0 99.0 99.00
2019 04 03 06 50   7 11.8 14.2  1.94  6.25  4.87  98 1013.1   5.9   5.6 999.0 99.0 99.00
2019 04 03 07 50   1 10.3 12.5  2.09  6.67  5.16 120 1012.1   5.9   5.5 999.0 99.0 99.00
2019 04 03 08 50 348 11.3 13.7  2.19  7.69  5.46 130 1011.8   5.4   5.5 999.0 99.0 99.00
2019 04 03 09 50 332 11.6 14.1  2.17  7.69  5.43 120 1012.7   5.3   5.5 999.0 99.0 99.00
2019 04 03 10 50 328 10.3 12.1  2.18  7.69  5.39 102 1013.5   5.6   5.5 999.0 99.0 99.00
2019 04 03 11 50 314 10.1 12.2  2.28  7.69  5.74 117 1014.6   5.8   5.5 999.0 99.0 99.00
2019 04 03 12 50 304  7.8 10.4  2.20  7.69  5.77 106 1015.5   6.1   5.5 999.0 99.0 99.00
2019 04 03 13 50 280  8.1 10.0  2.13  8.33  5.91 108 1016.0   6.1   5.6 999.0 99.0 99.00
2019 04 03 14 50 268  8.1 10.3  1.98  9.09  5.98 111 1016.7   6.5   5.6 999.0 99.0 99.00
2019 04 03 15 50 232  5.2  6.5  1.97 11.43  6.36 139 1016.7   6.6   5.7 999.0 99.0 99.00
2019 04 03 16 50 231  7.5  9.0  1.84 12.12  6.79 129 1015.8   7.5   5.8 999.0 99.0 99.00
2019 04 03 17 50 221  7.8  9.1  1.77  8.33  6.50  90 1015.1   8.1   5.9 999.0 99.0 99.00
2019 04 03 18 50 221  8.0  9.2  1.68 10.00  6.23  97 1014.7   8.1   5.9 999.0 99.0 99.00
2019 04 03 19 50 233  6.7  8.5  1.76 12.12  6.07 127 1014.7   9.1   5.9 999.0 99.0 99.00
2019 04 03 20 50 256  8.2  9.8  1.72 12.12  5.61 108 1014.7  10.7   5.9 999.0 99.0 99.00
2019 04 03 21 50 245  7.8  8.8  1.87 10.81  5.68 108 1015.0  10.4   5.9 999.0 99.0 99.00
2019 04 03 22 50 254  7.9  9.2  1.77 10.81  5.50 115 1015.7  10.6   5.9 999.0 99.0 99.00
2019 04 03 23 50 257  7.5  9.1  1.74 10.81  5.43 102 1017.1  10.3   5.9 999.0 99.0 99.00
2019 04 04 00 50 263  6.7  7.9  1.69 12.12  5.44  93 1018.8  10.0   5.8 999.0 99.0 99.00
2019 04 04 01 50 268  8.4  9.7  1.63 12.12  5.32 108 1020.0  10.8   5.9 999.0 99.0 99.00
2019 04 04 02 50 274  7.9  9.2  1.61 10.81  5.07 122 1021.3  10.1   5.8 999.0 99.0 99.00
2019 04 04 03 50 310  7.4  8.6  1.49 10.81  5.00 137 1023.0   9.2   5.8 999.0 99.0 99.00
2019 04 04 04 50 318  4.9  6.2  1.45 10.81  5.27 133 1024.5   8.3   5.8 999.0 99.0 99.00
2019 04 04 05 50 324  2.7  3.3  1.38 10.81  5.41 143 1024.9   7.8   5.7 999.0 99.0 99.00
2019 04 04 06 50 237  1.9  2.4  1.27 10.81  5.24 110 1025.1   7.3   5.7 999.0 99.0 99.00
2019 04 04 07 50 253  2.7  3.2  1.26 10.00  5.61 137 1025.4   7.6   5.6 999.0 99.0 99.00
2019 04 04 08 50 262  4.4  5.0  1.22  9.09  5.67 152 1026.0   7.8   5.6 999.0 99.0 99.00
2019 04 04 09 50 277  5.5  6.9  1.28  6.25  5.80 191 1026.7   7.9   5.6 999.0 99.0 99.00
2019 04 04 10 50 267  3.8  4.5  1.17  6.67  5.52 180 1027.9   7.6   5.6 999.0 99.0 99.00
2019 04 04 11 50 347  2.1  2.5  1.16 11.43  5.65 106 1029.0   7.1   5.6 999.0 99.0 99.00
2019 04 04 12 50 333  2.7  3.5  1.08  7.14  5.53 172 1029.7   7.3   5.7 999.0 99.0 99.00
2019 04 04 13 50 345  3.2  4.0  1.07  9.09  5.76 117 1030.2   6.9   5.7 999.0 99.0 99.00
2019 04 04 14 50 329  4.3  5.4  1.04  7.69  5.78 166 1030.7   6.7   5.9 999.0 99.0 99.00
2019 04 04 15 50 316  3.4  4.4  1.15  7.69  5.64 163 1031.1   6.7   6.0 999.0 99.0 99.00
2019 04 04 16 50 291  2.2  2.7  1.06  7.69  5.45 158 1030.7   6.8   6.2 999.0 99.0 99.00
2019 04 04 17 50 246  3.2  3.8  1.09  7.14  5.81 169 1029.7   7.1   6.4 999.0 99.0 99.00
2019 04 04 18 50 219  3.8  4.6  1.02  6.67  5.79 178 1028.7   7.3   6.6 999.0 99.0 99.00
2019 04 04 20 50 206  4.9  5.7  0.91  6.67  5.98 173 1027.7   7.7   6.7 999.0 99.0 99.00
2019 04 04 21 50 210  5.4  6.5  0.91  6.25  5.49 178 1027.9   7.6   6.6 999.0 99.0 99.00
2019 04 04 22 50 204  6.1  7.3  0.85  6.25  5.29 184 1028.3   7.4   6.4 999.0 99.0 99.00
2019 04 04 23 50 203  3.7  4.5  0.83  6.25  4.96 178 1028.6   7.2   6.3 999.0 99.0 99.00
2019 04 05 00 50 248  2.2  2.5  0.86  5.88  5.30 189 1029.5   7.0   6.1 999.0 99.0 99.00
2019 04 05 01 50 252  2.3  2.9  0.76  5.56  5.27 220 1030.3   6.9   6.0 999.0 99.0 99.00
2019 04 05 02 50 309  1.0  1.5  0.74  5.88  5.41 193 1030.5   6.9   5.9 999.0 99.0 99.00
2019 04 05 03 50  16  3.2  5.3  0.74  6.25  5.38 173 1030.7   6.8   5.9 999.0 99.0 99.00
2019 04 05 04 50  19  5.3  6.2  0.70 10.00  5.56 119 1031.0   7.6   5.9 999.0 99.0 99.00
2019 04 05 05 50  37  7.8  9.2  0.62  5.26  5.63 204 1031.1   6.8   6.0 999.0 99.0 99.00
2019 04 05 06 50  44  6.6  7.7  0.73  9.09  3.90 150 1031.3   6.0   6.0 999.0 99.0 99.00
2019 04 05 07 50  47  6.4  7.7  0.83  3.57  3.78  17 1031.7   5.3   5.9 999.0 99.0 99.00
2019 04 05 08 50  42  7.9  9.0  0.90  3.70  3.87  23 1031.7   4.7   5.8 999.0 99.0 99.00
2019 04 05 09 50  47  5.9  7.5  0.91  3.85  4.01  32 1032.8   4.5   5.8 999.0 99.0 99.00
2019 04 05 10 50  55  7.0  8.4  0.82  4.55  4.06  54 1032.9   4.5   5.9 999.0 99.0 99.00
2019 04 05 11 50  57  7.3  8.7  0.78  4.55  3.89  52 1032.4   4.7   5.9 999.0 99.0 99.00
2019 04 05 12 50  68  6.7  7.7  0.81  4.55  3.95  56 1032.4   4.8   5.9 999.0 99.0 99.00
2019 04 05 13 50  74  7.2  8.5  0.81  4.55  3.89  71 1032.0   4.8   5.9 999.0 99.0 99.00
2019 04 05 14 50  91  7.1  9.0  0.80  4.17  3.76  66 1032.2   5.1   6.0 999.0 99.0 99.00
2019 04 05 15 50 103  7.3  8.9  0.89  4.00  3.85  60 1032.2   5.2   6.0 999.0 99.0 99.00
2019 04 05 16 50 103  7.3  9.6  0.82  4.35  3.84  58 1032.0   5.0   6.0 999.0 99.0 99.00
2019 04 05 17 50 103  7.9  9.1  0.91  4.35  3.88  71 1031.1   4.9   6.0 999.0 99.0 99.00
2019 04 05 18 50 100  8.7 10.1  0.93  4.55  3.85  65 1029.9   4.9   6.0 999.0 99.0 99.00
2019 04 05 19 50 100  8.4 10.7  1.02  4.35  3.78  80 1028.6   5.2   6.0 999.0 99.0 99.00
2019 04 05 20 50  98  7.9  9.0  1.02  4.00  3.85  85 1028.3   5.4   6.0 999.0 99.0 99.00
2019 04 05 21 50  88  8.5  9.9  1.00  4.55  3.91  95 1027.4   5.3   6.0 999.0 99.0 99.00
2019 04 05 22 50  93  8.6 10.1  1.17  4.76  4.01  99 1027.1   5.2   5.9 999.0 99.0 99.00
2019 04 05 23 50  99  8.7 10.2  1.18  4.76  4.18  99 1026.5   5.5   5.9 999.0 99.0 99.00
2019 04 06 00 50 108 10.0 12.1  1.34  5.00  4.36 112 1026.0   5.9   5.9 999.0 99.0 99.00
2019 04 06 01 50 111  9.4 11.7  1.42  5.56  4.42 109 1025.3   6.3   5.9 999.0 99.0 99.00
2019 04 06 02 50 117  8.9 11.2  1.53  5.56  4.65 116 1024.5   6.5   5.9 999.0 99.0 99.00
2019 04 06 03 50 125  8.8 11.3  1.51  5.56  4.69 118 1024.0   6.9   6.0 999.0 99.0 99.00
2019 04 06 04 50 130  8.9 10.8  1.42  5.88  4.63 120 1023.0   7.2   6.0 999.0 99.0 99.00
2019 04 06 05 50 136  7.7  9.8  1.56  6.25  4.74 132 1022.3   7.5   6.0 999.0 99.0 99.00
2019 04 06 06 50  48  1.8  4.6  1.55  6.25  4.84 126 1021.9   7.5   6.0 999.0 99.0 99.00
2019 04 06 07 50 132  4.2  5.4  1.46  5.88  4.84 121 1020.9   7.8   6.0 999.0 99.0 99.00
2019 04 06 08 50 140  2.9  3.4  1.33  5.56  4.80 115 1020.7   7.8   6.0 999.0 99.0 99.00
2019 04 06 09 50 223  1.2  1.5  1.36  6.25  5.06 134 1021.0   7.4   6.0 999.0 99.0 99.00
2019 04 06 10 50 307  3.2  4.3  1.49  6.67  5.50 158 1021.4   6.9   6.0 999.0 99.0 99.00
2019 04 06 11 50 336  3.5  4.4  1.53  7.69  5.99 157 1021.9   6.5   6.0 999.0 99.0 99.00
2019 04 06 12 50 335  5.9  7.1  1.48  7.14  5.87 153 1022.4   6.0   6.0 999.0 99.0 99.00
2019 04 06 13 50 337  4.7  5.7  1.54  9.09  6.09 171 1022.7   5.7   6.0 999.0 99.0 99.00
2019 04 06 14 50 332  5.9  7.2  1.31  8.33  5.56 169 1022.3   5.5   6.1 999.0 99.0 99.00
2019 04 06 15 50 326  5.1  5.9  1.34  8.33  5.83 157 1021.9   5.7   6.1 999.0 99.0 99.00
2019 04 06 16 50 312  5.6  6.8  1.36  8.33  5.97 168 1021.9   6.2   6.2 999.0 99.0 99.00
2019 04 06 17 50 296  4.7  5.7  1.30  9.09  5.89 166 1021.8   6.5   6.3 999.0 99.0 99.00
2019 04 06 18 50 283  3.4  4.4  1.30  9.09  6.18 177 1021.8   6.9   6.5 999.0 99.0 99.00
2019 04 06 19 50 253  2.7  3.2  1.25  8.33  6.39 179 1021.5   7.4   6.6 999.0 99.0 99.00
2019 04 06 20 50 236  2.4  2.9  1.12  9.09  6.19 183 1021.4   8.0   6.8 999.0 99.0 99.00
2019 04 06 21 50 219  2.6  2.9  1.24  8.33  6.48 166 1021.3   8.6   6.9 999.0 99.0 99.00
2019 04 06 22 50 201  2.8  3.3  1.26  8.33  6.59 170 1021.3   8.5   6.8 999.0 99.0 99.00
2019 04 06 23 50 200  3.2  4.5  1.17  8.33  6.46 174 1021.7   8.0   6.7 999.0 99.0 99.00
2019 04 07 00 50 212  2.8  4.1  1.15  8.33  6.49 172 1022.3   7.7   6.6 999.0 99.0 99.00
2019 04 07 01 50 219  2.2  2.9  1.15  7.69  6.47 169 1023.0   7.5   6.5 999.0 99.0 99.00
2019 04 07 02 50 275  4.4  5.2  1.11  8.33  6.34 175 1023.4   8.1   6.5 999.0 99.0 99.00
2019 04 07 03 50 269  3.6  4.4  0.99  8.33  6.28 150 1023.2   8.0   6.5 999.0 99.0 99.00
2019 04 07 04 50 256  2.8  3.2  1.03  7.69  6.38 162 1023.3   7.9   6.5 999.0 99.0 99.00
2019 04 07 05 50 291  2.8  3.4  1.02  7.69  6.34 167 1023.8   8.2   6.5 999.0 99.0 99.00
2019 04 07 06 50 335  2.6  3.0  0.95  8.33  6.43 158 1024.1   8.0   6.5 999.0 99.0 99.00
2019 04 07 07 50   2  1.9  3.0  0.84  7.69  6.17 162 1024.6   8.3   6.4 999.0 99.0 99.00
2019 04 07 08 50  58  2.2  2.5  0.87  7.69  6.42 168 1024.3   7.8   6.4 999.0 99.0 99.00
2019 04 07 09 50  49  3.5  3.8  0.86  7.69  6.30 173 1024.2   8.2   6.4 999.0 99.0 99.00
2019 04 07 10 50  69  3.0  3.4  0.84  7.69  6.29 153 1024.8   7.9   6.4 999.0 99.0 99.00
2019 04 07 11 50 114  2.0  2.4  0.83  7.14  6.36 164 1025.3   8.0   6.4 999.0 99.0 99.00
2019 04 07 12 50 106  1.6  1.9  0.77  7.69  6.34 172 1025.2   7.9   6.5 999.0 99.0 99.00
2019 04 07 13 50 135  2.0  2.7  0.77  7.14  6.50 161 1026.1   8.6   6.8 999.0 99.0 99.00
2019 04 07 14 50 140  2.4  2.8  0.79  7.69  6.61 160 1025.9   8.6   7.3 999.0 99.0 99.00
2019 04 07 15 50 134  2.3  2.9  0.80  7.14  6.68 144 1025.8   8.7   7.7 999.0 99.0 99.00
2019 04 07 16 50 167  2.3  2.6  0.71  7.14  6.61 155 1025.7   8.9   7.8 999.0 99.0 99.00
2019 04 07 17 50 164  2.5  2.9  0.75  7.69  6.57 138 1024.7   8.9   8.2 999.0 99.0 99.00
2019 04 07 18 50 161  3.6  4.2  0.61  7.69  6.33 152 1023.4   8.8   8.4 999.0 99.0 99.00
2019 04 07 19 50 173  3.7  4.1  0.71  7.14  6.55 141 1022.6   8.9   8.1 999.0 99.0 99.00
2019 04 07 20 50 179  4.0  4.4  0.61  7.69  6.19 165 1022.3   8.8   7.9 999.0 99.0 99.00
2019 04 07 21 50 176  3.9  4.3  0.65  7.14  6.41 161 1021.8   8.7   7.4 999.0 99.0 99.00
2019 04 07 22 50 176  4.7  5.3  0.63  6.67  6.15 142 1021.2   8.5   6.9 999.0 99.0 99.00
2019 04 07 23 50 177  4.7  5.3  0.67  7.69  6.18 166 1021.0   8.5   6.8 999.0 99.0 99.00
2019 04 08 00 50 187  4.5  4.8  0.64  7.14  5.84 143 1021.6   8.5   6.6 999.0 99.0 99.00
2019 04 08 01 50 188  4.9  5.4  0.60  7.69  5.41 125 1021.3   8.5   6.5 999.0 99.0 99.00
2019 04 08 02 50 194  5.0  5.5  0.59  8.33  5.07 133 1020.8   8.8   6.6 999.0 99.0 99.00
2019 04 08 03 50 174  5.6  6.3  0.58  7.69  4.88 137 1019.4   9.0   6.7 999.0 99.0 99.00
2019 04 08 04 50 177  5.2  5.8  0.63  7.69  4.56 144 1018.5   9.0   6.7 999.0 99.0 99.00
2019 04 08 05 50 174  5.7  6.3  0.66  7.69  4.87 128 1017.8   9.0   6.6 999.0 99.0 99.00
2019 04 08 06 50 184  5.4  6.2  0.66  8.33  4.36 124 1017.4   8.9   6.6 999.0 99.0 99.00
2019 04 08 07 50 175  6.2  7.2  0.71  7.69  4.61 132 1016.7   9.2   6.6 999.0 99.0 99.00
2019 04 08 08 50 154  6.6  7.8  0.68  8.33  4.57 159 1014.9   9.3   6.6 999.0 99.0 99.00
2019 04 08 09 50 164  6.8  7.7  0.81  8.33  4.18 144 1014.0   9.9   6.6 999.0 99.0 99.00
2019 04 08 10 50 182  5.7  6.7  0.86  7.14  4.47 133 1013.3   9.6   6.6 999.0 99.0 99.00
2019 04 08 11 50 226  2.9  3.4  0.85  7.69  4.23 148 1013.3   8.8   6.5 999.0 99.0 99.00
2019 04 08 12 50 214  2.8  3.3  0.93  6.67  4.24 137 1012.7   8.5   6.5 999.0 99.0 99.00
2019 04 08 13 50 210  4.7  5.5  0.95  7.14  4.34 138 1011.7   8.6   6.5 999.0 99.0 99.00
2019 04 08 14 50 215  5.8  6.8  1.09  4.35  4.49 203 1011.2   8.5   6.6 999.0 99.0 99.00
2019 04 08 15 50 218  4.9  5.7  1.14  4.76  4.56 207 1010.8   8.5   6.8 999.0 99.0 99.00
2019 04 08 16 50 216  5.8  6.7  1.04  4.76  4.54 192 1009.8   8.8   6.9 999.0 99.0 99.00
2019 04 08 17 50 211  6.2  7.5  1.09  4.76  4.51 202 1008.6   8.9   6.9 999.0 99.0 99.00
2019 04 08 18 50 214  5.4  6.7  1.04  4.76  4.54 189 1007.6   9.2   7.0 999.0 99.0 99.00
2019 04 08 19 50 247  5.2  7.4  1.01  4.76  4.62 193 1007.5   9.6   7.1 999.0 99.0 99.00
2019 04 08 20 50 242  3.7  4.2  1.12  5.26  4.81 182 1007.2   9.9   7.2 999.0 99.0 99.00
2019 04 08 21 50 222  4.2  4.8  1.13  5.88  4.87 171 1006.5   9.4   7.2 999.0 99.0 99.00
2019 04 08 22 50 212  4.8  5.8  1.25  5.88  4.96 168 1006.3   9.3   7.1 999.0 99.0 99.00
2019 04 08 23 50 218  6.4  7.5  1.30  5.56  4.97 189 1006.1   9.3   7.1 999.0 99.0 99.00
2019 04 09 00 50 211  4.4  5.2  1.29  5.56  4.95 190 1006.5   9.0   7.1 999.0 99.0 99.00
2019 04 09 01 50 210  5.5  6.2  1.21  6.25  4.95 166 1006.6   9.3   7.1 999.0 99.0 99.00
2019 04 09 02 50 323  1.8  3.5  1.22  5.56  4.96 188 1007.4  10.8   7.1 999.0 99.0 99.00
2019 04 09 03 50  32  5.1  6.5  1.32  6.67  5.29 169 1007.3   8.3   7.1 999.0 99.0 99.00
2019 04 09 04 50  60  6.2  7.5  1.35  6.67  5.39 174 1007.3   7.5   7.1 999.0 99.0 99.00
2019 04 09 05 50  66  8.5  9.8  1.26  6.67  4.61 177 1007.0   6.9   7.0 999.0 99.0 99.00
2019 04 09 06 50  54  7.9  9.2  1.37  7.14  4.66 170 1006.3   6.7   6.9 999.0 99.0 99.00
2019 04 09 07 50  74  6.1  7.2  1.38  6.25  4.56 174 1006.5   7.1   6.8 999.0 99.0 99.00
2019 04 09 08 50  49  6.9  8.3  1.34  6.67  4.67 175 1005.9   6.7   6.7 999.0 99.0 99.00
2019 04 09 09 50  38  6.6  8.1  1.17  6.67  4.64 167 1006.1   6.5   6.6 999.0 99.0 99.00
2019 04 09 10 50  57  6.7  7.9  1.23  6.67  4.58 160 1006.6   6.4   6.6 999.0 99.0 99.00
2019 04 09 11 50  80  7.5  8.7  1.14  6.67  4.65 168 1006.6   6.6   6.7 999.0 99.0 99.00
2019 04 09 12 50  87  8.5 10.1  1.20  7.69  4.47 138 1006.6   6.6   6.7 999.0 99.0 99.00
2019 04 09 13 50  85  8.3  9.6  1.20  6.67  4.43 151 1006.8   6.3   6.6 999.0 99.0 99.00
2019 04 09 14 50  80  7.9  9.5  1.30  4.35  4.45  80 1006.7   6.2   6.6 999.0 99.0 99.00
2019 04 09 15 50  84  9.6 11.1  1.39  4.55  4.49  86 1005.4   5.9   6.6 999.0 99.0 99.00
2019 04 09 16 50  93  8.8 10.3  1.48  4.76  4.55  78 1004.8   6.2   6.6 999.0 99.0 99.00
2019 04 09 17 50  94  6.2  7.2  1.56  5.00  4.70  75 1004.9   6.4   6.7 999.0 99.0 99.00
2019 04 09 18 50 100  6.3  7.3  1.49  5.26  4.93  80 1003.8   6.4   6.8 999.0 99.0 99.00
2019 04 09 19 50 109  5.8  6.9  1.46  5.56  4.83  85 1002.8   6.4   6.8 999.0 99.0 99.00
2019 04 09 20 50 125  6.2  7.4  1.37  5.56  4.93  90 1001.3   6.3   6.8 999.0 99.0 99.00
2019 04 09 21 50 143  6.9  8.3  1.45  5.88  4.93  86  999.9   6.6   6.9 999.0 99.0 99.00
2019 04 09 22 50 100  2.0  2.7  1.36  7.14  4.90 151 1000.9   6.8   6.9 999.0 99.0 99.00
2019 04 09 23 50 352  4.9  7.0  1.46  6.67  5.14 151 1001.6   6.9   6.9 999.0 99.0 99.00
2019 04 10 00 50  33  5.8  6.8  1.30  6.25  5.05 138 1002.3   6.6   6.8 999.0 99.0 99.00
2019 04 10 01 50  18  8.0  9.2  1.26  5.88  4.80 109 1003.8   6.6   6.8 999.0 99.0 99.00
2019 04 10 02 50  25  7.5  8.8  1.16  5.56  4.65 100 1004.3   6.8   6.8 999.0 99.0 99.00
2019 04 10 03 50  16  6.1  7.2  1.16  5.26  4.77  77 1005.2   6.9   6.8 999.0 99.0 99.00
2019 04 10 04 50 357  3.3  3.9  1.12  5.56  4.84 104 1006.8   7.0   6.9 999.0 99.0 99.00
2019 04 10 05 50 167  0.1  0.6  1.17  5.88  4.93 124 1006.8   6.9   6.9 999.0 99.0 99.00
2019 04 10 06 50 247  2.8  3.5  1.14  7.69  5.00 151 1006.6   6.9   6.9 999.0 99.0 99.00
2019 04 10 07 50 256  5.1  6.2  1.09  5.26  5.30  84 1006.5   6.7   6.9 999.0 99.0 99.00
2019 04 10 08 50 245  5.1  6.1  0.97  7.14  5.14 111 1006.6   5.5   7.0 999.0 99.0 99.00
2019 04 10 09 50 261  4.2  5.0  0.94  8.33  4.94 159 1007.0   6.2   6.9 999.0 99.0 99.00
2019 04 10 10 50 267  5.5  6.7  0.96  6.67  5.09 122 1008.1   7.5   6.9 999.0 99.0 99.00
2019 04 10 11 50 266  5.3  6.0  0.91  7.69  5.11 159 1008.9   8.2   6.9 999.0 99.0 99.00
2019 04 10 12 50 301  6.1  7.4  0.88  6.25  4.78 115 1009.0   8.5   6.9 999.0 99.0 99.00
2019 04 10 13 50 291  6.6  7.7  0.79  6.25  4.56 104 1008.9   8.4   7.0 999.0 99.0 99.00
2019 04 10 14 50 284  5.1  5.8  0.85  9.09  4.34 161 1009.1   8.4   7.0 999.0 99.0 99.00
2019 04 10 15 50 284  4.7  5.8  0.87  8.33  4.40 162 1009.6   8.6   7.1 999.0 99.0 99.00
2019 04 10 16 50 265  4.3  4.8  0.80  8.33  4.46 141 1009.9   8.6   7.3 999.0 99.0 99.00
2019 04 10 17 50 271  4.3  5.2  0.77  7.69  4.44 137 1010.0   8.8   7.4 999.0 99.0 99.00
2019 04 10 18 50 277  4.6  5.3  0.72  8.33  4.59 151 1010.1   9.2   7.6 999.0 99.0 99.00
2019 04 10 19 50 269  3.1  3.6  0.66  9.09  4.67 158 1010.4   9.1   7.7 999.0 99.0 99.00
2019 04 10 20 50 287  4.0  4.7  0.66  8.33  4.87 173 1010.7   9.7   7.8 999.0 99.0 99.00
2019 04 10 21 50 289  4.2  4.8  0.63  8.33  5.15 159 1011.5  10.1   7.8 999.0 99.0 99.00
2019 04 10 22 50 319  3.9  4.6  0.61  7.69  5.11 123 1012.3   9.7   7.7 999.0 99.0 99.00
2019 04 10 23 50 347  5.3  6.4  0.56  7.69  5.16 132 1013.5   9.6   7.6 999.0 99.0 99.00
2019 04 11 00 50 356  5.9  7.0  0.60  8.33  4.34 158 1014.6   9.4   7.5 999.0 99.0 99.00
2019 04 11 01 50   9  6.9  8.1  0.76  9.09  4.55  92 1015.6   9.2   7.4 999.0 99.0 99.00
2019 04 11 02 50  46  5.5  6.5  0.81  9.09  4.30 104 1016.4   8.3   7.3 999.0 99.0 99.00
2019 04 11 03 50  40  5.8  6.8  0.79  9.09  4.31 107 1017.8   8.1   7.2 999.0 99.0 99.00
2019 04 11 04 50  38  5.4  6.6  0.76  8.33  4.01 107 1018.7   7.7   7.1 999.0 99.0 99.00
2019 04 11 05 50  23  6.5  7.9  0.83  9.09  4.20 112 1019.1   7.4   7.1 999.0 99.0 99.00
2019 04 11 06 50  16  7.0  8.1  0.81  8.33  3.88 102 1019.5   7.0   7.0 999.0 99.0 99.00
2019 04 11 07 50  25  7.8  8.9  0.82  9.09  3.96 123 1019.8   6.4   7.0 999.0 99.0 99.00
2019 04 11 08 50  43  7.7  9.4  0.87  9.09  3.89 110 1020.6   5.9   7.0 999.0 99.0 99.00
2019 04 11 09 50  36  7.0  8.2  1.01  4.17  4.11  32 1021.4   5.7   7.0 999.0 99.0 99.00
2019 04 11 10 50  26  7.9  9.3  0.96  4.17  4.06  42 1022.2   5.5   6.9 999.0 99.0 99.00
2019 04 11 11 50  33  6.3  7.3  0.96  9.09  4.14  96 1023.6   5.4   6.9 999.0 99.0 99.00
2019 04 11 12 50  32  5.4  6.5  0.87  9.09  4.22  85 1024.3   5.2   6.9 999.0 99.0 99.00
2019 04 11 13 50  30  5.4  6.7  0.91  8.33  4.40 115 1025.0   5.2   6.9 999.0 99.0 99.00
2019 04 11 14 50  37  4.8  5.9  0.93  9.09  4.52  82 1025.1   5.3   6.9 999.0 99.0 99.00
2019 04 11 15 50  47  3.8  4.6  0.81  8.33  4.61 114 1024.9   5.3   6.9 999.0 99.0 99.00
2019 04 11 16 50  43  2.3  3.5  0.79  8.33  4.66  92 1025.2   5.4   6.9 999.0 99.0 99.00
2019 04 11 17 50  78  2.0  2.7  0.76  7.69  4.63  99 1025.0   5.5   7.0 999.0 99.0 99.00
2019 04 11 18 50 132  1.9  2.5  0.69  8.33  4.80 111 1024.7   5.8   7.0 999.0 99.0 99.00
2019 04 11 19 50 140  2.6  3.2  0.64  7.69  4.78 101 1024.8   6.0   7.2 999.0 99.0 99.00
2019 04 11 20 50 147  3.3  3.8  0.61  8.33  4.82  95 1024.9   6.1   7.2 999.0 99.0 99.00
2019 04 11 21 50 150  3.9  4.4  0.61  8.33  5.19 122 1025.4   6.1   7.2 999.0 99.0 99.00
2019 04 11 22 50 134  4.5  5.1  0.54  7.14  4.86 114 1025.1   6.2   7.1 999.0 99.0 99.00
2019 04 11 23 50 140  3.9  4.5  0.52  7.69  4.56  92 1025.6   6.5   7.1 999.0 99.0 99.00
2019 04 12 00 50 116  3.5  4.0  0.49  8.33  4.67 121 1025.9   6.7   7.1 999.0 99.0 99.00
2019 04 12 01 50 126  4.5  5.4  0.50  7.14  4.69 130 1025.7   6.8   7.0 999.0 99.0 99.00
2019 04 12 02 50 131  3.9  4.9  0.49  7.69  4.40 109 1025.9   6.9   7.0 999.0 99.0 99.00
2019 04 12 03 50 117  4.0  4.5  0.54  7.14  4.01 164 1025.9   6.9   7.0 999.0 99.0 99.00
2019 04 12 04 50  92  4.3  4.9  0.52  7.69  4.31 104 1026.1   7.1   7.0 999.0 99.0 99.00
2019 04 12 05 50  89  5.0  5.8  0.49  8.33  4.11 111 1025.6   7.3   7.0 999.0 99.0 99.00
2019 04 12 06 50  91  5.3  6.4  0.53  8.33  3.84 150 1025.0   7.4   6.9 999.0 99.0 99.00
2019 04 12 07 50  96  6.4  7.7  0.54  7.14  3.81 127 1024.7   7.5   6.9 999.0 99.0 99.00
2019 04 12 08 50  96  5.8  7.3  0.58  3.23  3.61 119 1024.4   7.6   6.9 999.0 99.0 99.00
2019 04 12 09 50 108  7.4  8.4  0.67  3.45  3.58 105 1024.0   8.0   6.8 999.0 99.0 99.00
2019 04 12 10 50 110  7.0  8.2  0.75  3.70  3.64  98 1024.1   8.1   6.8 999.0 99.0 99.00
2019 04 12 11 50 116  6.4  7.7  0.76  3.57  3.77 104 1024.4   8.3   6.8 999.0 99.0 99.00
2019 04 12 12 50 140  5.4  6.7  0.76  3.85  3.79  92 1024.8   9.0   6.8 999.0 99.0 99.00
2019 04 12 13 50 144  4.6  5.4  0.82  4.00  3.90 103 1025.2   8.8   6.9 999.0 99.0 99.00
2019 04 12 14 50 138  5.5  6.4  0.84  4.55  4.19 115 1025.0   9.2   6.9 999.0 99.0 99.00
2019 04 12 15 50 148  4.8  5.6  0.85  5.26  4.23 146 1024.9   9.3   7.0 999.0 99.0 99.00
2019 04 12 16 50 161  4.3  4.9  0.87  5.56  4.35 140 1024.6   9.5   7.1 999.0 99.0 99.00
2019 04 12 17 50 162  3.7  4.0  0.87  5.00  4.38 135 1023.9   9.7   7.3 999.0 99.0 99.00
2019 04 12 18 50 176  5.1  5.8  0.89  5.00  4.41 123 1022.7  10.1   7.5 999.0 99.0 99.00
2019 04 12 19 50 190  5.1  6.0  0.96  4.76  4.45 116 1022.4  10.0   7.5 999.0 99.0 99.00
2019 04 12 20 50 186  5.3  5.9  1.02  5.26  4.54 125 1022.3  10.2   7.5 999.0 99.0 99.00
2019 04 12 21 50 178  5.3  6.1  0.93  5.88  4.33 117 1022.3   9.8   7.5 999.0 99.0 99.00
2019 04 12 22 50 181  5.6  6.4  0.95  5.88  4.45 119 1022.1  10.4   7.4 999.0 99.0 99.00
2019 04 12 23 50 182  5.4  6.2  0.98  5.56  4.49 138 1022.0  10.3   7.4 999.0 99.0 99.00
2019 04 13 00 50 175  7.0  8.0  1.03  5.56  4.47 126 1021.4  10.4   7.4 999.0 99.0 99.00
2019 04 13 01 50 185  7.6  8.8  0.99  5.88  4.21 128 1021.3  10.2   7.4 999.0 99.0 99.00
2019 04 13 02 50 188  7.4  8.4  1.14  5.56  4.47 148 1020.7  10.2   7.3 999.0 99.0 99.00
2019 04 13 03 50 203  6.9  7.9  1.21  5.88  4.43 157 1021.1  10.7   7.3 999.0 99.0 99.00
2019 04 13 04 50 204  3.1  4.3  1.23  5.88  4.51 152 1021.3  10.1   7.3 999.0 99.0 99.00
2019 04 13 05 50 224  1.7  2.3  1.38  5.88  4.66 143 1020.5  10.1   7.3 999.0 99.0 99.00
2019 04 13 06 50 194  7.2  8.2  1.53  5.88  4.93 181 1019.1  10.4   7.3 999.0 99.0 99.00
2019 04 13 07 50 196  8.7  9.8  1.61  6.25  5.03 174 1018.5  10.8   7.3 999.0 99.0 99.00
2019 04 13 08 50 201  8.6 10.2  1.66  7.14  5.07 161 1018.4  11.0   7.3 999.0 99.0 99.00
2019 04 13 09 50 202  7.8  8.9  1.73  7.69  5.23 145 1018.9  10.6   7.3 999.0 99.0 99.00
2019 04 13 10 50 207  7.1  8.0  1.66  7.69  5.28 149 1019.2  10.3   7.3 999.0 99.0 99.00
2019 04 13 11 50 217  6.1  7.1  1.61  7.69  5.32 166 1019.9   9.6   7.3 999.0 99.0 99.00
2019 04 13 12 50 217  6.1  7.3  1.46  7.69  5.14 174 1020.2   9.9   7.3 999.0 99.0 99.00
2019 04 13 13 50 195  6.0  7.2  1.65  8.33  5.62 163 1019.5   9.8   7.3 999.0 99.0 99.00
2019 04 13 14 50 199  6.0  6.9  1.60  8.33  5.71 171 1019.3   9.7   7.3 999.0 99.0 99.00
2019 04 13 15 50 225  6.1  6.9  1.62  8.33  5.73 166 1019.3   9.8   7.4 999.0 99.0 99.00
2019 04 13 16 50 222  5.2  6.1  1.75  8.33  5.91 174 1019.0   9.5   7.4 999.0 99.0 99.00
2019 04 13 17 50 207  6.0  6.9  1.72  8.33  5.88 174 1018.3   9.8   7.6 999.0 99.0 99.00
2019 04 13 18 50 197  4.3  5.2  1.59  8.33  5.80 165 1017.9   9.3   7.6 999.0 99.0 99.00
2019 04 13 19 50 204  4.2  4.9  1.76  8.33  6.07 166 1017.3   9.1   7.7 999.0 99.0 99.00
2019 04 13 20 50 200  5.9  6.9  1.73  8.33  6.15 156 1017.0   9.2   7.7 999.0 99.0 99.00
2019 04 13 21 50 211  5.6  6.8  1.52  8.33  5.61 161 1016.9   9.2   7.7 999.0 99.0 99.00
2019 04 13 22 50 206  6.9  8.1  1.72  8.33  5.87 169 1016.7   9.1   7.6 999.0 99.0 99.00
2019 04 13 23 50 220  4.9  5.8  1.71  8.33  6.14 167 1016.6   9.4   7.6 999.0 99.0 99.00
2019 04 14 00 50 209  5.8  6.7  1.55  8.33  5.86 161 1016.7   9.6   7.6 999.0 99.0 99.00
2019 04 14 01 50 211  6.3  7.6  1.53  8.33  5.68 171 1016.6   9.4   7.6 999.0 99.0 99.00
2019 04 14 02 50 209  6.5  7.6  1.43  7.69  5.38 173 1016.0   9.4   7.6 999.0 99.0 99.00
2019 04 14 03 50 223  4.2  4.9  1.61  7.69  5.68 169 1016.1   9.4   7.6 999.0 99.0 99.00
2019 04 14 04 50 229  4.4  5.1  1.46  7.69  5.60 174 1016.4   8.7   7.6 999.0 99.0 99.00
2019 04 14 05 50 223  2.3  3.0  1.45  7.69  5.66 166 1015.7   8.8   7.6 999.0 99.0 99.00
2019 04 14 06 50 190  3.6  4.5  1.41  7.69  5.68 163 1015.0   8.6   7.6 999.0 99.0 99.00
2019 04 14 07 50 199  5.5  6.3  1.38  7.69  5.78 162 1014.9   8.4   7.6 999.0 99.0 99.00
2019 04 14 08 50 211  4.8  5.4  1.28  7.69  5.60 153 1015.4   9.0   7.5 999.0 99.0 99.00
2019 04 14 09 50 218  5.1  5.9  1.13  7.69  5.60 155 1015.5   9.1   7.5 999.0 99.0 99.00
2019 04 14 10 50 255  3.0  3.4  1.17  7.69  5.73 147 1015.4   9.6   7.4 999.0 99.0 99.00
2019 04 14 11 50 198  4.0  4.6  1.17  7.14  5.83 166 1015.3   8.7   7.4 999.0 99.0 99.00
2019 04 14 12 50 192  2.9  3.4  1.08  8.33  5.82 152 1014.5   9.2   7.5 999.0 99.0 99.00
2019 04 14 13 50 190  5.1  5.6  1.02  7.14  5.68 156 1014.4   8.9   7.7 999.0 99.0 99.00
2019 04 14 14 50 201  3.6  4.0  1.05  7.69  5.68 159 1013.9   9.2   7.8 999.0 99.0 99.00
2019 04 14 15 50 159  2.8  3.2  0.94  7.14  5.42 177 1013.2   9.4   8.0 999.0 99.0 99.00
2019 04 14 16 50 142  2.3  2.6  0.99  7.14  5.54 168 1012.3   9.7   8.4 999.0 99.0 99.00
2019 04 14 17 50 175  3.8  4.5  0.99  7.69  5.56 171 1011.6  10.4   8.7 999.0 99.0 99.00
2019 04 14 18 50 172  3.7  4.4  0.99  7.14  5.27 160 1010.6  10.4   8.4 999.0 99.0 99.00
2019 04 14 19 50 187  5.0  5.6  0.90  7.69  5.17 152 1009.4   9.9   8.5 999.0 99.0 99.00
2019 04 14 20 50 178  5.5  6.4  0.96  7.14  5.21 152 1008.2  10.5   8.2 999.0 99.0 99.00
2019 04 14 21 50 186  4.3  4.7  0.93  7.69  5.24 143 1008.0  10.6   8.0 999.0 99.0 99.00
2019 04 14 22 50 183  4.9  5.3  0.90  7.14  5.10 152 1006.8  10.9   7.9 999.0 99.0 99.00
2019 04 14 23 50 179  6.2  7.0  0.97  6.67  5.11 159 1005.9  11.1   7.8 999.0 99.0 99.00
2019 04 15 00 50 182  6.5  7.6  0.96  7.69  4.77 161 1005.1  11.2   7.6 999.0 99.0 99.00
2019 04 15 01 50 189  8.4  9.8  0.91  6.67  4.37 155 1004.4  11.4   7.7 999.0 99.0 99.00
2019 04 15 02 50 194  7.1  8.2  1.11  6.67  4.30 156 1003.1  11.0   7.5 999.0 99.0 99.00
2019 04 15 03 50 188  9.0 10.8  1.16  6.67  4.33 146 1001.7  11.3   7.5 999.0 99.0 99.00
2019 04 15 04 50 190  9.4 10.9  1.27  4.00  4.27 187 1000.3  11.9   7.6 999.0 99.0 99.00
2019 04 15 05 50 195 11.1 12.5  1.47  5.00  4.48 172  999.1  12.1   7.5 999.0 99.0 99.00
2019 04 15 06 50 202 12.0 13.7  1.65  5.26  4.70 174  997.7  12.5   7.4 999.0 99.0 99.00
2019 04 15 07 50 191 12.3 14.6  1.97  6.25  4.89 170  995.5  12.0   7.4 999.0 99.0 99.00
2019 04 15 08 50 192 11.6 13.5  2.12  6.25  5.13 184  994.4  12.4   7.5 999.0 99.0 99.00
2019 04 15 09 50 243 12.4 15.1  2.32  7.14  5.23 162  995.1  12.6   7.5 999.0 99.0 99.00
2019 04 15 10 50 264  4.8  5.9  2.51  7.14  5.59 170  996.5  11.8   7.6 999.0 99.0 99.00
2019 04 15 11 50 208  3.3  4.5  2.62  7.69  6.02 165  996.1  11.9   7.7 999.0 99.0 99.00
2019 04 15 12 50 173  3.0  3.9  2.34  7.69  5.98 157  994.5   9.5   7.8 999.0 99.0 99.00
2019 04 15 13 50 185  7.6  9.0  2.27  7.69  5.95 167  994.1  10.3   7.9 999.0 99.0 99.00
2019 04 15 14 50 195  5.4  6.6  2.22  8.33  6.00 156  994.2  10.8   7.9 999.0 99.0 99.00
2019 04 15 15 50 205  6.0  7.6  1.95  7.69  5.90 174  993.6  10.7   7.9 999.0 99.0 99.00
2019 04 15 16 50 276 11.4 15.5  2.20  7.69  6.26 179  994.9   9.3   7.9 999.0 99.0 99.00
2019 04 15 17 50 267  8.1  9.4  2.29  9.09  6.04 154  995.3   9.6   7.9 999.0 99.0 99.00
2019 04 15 18 50 272 12.0 14.7  2.38  9.09  6.30 156  995.8  11.1   7.9 999.0 99.0 99.00
2019 04 15 19 50 275 11.9 14.2  2.30  8.33  5.53 163  996.9  10.5   7.9 999.0 99.0 99.00
2019 04 15 20 50 279 13.4 16.3  2.93  5.88  5.66 283  998.3   9.9   7.8 999.0 99.0 99.00
2019 04 15 21 50 285 15.9 20.3  3.47  6.67  6.20 282  999.4  10.0   7.8 999.0 99.0 99.00
2019 04 15 22 50 288 14.0 18.2  3.18  7.69  6.01 245 1001.5   9.8   7.7 999.0 99.0 99.00
2019 04 15 23 50 290 11.8 14.2  3.04  6.67  5.92 289 1003.5   9.4   7.6 999.0 99.0 99.00
2019 04 16 00 50 298 14.7 18.9  3.23  6.25  5.84 293 1004.9   9.1   7.6 999.0 99.0 99.00
2019 04 16 01 50 307 11.1 13.7  2.90  6.25  5.77 290 1007.8   8.7   7.5 999.0 99.0 99.00
2019 04 16 02 50 310 14.5 18.7  2.56  6.25  5.44 294 1008.7   8.5   7.5 999.0 99.0 99.00
2019 04 16 03 50 296 13.5 16.4  2.35  6.25  5.38 297 1009.5   8.6   7.5 999.0 99.0 99.00
2019 04 16 04 50 304 13.2 16.2  2.41  5.88  5.46 306 1010.6   8.5   7.5 999.0 99.0 99.00
2019 04 16 05 50 305 12.9 15.9  2.29  6.25  5.42 301 1011.3   8.5   7.4 999.0 99.0 99.00
2019 04 16 06 50 299 10.7 13.7  2.09  6.25  5.26 279 1012.1   8.4   7.4 999.0 99.0 99.00
2019 04 16 07 50 289 10.6 12.8  1.94  5.56  5.19 301 1012.7   8.2   7.4 999.0 99.0 99.00
2019 04 16 08 50 276  9.8 11.5  1.92  5.56  5.13 289 1013.3   7.9   7.3 999.0 99.0 99.00
2019 04 16 09 50 275  9.8 11.7  1.88  5.26  5.02 289 1014.1   7.6   7.3 999.0 99.0 99.00
2019 04 16 10 50 273 11.0 13.6  1.81  5.26  4.83 288 1015.3   7.7   7.3 999.0 99.0 99.00
2019 04 16 11 50 270 10.6 13.2  1.86  5.00  4.85 276 1016.3   7.5   7.3 999.0 99.0 99.00
2019 04 16 12 50 272 11.2 13.9  1.86  5.00  4.75 278 1016.5   7.6   7.4 999.0 99.0 99.00
2019 04 16 13 50 279 10.8 13.0  1.70  5.26  4.57 260 1016.7   7.9   7.4 999.0 99.0 99.00
2019 04 16 14 50 282 11.6 14.3  1.70  5.00  4.52 281 1016.8   8.6   7.5 999.0 99.0 99.00
2019 04 16 15 50 279 10.6 13.0  1.70  5.00  4.71 288 1016.8   9.1   7.5 999.0 99.0 99.00
2019 04 16 16 50 271  8.1  9.6  1.50  4.76  4.52 276 1016.7   9.8   7.6 999.0 99.0 99.00
2019 04 16 17 50 264  6.5  8.4  1.38  4.76  4.55 272 1015.8  10.1   7.7 999.0 99.0 99.00
2019 04 16 18 50 250  7.4  9.0  1.18  4.76  4.37 258 1015.4  10.4   7.8 999.0 99.0 99.00
2019 04 16 19 50 214  5.4  7.8  1.07  5.26  4.33 218 1015.0  10.1   7.9 999.0 99.0 99.00
2019 04 16 20 50 222  5.3  6.0  0.88  5.00  4.15 215 1014.6  10.0   8.0 999.0 99.0 99.00
2019 04 16 21 50 224  4.9  5.7  0.78  9.09  4.30 151 1014.6  10.0   8.1 999.0 99.0 99.00
2019 04 16 22 50 224  4.6  6.0  0.73  9.09  4.11 150 1014.7  10.2   8.1 999.0 99.0 99.00
2019 04 16 23 50 280  7.3  8.9  0.67  9.09  3.98 180 1015.0  11.9   8.0 999.0 99.0 99.00
2019 04 17 00 50 280  7.9  9.3  0.84  3.45  3.61 291 1015.6  11.9   8.0 999.0 99.0 99.00
2019 04 17 01 50 278  7.9  9.4  0.86  3.70  3.70 284 1015.9  11.4   8.0 999.0 99.0 99.00
2019 04 17 02 50 304  7.3  8.6  0.91  4.17  3.79 279 1016.7  11.3   8.0 999.0 99.0 99.00
2019 04 17 03 50 310  5.4  6.3  0.83  4.17  3.87 272 1017.8  10.3   8.0 999.0 99.0 99.00
2019 04 17 04 50 342  5.8  7.2  0.85  3.85  3.84 286 1017.7  11.4   8.0 999.0 99.0 99.00
2019 04 17 05 50 358  4.5  5.5  0.84 10.00  4.34 179 1018.2  10.1   8.0 999.0 99.0 99.00
2019 04 17 06 50 358  2.9  3.2  0.74  9.09  4.55 185 1018.0   9.4   7.9 999.0 99.0 99.00
2019 04 17 07 50  25  3.0  3.8  0.59  4.76  4.39 191 1018.4   8.9   7.9 999.0 99.0 99.00
2019 04 17 08 50  46  5.2  5.9  0.58  9.09  4.49 171 1018.3   9.1   7.8 999.0 99.0 99.00
2019 04 17 09 50  44  4.6  5.5  0.55  9.09  4.66 181 1018.7   8.6   7.8 999.0 99.0 99.00
2019 04 17 10 50  92  1.5  1.8  0.51  8.33  4.59 163 1019.8   8.5   7.8 999.0 99.0 99.00
2019 04 17 11 50  22  1.1  1.5  0.52  9.09  4.51 196 1020.9   8.4   7.7 999.0 99.0 99.00
2019 04 17 12 50  14  1.0  1.3  0.53  9.09  4.91 133 1021.2   8.6   7.8 999.0 99.0 99.00
2019 04 17 13 50  24  1.8  2.1  0.63  8.33  4.94 156 1021.6   8.9   7.9 999.0 99.0 99.00
2019 04 17 14 50  51  2.4  2.9  0.60  9.09  5.03 147 1022.0   9.1   8.1 999.0 99.0 99.00
2019 04 17 15 50  60  2.7  3.2  0.60  9.09  5.14 160 1022.3   8.9   8.2 999.0 99.0 99.00
2019 04 17 16 50  51  2.9  3.4  0.57  9.09  5.23 164 1022.3   8.8   8.4 999.0 99.0 99.00
2019 04 17 17 50  79  3.0  3.6  0.53  9.09  5.31 170 1022.6   8.8   8.6 999.0 99.0 99.00
2019 04 17 18 50 125  3.1  3.6  0.50  8.33  5.17 175 1022.4   8.9   8.8 999.0 99.0 99.00
2019 04 17 19 50 138  3.3  3.7  0.50  9.09  5.21 162 1021.9   9.1   8.9 999.0 99.0 99.00
2019 04 17 20 50 153  4.0  4.6  0.47  8.33  5.37 182 1021.7   9.2   8.9 999.0 99.0 99.00
2019 04 17 21 50 155  4.6  5.3  0.54  8.33  5.39 208 1021.9   9.4   8.8 999.0 99.0 99.00
2019 04 17 22 50 162  5.6  6.6  0.51  8.33  4.77 172 1022.1   9.1   8.6 999.0 99.0 99.00
2019 04 17 23 50 155  5.6  6.8  0.58  7.69  3.99 155 1022.3   9.0   8.4 999.0 99.0 99.00
2019 04 18 00 50 144  6.3  7.3  0.63  7.69  3.96 151 1022.8   9.0   8.3 999.0 99.0 99.00
2019 04 18 01 50 144  6.0  7.0  0.65  7.69  3.88 163 1023.2   9.1   8.2 999.0 99.0 99.00
2019 04 18 02 50 131  6.5  7.9  0.66  8.33  3.92 135 1023.3   9.1   8.1 999.0 99.0 99.00
2019 04 18 03 50 125  6.0  6.9  0.72  6.25  4.00 173 1023.1   9.2   8.1 999.0 99.0 99.00
2019 04 18 04 50 123  5.7  6.5  0.72  6.25  4.04 167 1023.4   9.1   8.1 999.0 99.0 99.00
2019 04 18 05 50 125  6.3  7.1  0.75  8.33  4.05 150 1022.7   9.2   8.0 999.0 99.0 99.00
2019 04 18 06 50 124  5.1  6.2  0.67  5.88  3.85 174 1022.6   9.2   8.1 999.0 99.0 99.00
2019 04 18 07 50 114  6.3  7.3  0.73  3.85  3.95 139 1021.9   9.0   8.0 999.0 99.0 99.00
2019 04 18 08 50 116  7.8  9.0  0.75  5.56  3.76 161 1021.3   9.5   8.0 999.0 99.0 99.00
2019 04 18 09 50 123  7.6  8.5  0.82  3.57  3.86 121 1021.0   9.5   7.9 999.0 99.0 99.00
2019 04 18 10 50 125  8.4  9.6  0.92  3.85  3.86 120 1020.5   9.6   7.9 999.0 99.0 99.00
2019 04 18 11 50 114  7.5  8.6  0.91  4.35  3.85 127 1021.1   9.4   7.8 999.0 99.0 99.00
2019 04 18 12 50 120  8.4 10.0  1.01  4.55  4.07 126 1020.4   9.4   7.8 999.0 99.0 99.00
2019 04 18 13 50 125  9.0 10.8  1.20  5.56  4.39 139 1019.9   9.7   7.9 999.0 99.0 99.00
2019 04 18 14 50 124  8.8 10.5  1.28  6.25  4.51 145 1019.1  10.1   7.9 999.0 99.0 99.00
2019 04 18 15 50 131  8.8 10.6  1.37  5.88  4.55 136 1018.3  10.6   7.9 999.0 99.0 99.00
2019 04 18 16 50 133  8.2  9.9  1.59  6.25  4.77 135 1018.0  10.9   8.0 999.0 99.0 99.00
2019 04 18 17 50 134  6.4  7.5  1.58  6.67  4.90 139 1017.3  10.4   8.0 999.0 99.0 99.00
2019 04 18 18 50 148  8.0  9.1  1.69  6.67  5.25 135 1016.3  10.9   8.0 999.0 99.0 99.00
2019 04 18 19 50 164  8.2  9.4  1.80  7.14  5.32 136 1015.2  11.5   8.0 999.0 99.0 99.00
2019 04 18 20 50 164  8.2  9.2  1.89  7.69  5.29 133 1014.5  11.4   8.0 999.0 99.0 99.00
2019 04 18 21 50 167  8.8  9.9  2.05  7.69  5.56 136 1013.7  11.0   8.0 999.0 99.0 99.00
2019 04 18 22 50 179  9.1 10.4  2.02  8.33  5.54 135 1012.9  11.7   7.9 999.0 99.0 99.00
2019 04 18 23 50 183  8.7 10.0  1.81  7.69  5.45 124 1013.1  11.7   7.9 999.0 99.0 99.00
2019 04 19 00 50 184  9.1 10.4  2.09  8.33  5.61 129 1013.3  11.7   7.9 999.0 99.0 99.00
2019 04 19 01 50 197 10.4 12.6  2.03  9.09  5.65 114 1013.2  12.2   7.9 999.0 99.0 99.00
2019 04 19 02 50 191  8.9 10.6  1.98  7.69  5.39 137 1013.1  11.2   7.9 999.0 99.0 99.00
2019 04 19 03 50 203  9.4 10.7  1.96  8.33  5.50 112 1013.1  12.0   8.0 999.0 99.0 99.00
2019 04 19 04 50 205 10.2 11.6  2.01  8.33  5.49 114 1012.6  12.2   8.0 999.0 99.0 99.00
2019 04 19 05 50 203 10.7 12.5  1.99  7.69  5.36 130 1012.2  12.4   8.0 999.0 99.0 99.00
2019 04 19 06 50 196  9.7 10.9  2.16  7.14  5.37 128 1011.7  11.8   8.0 999.0 99.0 99.00
2019 04 19 07 50 202  9.0 11.1  2.17  5.88  5.33 196 1011.6  11.8   8.0 999.0 99.0 99.00
2019 04 19 08 50 199  9.5 11.4  2.11  7.14  5.36 135 1011.2  11.7   8.0 999.0 99.0 99.00
2019 04 19 09 50 197  8.6  9.8  2.35  6.67  5.54 176 1011.3  11.6   7.9 999.0 99.0 99.00
2019 04 19 10 50 199  9.6 11.2  2.20  7.14  5.58 146 1011.1  12.2   8.0 999.0 99.0 99.00
2019 04 19 11 50 200  9.0 10.7  2.11  7.14  5.45 154 1011.0  12.1   8.0 999.0 99.0 99.00
2019 04 19 12 50 200  8.5  9.7  2.32  7.69  5.74 151 1011.0  12.1   8.0 999.0 99.0 99.00
2019 04 19 13 50 201  9.0 10.2  2.31  8.33  5.73 157 1011.3  12.0   8.0 999.0 99.0 99.00
2019 04 19 14 50 213  8.6  9.6  2.20  8.33  5.64 160 1011.7  12.1   8.1 999.0 99.0 99.00
2019 04 19 15 50 203  7.3  8.4  1.99  7.69  5.65 152 1011.3  11.7   8.1 999.0 99.0 99.00
2019 04 19 16 50 200  8.0  9.2  2.03  8.33  5.86 150 1011.0  12.1   8.3 999.0 99.0 99.00
2019 04 19 17 50 185  6.6  7.7  1.85  8.33  5.52 155 1011.0  11.0   8.8 999.0 99.0 99.00
2019 04 19 18 50 202  5.8  6.7  2.14  8.33  6.18 150 1010.8  11.5   8.9 999.0 99.0 99.00
2019 04 19 19 50 198  8.8 10.3  2.09  8.33  5.94 166 1010.0  12.9   8.9 999.0 99.0 99.00
2019 04 19 20 50 173  5.7  6.7  2.07  8.33  6.17 153 1009.6  10.9   8.9 999.0 99.0 99.00
2019 04 19 21 50 177  7.6  9.0  2.11  8.33  6.24 163 1009.3  12.1   8.9 999.0 99.0 99.00
2019 04 19 22 50 172  8.2  9.7  2.23  8.33  6.29 150 1008.9  12.2   8.9 999.0 99.0 99.00
2019 04 19 23 50 176  8.3  9.5  2.20  9.09  6.07 168 1009.2  11.9   8.7 999.0 99.0 99.00
2019 04 20 00 50 172  9.0 10.4  2.41  8.33  6.26 155 1009.1  12.2   8.5 999.0 99.0 99.00
2019 04 20 01 50 170  9.1 10.4  2.35  8.33  6.12 158 1008.8  12.4   8.5 999.0 99.0 99.00
2019 04 20 02 50 170  9.5 11.7  2.32  9.09  5.94 159 1008.4  12.4   8.5 999.0 99.0 99.00
2019 04 20 03 50 168  9.6 11.5  2.31  9.09  6.12 160 1008.1  12.4   8.5 999.0 99.0 99.00
2019 04 20 04 50 173  9.9 11.6  2.46  9.09  6.16 153 1008.0  12.4   8.5 999.0 99.0 99.00
2019 04 20 05 50 224 10.7 16.0  2.69  9.09  6.30 147 1008.7  14.0   8.5 999.0 99.0 99.00
2019 04 20 06 50 182  7.1 10.1  2.46  9.09  6.16 151 1007.8  13.1   8.5 999.0 99.0 99.00
2019 04 20 07 50 197  4.5  6.1  2.89  8.33  6.63 156 1007.9  12.0   8.5 999.0 99.0 99.00
2019 04 20 08 50 185  7.8  9.2  2.72  9.09  6.37 156 1008.1  12.1   8.5 999.0 99.0 99.00
2019 04 20 09 50 170  6.9  8.3  2.82  9.09  6.55 158 1007.8  11.8   8.4 999.0 99.0 99.00
2019 04 20 10 50 165  7.3  9.7  2.55 10.00  6.45 152 1008.0  11.7   8.4 999.0 99.0 99.00
2019 04 20 11 50 160  8.2  9.4  2.54 10.00  6.45 167 1008.1  11.7   8.4 999.0 99.0 99.00
2019 04 20 12 50 165  8.4  9.9  2.86  9.09  6.87 157 1008.3  12.4   8.4 999.0 99.0 99.00
2019 04 20 13 50 159  9.4 11.2  2.66  9.09  6.75 159 1008.2  12.5   8.5 999.0 99.0 99.00
2019 04 20 14 50 177 12.9 15.7  3.05 10.00  6.91 152 1009.0  13.7   9.1 999.0 99.0 99.00
2019 04 20 15 50 160 10.9 12.7  3.18 10.00  6.85 161 1007.9  13.5   9.1 999.0 99.0 99.00
2019 04 20 16 50 157 10.3 12.0  3.12 10.81  6.87 165 1008.3  12.3   9.0 999.0 99.0 99.00
2019 04 20 17 50 167  9.4 12.5  2.79 10.81  6.72 144 1008.8  12.9   9.0 999.0 99.0 99.00
2019 04 20 18 50 167  9.9 11.8  3.15 10.81  7.14 163 1009.0  12.2   8.9 999.0 99.0 99.00
2019 04 20 19 50 171  8.1  9.5  3.11 10.00  6.86 170 1008.9  11.7   8.9 999.0 99.0 99.00
2019 04 20 20 50 158  7.6  9.1  3.32 10.81  7.35 172 1009.4  11.5   8.8 999.0 99.0 99.00
2019 04 20 21 50 172  8.2 10.1  2.99 10.00  6.93 154 1010.2  11.6   8.7 999.0 99.0 99.00
2019 04 20 22 50 169  7.9  9.8  3.50 10.81  7.48 162 1010.3  11.1   8.8 999.0 99.0 99.00
2019 04 20 23 50 176  8.1  9.6  3.13 10.81  7.38 163 1010.8  11.4   8.8 999.0 99.0 99.00
2019 04 21 00 50 164  7.1  8.9  3.14 10.81  7.22 154 1011.4  11.1   8.9 999.0 99.0 99.00
2019 04 21 01 50 159  7.6  9.5  3.18 10.81  7.64 153 1011.4  11.5   8.9 999.0 99.0 99.00
2019 04 21 02 50 165  7.0  8.6  3.12 10.81  7.51 140 1011.8  11.7   8.9 999.0 99.0 99.00
2019 04 21 03 50 174  5.3  7.3  3.02 11.43  7.74 149 1011.7  11.4   8.9 999.0 99.0 99.00
2019 04 21 04 50 174  5.9  7.3  2.79 10.00  7.41 139 1012.4  11.3   9.1 999.0 99.0 99.00
2019 04 21 05 50 188  5.5  6.4  2.87 10.81  7.62 142 1012.3  12.0   9.1 999.0 99.0 99.00
2019 04 21 06 50 146  5.1  6.3  2.55 10.81  7.27 148 1012.7  10.8   9.1 999.0 99.0 99.00
2019 04 21 07 50 141  4.7  5.6  2.44 10.00  7.15 161 1012.7  10.6   9.1 999.0 99.0 99.00
2019 04 21 08 50 149  6.1  7.4  2.91 10.00  7.75 156 1012.9  11.0   9.1 999.0 99.0 99.00
2019 04 21 09 50 159  6.1  7.5  2.51 10.00  7.16 147 1013.6  11.0   9.1 999.0 99.0 99.00
2019 04 21 10 50 128  4.2  5.3  2.46 10.81  7.07 164 1014.2  10.4   9.1 999.0 99.0 99.00
2019 04 21 11 50 122  5.7  6.7  2.41 10.00  7.24 156 1014.3  10.0   9.1 999.0 99.0 99.00
2019 04 21 12 50 129  5.3  6.7  2.41 10.81  7.05 148 1014.9  10.1   8.9 999.0 99.0 99.00
2019 04 21 13 50 129  5.4  6.5  2.34 10.81  7.24 151 1015.5   9.7   8.8 999.0 99.0 99.00
2019 04 21 14 50 148  5.4  6.5  2.38 10.00  7.23 154 1016.0   9.9   8.9 999.0 99.0 99.00
2019 04 21 15 50 150  6.2  7.9  2.38 10.00  7.31 149 1016.8   9.8   8.9 999.0 99.0 99.00
2019 04 21 16 50 155  6.1  7.2  2.22 10.00  6.94 141 1016.9  10.0   8.9 999.0 99.0 99.00
2019 04 21 17 50 171  4.2  5.2  2.33 10.00  7.32 138 1017.1  10.2   8.9 999.0 99.0 99.00
2019 04 21 18 50 177  4.4  5.4  2.02 10.00  6.99 148 1017.2  10.4   9.1 999.0 99.0 99.00
2019 04 21 19 50 172  5.0  6.2  2.25 10.00  7.34 143 1017.5  10.6   9.1 999.0 99.0 99.00
2019 04 21 20 50 167  5.4  6.5  2.43 10.00  7.62 147 1017.3  10.6   9.3 999.0 99.0 99.00
2019 04 21 21 50 160  6.2  7.6  2.37 10.00  7.51 151 1017.5  10.7   9.2 999.0 99.0 99.00
2019 04 21 22 50 177  5.5  6.6  2.02 10.00  7.05 147 1017.9  10.8   9.0 999.0 99.0 99.00
2019 04 21 23 50 180  2.6  3.4  2.07 10.00  7.22 149 1018.2  10.4   9.0 999.0 99.0 99.00
2019 04 22 00 50 143  3.9  5.2  2.16 10.00  7.26 149 1018.9  10.1   9.0 999.0 99.0 99.00
2019 04 22 01 50 145  1.3  2.1  1.88 10.00  6.98 147 1018.5  10.4   9.1 999.0 99.0 99.00
2019 04 22 02 50  97  3.3  4.1  1.97 10.81  7.13 124 1018.6  10.4   9.1 999.0 99.0 99.00
2019 04 22 03 50 109  2.0  2.7  2.03 10.00  7.37 134 1019.2   9.8   9.2 999.0 99.0 99.00
2019 04 22 04 50  97  2.1  2.9  1.94 10.00  7.24 129 1019.1  10.2   9.2 999.0 99.0 99.00
2019 04 22 05 50  97  3.4  4.3  1.92  9.09  7.24 158 1018.5  10.2   9.3 999.0 99.0 99.00
2019 04 22 06 50  55  3.4  4.4  1.91 10.00  7.38 144 1017.7  10.2   9.3 999.0 99.0 99.00
2019 04 22 07 50  57  4.1  5.3  2.10  9.09  7.61 153 1017.1  10.0   9.3 999.0 99.0 99.00
2019 04 22 08 50  66  3.4  4.0  2.16  9.09  7.83 148 1017.2  10.1   9.3 999.0 99.0 99.00
2019 04 22 09 50  14  4.8  5.9  1.88  9.09  7.29 150 1016.3  10.2   9.3 999.0 99.0 99.00
2019 04 22 10 50   9  5.1  6.2  1.97  9.09  7.46 148 1017.1  10.1   9.3 999.0 99.0 99.00
2019 04 22 11 50 353  5.4  6.5  1.68  8.33  7.01 152 1017.0  10.3   9.4 999.0 99.0 99.00
2019 04 22 12 50 357  5.4  6.9  1.64  9.09  6.62 156 1016.6  10.6   9.4 999.0 99.0 99.00
2019 04 22 13 50 353  5.0  6.2  1.70  9.09  6.75 140 1016.1  10.6   9.3 999.0 99.0 99.00
2019 04 22 14 50 345  6.0  7.2  1.46  9.09  6.57 161 1015.5  10.2   9.3 999.0 99.0 99.00
2019 04 22 15 50 332  4.6  5.9  1.45 10.00  6.62 134 1015.4  10.9   9.4 999.0 99.0 99.00
2019 04 22 16 50 321  6.7  8.0  1.34 10.00  6.64 145 1014.8  11.0   9.4 999.0 99.0 99.00
2019 04 22 17 50 320  6.6  7.9  1.35  9.09  6.41 135 1014.9  11.3   9.5 999.0 99.0 99.00
2019 04 22 18 50 324  8.6 10.5  1.28 10.81  6.26 138 1014.3  11.4   9.5 999.0 99.0 99.00
2019 04 22 19 50 325  6.3  7.6  1.63 10.00  6.46 141 1013.9  11.5   9.5 999.0 99.0 99.00
2019 04 22 20 50 325  6.0  7.3  1.54 10.81  6.44 133 1013.4  11.2   9.5 999.0 99.0 99.00
2019 04 22 21 50 339  7.9  9.8  1.67 10.00  6.18 146 1013.4  12.0   9.5 999.0 99.0 99.00
2019 04 22 22 50 340  4.6  5.6  1.54  9.09  5.56 143 1013.6  11.2   9.5 999.0 99.0 99.00
2019 04 22 23 50 318  4.6  5.6  1.67 10.81  6.00 125 1014.3  10.8   9.4 999.0 99.0 99.00
2019 04 23 00 50 333  5.4  6.6  1.67 10.00  6.37 133 1014.5  11.5   9.4 999.0 99.0 99.00
2019 04 23 01 50 332  6.4  7.8  1.48 10.00  6.17 138 1014.6  11.7   9.3 999.0 99.0 99.00
2019 04 23 02 50 331  6.9  9.0  1.48 10.00  6.07 135 1015.0  11.7   9.3 999.0 99.0 99.00
2019 04 23 03 50 309  5.8  6.7  1.45 10.00  5.94 129 1014.9  11.3   9.2 999.0 99.0 99.00
2019 04 23 04 50 313  5.9  7.3  1.45 10.00  6.25 130 1014.9  11.6   9.2 999.0 99.0 99.00
2019 04 23 05 50 314  6.2  7.7  1.43 10.00  6.63 123 1014.6  11.7   9.2 999.0 99.0 99.00
2019 04 23 06 50 291  5.6  6.7  1.46 10.00  6.61 129 1014.2  11.6   9.3 999.0 99.0 99.00
2019 04 23 07 50 300  6.0  7.3  1.52 10.00  6.96 126 1014.3  12.2   9.3 999.0 99.0 99.00
2019 04 23 08 50 296  5.9  7.2  1.32 10.00  6.49 124 1014.4  11.9   9.4 999.0 99.0 99.00
2019 04 23 09 50 308  5.5  6.5  1.30  9.09  6.35 141 1014.5  12.0   9.4 999.0 99.0 99.00
2019 04 23 10 50 299  5.7  6.6  1.24  9.09  6.32 153 1014.9  11.7   9.4 999.0 99.0 99.00
2019 04 23 11 50 283  6.0  7.2  1.28 10.00  6.73 140 1015.2  11.7   9.4 999.0 99.0 99.00
2019 04 23 12 50 294  3.8  4.9  1.23 10.00  6.52 142 1015.7  11.4   9.5 999.0 99.0 99.00
2019 04 23 13 50 290  3.3  4.2  1.14 10.00  6.72 137 1015.6  11.2   9.6 999.0 99.0 99.00
2019 04 23 14 50 320  2.7  4.5  1.13 10.00  7.01 149 1015.7  11.4   9.9 999.0 99.0 99.00
2019 04 23 15 50 290  2.2  2.9  1.10 10.00  7.13 132 1015.3  12.1  10.4 999.0 99.0 99.00
2019 04 23 16 50 218  1.6  2.4  0.98  9.09  7.13 137 1014.4  12.0  11.1 999.0 99.0 99.00
2019 04 23 17 50 198  2.7  3.1  0.96  9.09  7.36 123 1013.9  12.3  11.5 999.0 99.0 99.00
2019 04 23 18 50 193  2.5  2.9  0.93 10.00  7.53 119 1013.5  12.6  11.6 999.0 99.0 99.00
2019 04 23 19 50 176  3.6  4.1  0.93  9.09  7.68 137 1012.6  12.8  11.8 999.0 99.0 99.00
2019 04 23 20 50 174  4.3  4.9  0.91  9.09  7.64 126 1012.4  12.8  11.9 999.0 99.0 99.00
2019 04 23 21 50 174  5.2  6.0  0.79  8.33  6.98 131 1011.8  12.5  11.7 999.0 99.0 99.00
2019 04 23 22 50 177  6.1  6.9  0.96  9.09  7.10 137 1011.4  12.3  10.6 999.0 99.0 99.00
2019 04 23 23 50 182  7.1  8.3  1.00  8.33  6.28 140 1010.9  12.2  10.5 999.0 99.0 99.00
2019 04 24 00 50 192  7.7  8.8  0.97  9.09  5.32 129 1010.4  12.7  10.3 999.0 99.0 99.00
2019 04 24 01 50 192  7.1  8.1  0.97  9.09  4.80 140 1009.7  12.1  10.1 999.0 99.0 99.00
2019 04 24 02 50 222  8.0  9.5  1.07  8.33  4.56 138 1008.8  12.6   9.8 999.0 99.0 99.00
2019 04 24 03 50 218  8.5 10.0  1.12  8.33  4.29 121 1008.3  12.7   9.6 999.0 99.0 99.00
2019 04 24 04 50 219  9.2 11.0  1.43  4.76  4.54 227 1007.5  12.7   9.5 999.0 99.0 99.00
2019 04 24 05 50 218  9.6 10.9  1.57  5.00  4.54 222 1006.6  13.0   9.6 999.0 99.0 99.00
2019 04 24 06 50 218  8.8 10.3  1.49  5.00  4.73 234 1005.7  12.5   9.6 999.0 99.0 99.00
2019 04 24 07 50 230  7.9  8.9  1.46  5.26  4.73 226 1005.7  12.1   9.6 999.0 99.0 99.00
2019 04 24 08 50 228  9.0 10.4  1.57  5.56  4.83 225 1005.2  12.1   9.6 999.0 99.0 99.00
2019 04 24 09 50 233  7.8  9.1  1.47  5.56  4.83 218 1005.1  11.8   9.7 999.0 99.0 99.00
2019 04 24 10 50 237  6.9  7.7  1.51  5.88  4.98 212 1005.7  11.6   9.7 999.0 99.0 99.00
2019 04 24 11 50 249  5.9  6.8  1.41  6.25  5.15 199 1006.2  11.9   9.8 999.0 99.0 99.00
2019 04 24 12 50 271  6.8  8.0  1.38  5.88  5.11 201 1006.4  13.7   9.8 999.0 99.0 99.00
2019 04 24 13 50 279  7.5  8.7  1.35  8.33  5.19 149 1006.7  13.5   9.9 999.0 99.0 99.00
2019 04 24 14 50 291  6.3  7.2  1.30  6.25  5.15 176 1007.3  12.7   9.9 999.0 99.0 99.00
2019 04 24 15 50 285  5.7  6.4  1.31  5.88  5.28 195 1007.9  12.7  10.0 999.0 99.0 99.00
2019 04 24 16 50 299  6.7  7.9  1.25  8.33  5.33 140 1007.9  13.5  10.1 999.0 99.0 99.00
2019 04 24 17 50 297  5.5  6.8  1.23  6.67  5.13 180 1007.8  13.3  10.2 999.0 99.0 99.00
2019 04 24 18 50 304  6.0  8.4  1.34  6.67  5.41 173 1007.6  14.1  10.3 999.0 99.0 99.00
2019 04 24 19 50 309  6.6  7.4  1.28  6.67  5.26 179 1007.6  15.1  10.3 999.0 99.0 99.00
2019 04 24 20 50 307  2.9  4.2  1.22  6.67  5.62 175 1008.0  14.1  10.4 999.0 99.0 99.00
2019 04 24 21 50 355  5.9  6.6  1.35  7.14  5.95 170 1008.5  14.5  10.4 999.0 99.0 99.00
2019 04 24 22 50  34  2.9  3.4  1.40  7.14  5.99 168 1009.2  13.3  10.4 999.0 99.0 99.00
2019 04 24 23 50 172  3.3  4.4  1.35  8.33  5.83 149 1010.0  13.8  10.3 999.0 99.0 99.00
2019 04 25 00 50 319  1.8  2.4  1.26  6.67  5.85 177 1010.6  15.0  10.2 999.0 99.0 99.00
2019 04 25 01 50 192  2.0  2.8  1.22  6.67  5.80 181 1011.2  13.1  10.1 999.0 99.0 99.00
2019 04 25 02 50 196  2.1  2.8  1.25  6.25  5.64 179 1011.5  12.8  10.0 999.0 99.0 99.00
2019 04 25 03 50 218  1.6  2.4  1.07  7.14  5.38 176 1012.1  12.2   9.9 999.0 99.0 99.00
2019 04 25 04 50 274  0.9  1.7  1.18  6.67  5.83 185 1012.8  11.8  10.0 999.0 99.0 99.00
2019 04 25 05 50  21  4.8  5.5  1.02  6.67  5.71 183 1013.1  12.2  10.0 999.0 99.0 99.00
2019 04 25 06 50  48  4.8  5.7  0.97  6.67  5.81 179 1013.3  11.2  10.0 999.0 99.0 99.00
2019 04 25 07 50  47  7.1  8.3  0.88  6.67  5.62 162 1012.6  10.5  10.1 999.0 99.0 99.00
2019 04 25 08 50  49  7.2  8.3  0.89  9.09  4.83 127 1012.6  10.0  10.1 999.0 99.0 99.00
2019 04 25 09 50  46  5.7  6.6  0.95  8.33  4.59 154 1013.5   9.8  10.1 999.0 99.0 99.00
2019 04 25 10 50  20  5.4  6.4  0.93  8.33  4.29 139 1014.8   9.9  10.1 999.0 99.0 99.00
2019 04 25 11 50  31  4.6  5.3  0.93  7.69  4.53 165 1015.3   9.9  10.1 999.0 99.0 99.00
2019 04 25 12 50  34  5.0  5.9  0.99  8.33  4.81 162 1015.4  10.0  10.1 999.0 99.0 99.00
2019 04 25 13 50  45  4.3  5.2  0.88  8.33  5.01 145 1015.2   9.9  10.1 999.0 99.0 99.00
2019 04 25 14 50  58  4.2  5.0  0.79  9.09  5.24 138 1015.5   9.9  10.2 999.0 99.0 99.00
2019 04 25 15 50  81  3.4  4.0  0.81  8.33  5.61 142 1015.5   9.8  10.4 999.0 99.0 99.00
2019 04 25 16 50 104  3.2  4.1  0.74  8.33  5.51 142 1015.1   9.8  10.5 999.0 99.0 99.00
2019 04 25 17 50 136  3.3  3.8  0.71  8.33  5.69 152 1015.0  10.0  10.6 999.0 99.0 99.00
2019 04 25 18 50 154  3.6  4.1  0.69  9.09  5.81 108 1014.7  10.1  10.8 999.0 99.0 99.00
2019 04 25 19 50 145  3.9  4.4  0.66  6.25  5.78 182 1014.2  10.0  10.6 999.0 99.0 99.00
2019 04 25 20 50 152  3.1  3.6  0.66  9.09  6.19 164 1014.2  10.1  10.5 999.0 99.0 99.00
2019 04 25 21 50 159  2.6  3.2  0.65  9.09  6.25 153 1014.4  10.0  10.4 999.0 99.0 99.00
2019 04 25 22 50 140  2.5  3.1  0.59  7.69  6.13  88 1014.2  10.1  10.4 999.0 99.0 99.00
2019 04 25 23 50 125  3.4  4.1  0.66  9.09  6.50 142 1014.1  10.2  10.4 999.0 99.0 99.00
2019 04 26 00 50 111  4.5  5.8  0.60  7.14  6.20 144 1014.2  10.3  10.4 999.0 99.0 99.00
2019 04 26 01 50 120  5.1  5.9  0.61  9.09  5.85 151 1014.4  10.5  10.4 999.0 99.0 99.00
2019 04 26 02 50 113  5.2  6.5  0.62  8.33  4.95 177 1013.7  10.7  10.4 999.0 99.0 99.00
2019 04 26 03 50 112  5.2  6.3  0.67  7.69  4.45 164 1012.8  11.0  10.4 999.0 99.0 99.00
2019 04 26 04 50 114  5.8  7.0  0.66  8.33  4.48 155 1012.1  11.5  10.3 999.0 99.0 99.00
2019 04 26 05 50 113  6.3  7.6  0.66  7.69  4.24 147 1010.6  11.4  10.3 999.0 99.0 99.00
2019 04 26 06 50 114  6.4  7.4  0.72  7.69  4.06 162 1009.8  11.6  10.3 999.0 99.0 99.00
2019 04 26 07 50 116  8.3 10.4  0.76  7.69  3.90 162 1008.6  11.8  10.3 999.0 99.0 99.00
2019 04 26 08 50 118  6.7  8.2  0.84  3.57  3.80 121 1008.7  11.7  10.3 999.0 99.0 99.00
2019 04 26 09 50  97  0.4  1.2  0.91  4.17  4.01 120 1009.3  11.3  10.2 999.0 99.0 99.00
2019 04 26 10 50  76  7.6  8.9  0.81  4.17  4.25 110 1008.6  12.6  10.2 999.0 99.0 99.00
2019 04 26 11 50  87  6.5  7.4  0.83  3.85  4.07 112 1008.4  11.7  10.2 999.0 99.0 99.00
2019 04 26 12 50  87  9.0 10.2  0.86  4.35  3.96 112 1006.2  11.6  10.2 999.0 99.0 99.00
2019 04 26 13 50  97  8.7 11.7  1.04  4.17  3.97  95 1005.3  11.5  10.1 999.0 99.0 99.00
2019 04 26 14 50 111  7.8  9.5  1.27  4.35  4.20 100 1004.4  11.4  10.1 999.0 99.0 99.00
2019 04 26 15 50 121  9.3 10.9  1.29  4.55  4.21  88 1002.7  11.2  10.1 999.0 99.0 99.00
2019 04 26 16 50 141  7.0  8.0  1.24  4.55  4.27 100 1002.6  11.2  10.1 999.0 99.0 99.00
2019 04 26 17 50 164  5.4  6.5  1.31  5.00  4.47  94 1002.0  11.8  10.1 999.0 99.0 99.00
2019 04 26 18 50 191  3.9  5.4  1.24  5.26  4.65  93 1001.3  12.4  10.3 999.0 99.0 99.00
2019 04 26 19 50 136  2.1  2.9  1.25  5.88  4.90 100 1000.1  11.7  10.5 999.0 99.0 99.00
2019 04 26 20 50 112  4.0  5.0  1.27  6.25  5.13  96  998.8  11.4  10.5 999.0 99.0 99.00
2019 04 26 21 50 190  8.0  9.8  1.28  5.56  4.99  96  997.7  14.1  10.5 999.0 99.0 99.00
2019 04 26 22 50 189  8.3 10.3  1.42  5.88  4.71  87  996.6  13.0  10.4 999.0 99.0 99.00
2019 04 26 23 50 148  3.0  3.5  1.40  5.56  4.78  97  994.9  12.3  10.3 999.0 99.0 99.00
2019 04 27 00 50 211  6.4  8.0  1.39  5.88  4.76  78  995.2  12.6  10.3 999.0 99.0 99.00
2019 04 27 01 50 241  2.6  3.3  1.63  5.26  4.94 174  993.9  11.9  10.3 999.0 99.0 99.00
2019 04 27 02 50 195  5.3  6.4  1.65  6.25  5.16 132  994.2  11.9  10.3 999.0 99.0 99.00
2019 04 27 03 50 236  7.0  8.7  1.72  6.25  5.35 169  993.7  12.1  10.3 999.0 99.0 99.00
2019 04 27 04 50 265  8.3 10.2  1.72  6.25  5.35 148  993.3  12.1  10.2 999.0 99.0 99.00
2019 04 27 05 50 283 11.2 13.4  2.11  6.67  5.43 142  992.7  11.8  10.1 999.0 99.0 99.00
2019 04 27 06 50 279 13.3 16.8  2.23  8.33  5.50 146  993.9  11.0  10.1 999.0 99.0 99.00
2019 04 27 07 50 285 12.2 15.5  2.75  8.33  5.65 150  995.1  10.6  10.0 999.0 99.0 99.00
2019 04 27 08 50 278 11.0 14.9  2.62  9.09  5.70 156  996.1  11.1  10.0 999.0 99.0 99.00
2019 04 27 09 50 275 11.5 13.9  2.57 10.00  5.84 154  997.3  11.4   9.9 999.0 99.0 99.00
2019 04 27 10 50 277 12.2 16.0  2.96 10.00  6.16 151  998.7  11.5   9.9 999.0 99.0 99.00
2019 04 27 11 50 273 11.9 14.9  2.79 10.00  5.95 157  999.7  11.1   9.9 999.0 99.0 99.00
2019 04 27 12 50 271 12.5 15.9  2.73  5.88  5.70 285 1000.2  11.0   9.8 999.0 99.0 99.00
2019 04 27 13 50 265  9.6 11.9  2.77  5.88  5.75 278 1001.0  11.2   9.8 999.0 99.0 99.00
2019 04 27 14 50 274 13.0 17.6  2.49  9.09  5.58 170 1001.3  11.5   9.8 999.0 99.0 99.00
2019 04 27 15 50 279  9.0 11.1  2.32  5.88  5.56 277 1001.9  11.3   9.8 999.0 99.0 99.00
2019 04 27 16 50 282  8.5 10.3  2.25  5.56  5.55 284 1001.6  11.4   9.8 999.0 99.0 99.00
2019 04 27 17 50 290  7.6  8.9  2.23  6.25  5.63 271 1001.6  11.5   9.9 999.0 99.0 99.00
2019 04 27 18 50 297  7.9  9.5  2.12  5.88  5.66 275 1001.7  11.8   9.9 999.0 99.0 99.00
2019 04 27 19 50 302  9.1 11.2  2.01  8.33  5.52 186 1002.0  12.0   9.8 999.0 99.0 99.00
2019 04 27 20 50 317  4.6  5.9  1.78  9.09  5.51 167 1003.4  11.8   9.9 999.0 99.0 99.00
2019 04 27 21 50 336  3.2  4.2  1.76  7.69  5.49 182 1004.8  11.6   9.9 999.0 99.0 99.00
2019 04 27 22 50 342  3.9  4.9  1.57  8.33  5.46 185 1006.0  11.7   9.9 999.0 99.0 99.00
2019 04 27 23 50  14  3.3  4.4  1.42  7.14  5.33 190 1008.0  11.0   9.9 999.0 99.0 99.00
2019 04 28 00 50 341  3.1  4.5  1.29  7.14  5.32 195 1009.4  11.0   9.8 999.0 99.0 99.00
2019 04 28 01 50 342  3.4  5.1  1.44  7.14  5.31 181 1010.5  10.9   9.7 999.0 99.0 99.00
2019 04 28 02 50 140  0.3  0.8  1.36  7.14  4.90 185 1011.3  10.5   9.6 999.0 99.0 99.00
2019 04 28 03 50   4  1.5  2.4  1.38  7.69  5.24 170 1012.3  10.2   9.6 999.0 99.0 99.00
2019 04 28 04 50  35  0.7  1.2  1.36  6.25  5.41 185 1013.2  10.1   9.6 999.0 99.0 99.00
2019 04 28 05 50  30  2.6  3.2  1.24  6.67  5.26 180 1013.3   9.9   9.6 999.0 99.0 99.00
2019 04 28 06 50 359  1.3  1.9  1.12  7.69  5.31 178 1013.7   9.8   9.6 999.0 99.0 99.00
2019 04 28 07 50 178  2.3  2.8  1.09  7.14  5.46 177 1014.6   9.9   9.6 999.0 99.0 99.00
2019 04 28 08 50 157  2.8  3.4  1.10  7.69  5.64 167 1014.6   9.9   9.6 999.0 99.0 99.00
2019 04 28 09 50 120  3.6  4.2  1.05  8.33  5.75 160 1014.1   9.7   9.6 999.0 99.0 99.00
2019 04 28 10 50 120  3.6  4.4  1.07  7.69  6.01 172 1014.9  10.0   9.6 999.0 99.0 99.00
2019 04 28 11 50 111  5.0  6.1  1.09  8.33  6.29 169 1014.7   9.9   9.7 999.0 99.0 99.00
2019 04 28 12 50 129  5.6  6.6  1.12  7.69  5.74 173 1014.6  10.0   9.7 999.0 99.0 99.00
2019 04 28 13 50 127  6.2  7.2  1.03  7.14  5.20 176 1014.3   9.9   9.7 999.0 99.0 99.00
2019 04 28 14 50 111  6.3  7.3  1.02  9.09  4.87 162 1014.5  10.0   9.7 999.0 99.0 99.00
2019 04 28 15 50  74  4.9  5.6  0.98  5.56  4.48 187 1015.2  10.0   9.7 999.0 99.0 99.00
2019 04 28 16 50  61  6.4  7.4  1.02  6.67  4.57 157 1014.5   9.7   9.7 999.0 99.0 99.00
2019 04 28 17 50  76  8.0  9.4  0.97  5.88  4.24 180 1013.6   9.6   9.6 999.0 99.0 99.00
2019 04 28 18 50  63  8.7 10.5  0.97  8.33  4.00 143 1012.9   9.6   9.5 999.0 99.0 99.00
2019 04 28 19 50  57 10.3 12.2  1.12  3.70  3.87 103 1012.7   9.3   9.6 999.0 99.0 99.00
2019 04 28 20 50  41  8.9 10.8  1.13  4.17  3.98  81 1014.2   9.3   9.5 999.0 99.0 99.00
2019 04 28 21 50  24  7.5  8.8  1.15  4.17  4.02  69 1016.8   9.3   9.5 999.0 99.0 99.00
2019 04 28 22 50  16  6.0  6.9  1.13  4.55  4.14  78 1018.4   9.9   9.5 999.0 99.0 99.00
2019 04 28 23 50   1  8.0  9.5  1.09  4.76  4.09  82 1019.5   9.9   9.5 999.0 99.0 99.00
2019 04 29 00 50 351  4.8  6.7  1.15  4.76  4.21  78 1021.0   9.9   9.5 999.0 99.0 99.00
2019 04 29 01 50 335  6.5  7.6  1.08  6.25  4.24 146 1022.3   9.7   9.5 999.0 99.0 99.00
2019 04 29 02 50 328  5.4  6.4  0.99  5.88  4.19 151 1023.1   9.6   9.4 999.0 99.0 99.00
2019 04 29 03 50 320  4.9  6.0  0.94  5.88  4.23 139 1024.4   9.5   9.4 999.0 99.0 99.00
2019 04 29 04 50 327  5.3  6.3  0.88  5.88  4.25 130 1025.2   9.4   9.4 999.0 99.0 99.00
2019 04 29 05 50 329  7.4  8.6  0.81  5.26  3.89 131 1025.7   9.2   9.4 999.0 99.0 99.00
2019 04 29 06 50 344  8.3  9.4  0.92  3.33  3.89 328 1025.5   8.9   9.4 999.0 99.0 99.00
2019 04 29 07 50 345  8.2  9.7  1.00  3.57  3.83 320 1026.0   8.6   9.4 999.0 99.0 99.00
2019 04 29 08 50 359  9.6 11.0  0.92  4.00  3.79 307 1026.4   8.5   9.3 999.0 99.0 99.00
2019 04 29 09 50   5  9.1 10.8  0.92  3.45  3.63 353 1027.4   8.3   9.3 999.0 99.0 99.00
2019 04 29 10 50  15  8.1  9.8  1.00  3.85  3.71 348 1028.3   8.4   9.3 999.0 99.0 99.00
2019 04 29 11 50  23  7.1  8.6  0.94  3.70  3.78  11 1029.1   8.5   9.3 999.0 99.0 99.00
2019 04 29 12 50  36  6.0  7.0  0.84  3.85  3.71  11 1029.4   8.5   9.4 999.0 99.0 99.00
2019 04 29 13 50  31  5.1  5.8  0.70  3.70  3.81  17 1030.0   8.4   9.4 999.0 99.0 99.00
2019 04 29 14 50  20  2.9  3.5  0.68  3.57  3.86  19 1030.7   8.6   9.5 999.0 99.0 99.00
2019 04 29 15 50  98  0.4  0.8  0.62  8.33  4.44 140 1030.4   9.2   9.8 999.0 99.0 99.00
2019 04 29 16 50 172  1.5  2.1  0.59  7.14  4.71 122 1030.1   9.3  10.5 999.0 99.0 99.00
2019 04 29 17 50 200  1.9  2.5  0.53  7.14  5.00 155 1030.2   9.5  10.8 999.0 99.0 99.00
2019 04 29 18 50 177  2.6  3.0  0.49  7.69  5.32  83 1029.3   9.8  10.9 999.0 99.0 99.00
2019 04 29 19 50 171  3.6  4.5  0.51  8.33  5.51  74 1028.2   9.7  10.9 999.0 99.0 99.00
2019 04 29 20 50 167  5.5  6.4  0.45  7.14  5.66 127 1027.6   9.7  10.5 999.0 99.0 99.00
2019 04 29 21 50 147  4.1  5.0  0.47  8.33  5.20 100 1027.6   9.7  10.2 999.0 99.0 99.00
2019 04 29 22 50 124  3.3  3.9  0.50  7.69  4.90 146 1027.6   9.8  10.2 999.0 99.0 99.00
2019 04 29 23 50 123  4.8  5.4  0.46  8.33  5.05 151 1026.8   9.8  10.2 999.0 99.0 99.00
2019 04 30 00 50 133  5.9  6.7  0.48  7.69  4.29 168 1026.0   9.9  10.0 999.0 99.0 99.00
2019 04 30 01 50 117  6.0  6.9  0.53  7.69  3.92 153 1025.8   9.9   9.9 999.0 99.0 99.00
2019 04 30 02 50 120  6.0  7.0  0.53  7.14  3.72 165 1025.0   9.9   9.8 999.0 99.0 99.00
2019 04 30 03 50 106  4.7  5.7  0.59  7.14  3.90 179 1025.1   8.5   9.7 999.0 99.0 99.00
2019 04 30 04 50 108  6.2  7.0  0.60  7.14  4.02 157 1023.5   8.9   9.8 999.0 99.0 99.00
2019 04 30 05 50  26  6.2  7.1  0.66  3.45  3.85 123 1023.0   9.1   9.8 999.0 99.0 99.00
2019 04 30 06 50  76  6.7  7.7  0.66  6.67  3.73 170 1021.5   9.0   9.8 999.0 99.0 99.00
2019 04 30 07 50  85  6.1  7.0  0.69  7.14  3.76 143 1020.6   9.3   9.8 999.0 99.0 99.00
2019 04 30 08 50  91  6.1  6.9  0.67  3.70  3.59 114 1020.2   9.6   9.9 999.0 99.0 99.00
2019 04 30 09 50  85  1.7  2.2  0.68  3.57  3.83 114 1021.0  10.0   9.8 999.0 99.0 99.00
2019 04 30 10 50  33  5.3  6.3  0.72  5.56  4.05 143 1021.8   9.2   9.8 999.0 99.0 99.00
2019 04 30 11 50  51  5.7  6.6  0.98  5.88  4.50 139 1022.1   8.6   9.9 999.0 99.0 99.00
2019 04 30 12 50  68  4.8  5.5  0.97  5.88  4.55 138 1022.3   8.7   9.9 999.0 99.0 99.00
2019 04 30 13 50  93  3.0  3.4  1.03  6.25  4.77 124 1022.4   8.9   9.9 999.0 99.0 99.00
2019 04 30 14 50  84  2.9  3.5  0.97  6.25  4.77 128 1022.6   9.1  10.0 999.0 99.0 99.00
2019 04 30 15 50  89  2.3  2.8  0.96  5.88  4.62 130 1022.8   9.3  10.1 999.0 99.0 99.00
2019 04 30 16 50  45  1.8  2.3  0.90  6.25  4.62 121 1023.1   9.5  10.3 999.0 99.0 99.00
2019 04 30 17 50  71  1.4  2.0  0.94  5.56  4.73 132 1023.4   9.7  10.4 999.0 99.0 99.00
2019 04 30 18 50  52  2.7  3.4  0.92  5.88  4.76 118 1024.1   9.6  10.6 999.0 99.0 99.00
2019 04 30 19 50  66  3.0  3.5  0.82  5.56  4.61 127 1024.4   9.6  10.7 999.0 99.0 99.00
2019 04 30 20 50  79  3.1  3.6  0.79  5.88  4.69 117 1024.6   9.7  10.7 999.0 99.0 99.00
2019 04 30 21 50  93  3.5  3.9  0.80  5.00  4.78  99 1025.3  10.0  10.8 999.0 99.0 99.00
2019 04 30 22 50 106  3.6  4.0  0.78  6.25  4.83 143 1026.4   9.9  10.8 999.0 99.0 99.00
