#YY  MM DD hh mm WDIR WSPD GST  WVHT   DPD   APD MWD   PRES  ATMP  WTMP  DEWP  VIS  TIDE
#yr  mo dy hr mn degT m/s  m/s     m   sec   sec deg    hPa  degC  degC  degC  nmi    ft
2019 06 30 23 50 357  6.9  7.9  0.72  5.88  3.71 197 1008.3  22.1  20.2 999.0 99.0 99.00
2019 07 01 00 50 346  7.4  9.3  0.74  3.57  3.58 331 1008.8  22.4  20.0 999.0 99.0 99.00
2019 07 01 01 50 345  6.2  7.2  0.76  3.33  3.58 342 1009.8  22.1  19.9 999.0 99.0 99.00
2019 07 01 02 50 346  7.4  8.9  0.68  5.88  3.87 192 1010.0  22.1  19.7 999.0 99.0 99.00
2019 07 01 03 50 341  9.1 11.2  0.67  5.88  3.71 189 1010.2  22.0  19.7 999.0 99.0 99.00
2019 07 01 04 50 339  8.6  9.7  0.80  3.33  3.52 336 1010.5  21.2  19.8 999.0 99.0 99.00
2019 07 01 05 50 334  7.2  8.4  0.77  3.57  3.60 325 1010.8  20.8  19.8 999.0 99.0 99.00
2019 07 01 06 50 339  8.0  9.4  0.72  3.85  3.78 325 1011.3  20.7  19.8 999.0 99.0 99.00
2019 07 01 07 50 335  7.5  8.9  0.76  4.00  3.68 314 1011.8  20.2  19.8 999.0 99.0 99.00
2019 07 01 08 50 339  7.2  8.5  0.73  3.57  3.66 328 1011.8  20.0  19.7 999.0 99.0 99.00
2019 07 01 09 50 341  7.2  8.2  0.67  3.70  3.62 324 1011.9  19.8  19.7 999.0 99.0 99.00
2019 07 01 10 50 336  6.9  8.1  0.67  3.57  3.51 331 1012.0  19.6  19.6 999.0 99.0 99.00
2019 07 01 11 50 345  6.7  7.6  0.60  3.13  3.43 339 1012.3  19.6  19.6 999.0 99.0 99.00
2019 07 01 12 50 329  6.2  7.3  0.63  3.33  3.68 325 1013.0  19.8  19.6 999.0 99.0 99.00
2019 07 01 13 50 322  3.9  4.7  0.54  3.23  3.52 323 1013.3  20.1  19.8 999.0 99.0 99.00
2019 07 01 14 50 310  3.4  4.0  0.48  5.88  3.59 193 1013.7  20.4  20.0 999.0 99.0 99.00
2019 07 01 15 50 282  2.9  3.3  0.43  5.56  3.72 189 1013.7  20.6  20.2 999.0 99.0 99.00
2019 07 01 16 50 281  4.3  5.2  0.40  8.33  3.71 172 1013.8  21.1  20.3 999.0 99.0 99.00
2019 07 01 17 50 271  4.4  5.0  0.35  8.33  3.87 149 1013.6  21.4  20.4 999.0 99.0 99.00
2019 07 01 18 50 246  4.3  4.9  0.37  8.33  3.78 173 1012.8  21.7  20.5 999.0 99.0 99.00
2019 07 01 19 50 227  3.8  4.4  0.36  5.88  3.90 113 1012.9  22.2  20.7 999.0 99.0 99.00
2019 07 01 20 50 221  4.2  4.8  0.36  7.14  3.89 141 1012.4  22.3  20.8 999.0 99.0 99.00
2019 07 01 21 50 230  5.8  6.7  0.35  5.88  3.88 142 1012.0  22.2  20.9 999.0 99.0 99.00
2019 07 01 22 50 230  6.4  7.3  0.46  2.60  3.19 249 1012.0  22.2  20.7 999.0 99.0 99.00
2019 07 01 23 50 229  6.2  7.1  0.62  2.94  3.30 234 1011.9  22.0  20.5 999.0 99.0 99.00
2019 07 02 00 50 229  6.8  7.7  0.67  3.23  3.36 232 1012.1  22.0  20.4 999.0 99.0 99.00
2019 07 02 01 50 231  6.9  8.3  0.67  3.45  3.35 232 1012.2  21.9  20.2 999.0 99.0 99.00
2019 07 02 02 50 234  6.4  7.1  0.76  3.70  3.48 228 1012.1  21.7  20.1 999.0 99.0 99.00
2019 07 02 03 50 241  5.8  6.6  0.72  3.85  3.62 240 1012.1  21.6  20.1 999.0 99.0 99.00
2019 07 02 04 50 255  5.9  6.5  0.66  4.17  3.57 230 1011.9  22.1  20.5 999.0 99.0 99.00
2019 07 02 05 50 257  6.1  6.9  0.62  3.85  3.68 227 1011.9  22.0  20.5 999.0 99.0 99.00
2019 07 02 06 50 267  5.8  6.7  0.62  4.35  3.72 218 1011.6  22.2  20.4 999.0 99.0 99.00
2019 07 02 07 50 257  5.9  6.7  0.59  3.85  3.85 218 1011.7  21.8  20.3 999.0 99.0 99.00
2019 07 02 08 50 264  5.9  6.7  0.64  4.00  3.63 217 1011.5  21.7  20.1 999.0 99.0 99.00
2019 07 02 09 50 260  5.0  6.0  0.59  4.00  3.62 220 1011.3  21.6  20.0 999.0 99.0 99.00
2019 07 02 10 50 257  4.9  5.5  0.61  4.17  3.77 209 1011.3  21.6  19.9 999.0 99.0 99.00
2019 07 02 11 50 256  5.0  5.8  0.63  4.35  3.78 221 1011.5  21.5  19.9 999.0 99.0 99.00
2019 07 02 12 50 254  4.4  5.0  0.64  4.35  3.87 219 1011.5  21.5  19.8 999.0 99.0 99.00
2019 07 02 13 50 235  5.2  6.1  0.66  4.35  3.98 216 1010.6  21.3  19.9 999.0 99.0 99.00
2019 07 02 14 50 241  4.7  5.3  0.64  4.17  3.93 216 1010.9  21.4  20.0 999.0 99.0 99.00
2019 07 02 15 50 227  4.7  5.2  0.63  4.35  3.90 216 1010.6  21.6  20.1 999.0 99.0 99.00
2019 07 02 16 50 217  5.1  6.1  0.57  4.35  3.89 209 1010.2  21.9  20.2 999.0 99.0 99.00
2019 07 02 17 50 218  6.1  6.8  0.58  9.09  3.82 160 1009.5  22.2  20.3 999.0 99.0 99.00
2019 07 02 18 50 220  6.1  6.7  0.65  4.00  3.73 215 1009.2  22.7  20.3 999.0 99.0 99.00
2019 07 02 19 50 215  5.9  6.7  0.63  3.85  3.65 204 1008.6  22.5  20.3 999.0 99.0 99.00
2019 07 02 20 50 219  5.9  6.8  0.72  3.85  3.67 208 1008.0  22.7  20.4 999.0 99.0 99.00
2019 07 02 21 50 233  4.4  5.3  0.81  3.70  3.78 205 1007.6  22.5  20.4 999.0 99.0 99.00
2019 07 02 22 50 235  6.3  7.3  0.83  4.55  3.93 210 1007.8  22.8  20.4 999.0 99.0 99.00
2019 07 02 23 50 233  5.8  7.2  0.88  4.76  4.00 207 1007.6  22.4  20.3 999.0 99.0 99.00
2019 07 03 00 50 220  4.6  5.6  0.88  4.76  4.05 207 1007.5  22.0  20.1 999.0 99.0 99.00
2019 07 03 01 50 226  4.8  5.4  0.83  5.00  4.15 204 1008.0  22.3  20.0 999.0 99.0 99.00
2019 07 03 02 50 242  7.2  8.8  0.80  5.00  4.36 203 1008.6  22.4  19.9 999.0 99.0 99.00
2019 07 03 03 50 237  3.5  4.2  0.87  5.26  4.38 199 1009.3  22.9  19.9 999.0 99.0 99.00
2019 07 03 04 50 267  3.8  4.8  0.83  5.56  4.50 202 1009.1  22.2  19.8 999.0 99.0 99.00
2019 07 03 05 50 284  2.3  2.6  0.82  5.26  4.58 204 1009.0  21.4  19.7 999.0 99.0 99.00
2019 07 03 06 50 302  2.5  3.4  0.84  5.56  4.67 195 1008.8  21.7  19.7 999.0 99.0 99.00
2019 07 03 07 50 253  2.9  3.3  0.74  5.26  4.76 197 1008.6  21.4  19.7 999.0 99.0 99.00
2019 07 03 08 50 272  2.9  3.2  0.76  5.26  4.70 201 1008.6  21.3  19.7 999.0 99.0 99.00
2019 07 03 09 50 262  1.6  2.2  0.72  5.26  4.73 196 1009.0  21.1  19.8 999.0 99.0 99.00
2019 07 03 10 50 271  1.6  1.8  0.78  5.26  4.64 184 1009.6  20.7  19.8 999.0 99.0 99.00
2019 07 03 11 50 316  1.6  2.0  0.78  5.00  4.77 189 1009.7  21.1  19.7 999.0 99.0 99.00
2019 07 03 12 50 298  1.9  2.4  0.77  5.56  4.75 185 1010.3  21.3  20.0 999.0 99.0 99.00
2019 07 03 13 50 291  1.8  2.1  0.72  5.26  4.77 193 1010.7  21.3  20.2 999.0 99.0 99.00
2019 07 03 14 50 307  1.2  1.5  0.67  5.26  4.69 197 1011.1  21.9  20.5 999.0 99.0 99.00
2019 07 03 15 50 337  1.3  1.6  0.61  5.26  4.61 191 1011.6  22.5  20.9 999.0 99.0 99.00
2019 07 03 16 50 336  0.6  0.8  0.62  5.26  4.68 190 1011.8  23.8  21.9 999.0 99.0 99.00
2019 07 03 17 50 199  0.4  0.9  0.56  5.56  4.79 184 1011.5  24.8  22.1 999.0 99.0 99.00
2019 07 03 18 50 226  1.3  1.5  0.58  5.56  4.83 180 1011.5  24.5  22.8 999.0 99.0 99.00
2019 07 03 19 50 242  1.6  1.9  0.58  5.56  5.03 188 1011.6  24.7  22.9 999.0 99.0 99.00
2019 07 03 20 50 222  0.7  1.0  0.57  5.56  5.00 199 1011.4  25.0  23.2 999.0 99.0 99.00
2019 07 03 21 50 203  1.0  1.3  0.57  5.56  4.83 189 1011.1  25.3  22.7 999.0 99.0 99.00
2019 07 03 22 50 166  1.6  2.0  0.62  5.26  4.92 184 1011.3  24.8  22.6 999.0 99.0 99.00
2019 07 03 23 50 204  1.7  1.9  0.57  5.26  4.88 189 1011.9  24.4  21.5 999.0 99.0 99.00
2019 07 04 00 50 206  1.4  1.6  0.57  5.26  4.90 183 1012.4  23.9  21.5 999.0 99.0 99.00
2019 07 04 01 50 193  1.8  2.0  0.55  8.33  4.80 139 1013.6  23.4  21.9 999.0 99.0 99.00
2019 07 04 02 50 165  0.8  1.0  0.56  4.76  4.84 200 1014.1  23.2  20.7 999.0 99.0 99.00
2019 07 04 03 50 186  1.6  1.9  0.52  5.26  4.70 196 1014.5  23.0  20.8 999.0 99.0 99.00
2019 07 04 04 50 167  0.0  0.2  0.50  4.35  4.68 200 1014.9  22.7  20.9 999.0 99.0 99.00
2019 07 04 05 50 125  0.5  0.7  0.48  8.33  5.00 195 1015.0  22.7  21.4 999.0 99.0 99.00
2019 07 04 06 50  82  0.8  1.1  0.48  8.33  5.01 152 1015.2  22.4  21.9 999.0 99.0 99.00
2019 07 04 07 50 109  1.2  1.4  0.50  5.00  5.28 186 1015.4  22.6  22.0 999.0 99.0 99.00
2019 07 04 08 50 116  2.0  2.1  0.49  9.09  5.24 167 1015.8  22.2  21.9 999.0 99.0 99.00
2019 07 04 09 50  97  2.1  2.4  0.54  9.09  5.46 162 1016.3  22.1  21.9 999.0 99.0 99.00
2019 07 04 10 50  87  2.3  2.5  0.51  8.33  5.26 149 1016.9  21.5  21.8 999.0 99.0 99.00
2019 07 04 11 50 115  1.4  1.7  0.50  7.69  5.39 149 1017.2  21.7  21.8 999.0 99.0 99.00
2019 07 04 12 50 129  1.3  1.5  0.52  5.00  5.30 165 1017.8  22.2  21.8 999.0 99.0 99.00
2019 07 04 13 50  98  1.2  1.6  0.52  8.33  5.37 148 1017.9  22.8  22.1 999.0 99.0 99.00
2019 07 04 14 50  85  1.2  1.5  0.54  8.33  5.35 144 1018.5  23.2  22.3 999.0 99.0 99.00
2019 07 04 15 50 105  1.8  2.1  0.52  4.76  5.19 182 1018.8  23.1  22.6 999.0 99.0 99.00
2019 07 04 16 50  86  2.0  2.3  0.50  9.09  5.29 150 1019.0  23.4  22.8 999.0 99.0 99.00
2019 07 04 17 50 106  2.7  3.1  0.50  9.09  5.41 165 1018.9  23.4  23.5 999.0 99.0 99.00
2019 07 04 18 50 102  3.7  4.2  0.51  8.33  5.49 168 1018.5  23.6  23.7 999.0 99.0 99.00
2019 07 04 19 50 117  3.1  3.7  0.51  8.33  5.61 111 1018.5  23.7  23.9 999.0 99.0 99.00
2019 07 04 20 50 146  3.4  4.1  0.48  8.33  5.29 136 1018.8  23.5  23.8 999.0 99.0 99.00
2019 07 04 21 50 146  3.0  3.4  0.48 10.00  5.07 151 1018.6  23.6  23.7 999.0 99.0 99.00
2019 07 04 22 50 151  2.9  3.7  0.52  8.33  4.90 151 1018.6  23.4  23.4 999.0 99.0 99.00
2019 07 04 23 50 136  3.6  4.3  0.51  8.33  4.53 125 1018.8  23.0  23.2 999.0 99.0 99.00
2019 07 05 00 50 109  2.8  3.1  0.52  9.09  4.48 151 1019.1  22.7  22.9 999.0 99.0 99.00
2019 07 05 01 50 125  2.8  3.3  0.58  9.09  4.72 150 1020.0  22.6  22.7 999.0 99.0 99.00
2019 07 05 02 50 165  3.6  4.4  0.54  8.33  4.85 181 1020.7  22.6  22.5 999.0 99.0 99.00
2019 07 05 03 50 160  3.7  4.9  0.51  8.33  4.78 134 1020.8  22.8  22.5 999.0 99.0 99.00
2019 07 05 04 50 150  3.2  3.9  0.54  9.09  5.26 159 1020.5  22.8  22.5 999.0 99.0 99.00
2019 07 05 05 50 131  3.2  3.9  0.55 10.00  4.99 146 1020.1  22.9  22.5 999.0 99.0 99.00
2019 07 05 06 50 123  1.6  2.0  0.54  8.33  5.42 143 1020.6  22.5  22.3 999.0 99.0 99.00
2019 07 05 07 50  83  2.3  2.7  0.56  9.09  5.21 147 1020.5  22.4  22.1 999.0 99.0 99.00
2019 07 05 08 50  77  3.3  3.9  0.57  8.33  5.19 136 1020.7  22.0  21.8 999.0 99.0 99.00
2019 07 05 09 50  63  2.2  2.8  0.54  8.33  4.97 121 1020.8  21.9  21.7 999.0 99.0 99.00
2019 07 05 10 50 125  3.1  3.8  0.54  9.09  4.92  57 1021.1  21.5  21.6 999.0 99.0 99.00
2019 07 05 11 50 155  2.3  3.1  0.55  8.33  4.91 137 1021.2  22.0  21.9 999.0 99.0 99.00
2019 07 05 12 50 100  1.0  1.2  0.60  9.09  5.03 171 1021.4  22.5  22.2 999.0 99.0 99.00
2019 07 05 13 50 103  2.4  2.8  0.53  9.09  4.81 151 1021.3  22.7  22.6 999.0 99.0 99.00
2019 07 05 14 50  93  4.2  4.8  0.59  8.33  4.98 137 1021.3  22.5  22.8 999.0 99.0 99.00
2019 07 05 15 50  96  3.9  4.5  0.57  8.33  5.26 142 1021.3  22.6  22.9 999.0 99.0 99.00
2019 07 05 16 50 106  3.1  3.6  0.57  9.09  5.29 162 1021.2  22.8  22.9 999.0 99.0 99.00
2019 07 05 17 50 117  3.0  3.5  0.53  8.33  5.04 154 1021.1  23.1  22.9 999.0 99.0 99.00
2019 07 05 18 50 131  3.5  4.0  0.58  8.33  5.21 127 1020.5  23.3  22.8 999.0 99.0 99.00
2019 07 05 19 50 131  3.2  3.8  0.58  9.09  5.13 146 1020.0  23.4  23.0 999.0 99.0 99.00
2019 07 05 20 50 150  3.5  4.6  0.54  9.09  4.85 199 1019.8  23.6  23.1 999.0 99.0 99.00
2019 07 05 21 50 158  3.2  3.6  0.57  9.09  4.80 110 1019.4  23.7  23.3 999.0 99.0 99.00
2019 07 05 22 50 162  2.6  3.1  0.53  8.33  4.92 134 1019.2  23.6  23.2 999.0 99.0 99.00
2019 07 05 23 50 188  3.1  4.0  0.57  9.09  4.71 159 1018.9  23.6  23.1 999.0 99.0 99.00
2019 07 06 00 50 182  2.2  2.7  0.53  8.33  5.02 154 1018.6  23.6  23.1 999.0 99.0 99.00
2019 07 06 01 50 198  2.9  3.5  0.54  9.09  4.80 119 1018.7  23.5  23.0 999.0 99.0 99.00
2019 07 06 02 50 203  3.7  4.4  0.55  8.33  5.54  80 1018.4  23.7  22.9 999.0 99.0 99.00
2019 07 06 03 50 197  3.1  3.5  0.52  9.09  5.04 131 1018.1  23.4  22.8 999.0 99.0 99.00
2019 07 06 04 50 197  2.8  3.1  0.52  9.09  4.90 176 1017.5  23.3  22.6 999.0 99.0 99.00
2019 07 06 05 50 214  2.6  3.6  0.52  9.09  5.08 193 1017.0  23.3  22.7 999.0 99.0 99.00
2019 07 06 06 50 203  3.2  3.6  0.48  9.09  4.61 150 1016.7  23.3  22.8 999.0 99.0 99.00
2019 07 06 07 50 189  3.8  4.4  0.54 12.90  4.69 129 1016.2  23.4  22.6 999.0 99.0 99.00
2019 07 06 08 50 202  4.0  5.0  0.55 12.90  4.39 132 1016.2  23.4  22.2 999.0 99.0 99.00
2019 07 06 09 50 207  4.1  4.9  0.65  3.85  4.22 206 1016.2  23.4  21.9 999.0 99.0 99.00
2019 07 06 10 50 209  2.7  3.1  0.66  8.33  4.09 106 1016.0  23.1  22.0 999.0 99.0 99.00
2019 07 06 11 50 211  3.3  3.8  0.67  4.55  4.08 203 1015.9  23.3  22.2 999.0 99.0 99.00
2019 07 06 12 50 221  3.4  4.0  0.66  4.55  4.17 195 1015.7  23.5  22.7 999.0 99.0 99.00
2019 07 06 13 50 220  3.2  3.6  0.63  4.76  4.32 187 1015.2  23.7  23.0 999.0 99.0 99.00
2019 07 06 14 50 216  3.9  4.5  0.66  4.35  4.32 188 1014.8  23.8  23.2 999.0 99.0 99.00
2019 07 06 15 50 218  3.7  4.3  0.63  4.35  4.43 191 1014.4  23.9  23.4 999.0 99.0 99.00
2019 07 06 16 50 210  3.5  4.2  0.62  8.33  4.39 126 1013.8  24.0  23.4 999.0 99.0 99.00
2019 07 06 17 50 209  5.9  6.7  0.65  9.09  4.44 135 1012.7  24.1  23.5 999.0 99.0 99.00
2019 07 06 18 50 212  6.9  8.1  0.75  4.76  4.15 202 1012.0  24.2  23.5 999.0 99.0 99.00
2019 07 06 19 50 234  6.6  7.5  0.82  4.55  3.95 195 1011.9  24.2  23.5 999.0 99.0 99.00
2019 07 06 20 50 232  4.4  5.0  0.97  4.76  4.10 204 1011.1  23.8  23.2 999.0 99.0 99.00
2019 07 06 21 50 246  4.9  6.0  0.93  4.76  4.34 211 1010.5  23.9  23.0 999.0 99.0 99.00
2019 07 06 22 50 237  5.2  6.2  0.90  5.00  4.13 209 1010.6  24.0  22.9 999.0 99.0 99.00
2019 07 06 23 50 228  5.0  5.9  0.95  5.00  4.34 201 1010.6  23.7  22.9 999.0 99.0 99.00
2019 07 07 00 50 254  4.3  4.8  1.00  5.26  4.28 196 1010.6  23.6  22.8 999.0 99.0 99.00
2019 07 07 01 50 241  3.1  3.5  0.98  5.00  4.48 203 1010.5  23.5  22.6 999.0 99.0 99.00
2019 07 07 02 50 211  0.9  1.4  0.99  5.26  4.43 198 1010.1  23.2  22.6 999.0 99.0 99.00
2019 07 07 03 50 224  2.5  3.2  0.92  5.26  4.44 189 1010.0  23.1  22.6 999.0 99.0 99.00
2019 07 07 04 50 265  2.7  3.1  0.92  5.26  4.67 196 1009.9  23.0  22.5 999.0 99.0 99.00
2019 07 07 05 50 278  3.5  3.9  0.83  5.56  4.61 190 1009.9  23.2  22.5 999.0 99.0 99.00
2019 07 07 06 50 313  1.9  2.2  0.70  5.56  4.55 190 1009.4  23.0  22.6 999.0 99.0 99.00
2019 07 07 07 50 325  3.4  3.9  0.70  5.88  4.72 193 1009.2  22.7  22.5 999.0 99.0 99.00
2019 07 07 08 50   2  3.4  3.8  0.73  5.88  4.87 199 1009.6  23.0  22.6 999.0 99.0 99.00
2019 07 07 09 50   2  3.4  4.6  0.71  5.88  4.96 191 1010.1  23.0  22.6 999.0 99.0 99.00
2019 07 07 10 50   9  4.6  5.2  0.79  6.25  5.11 195 1011.0  23.2  22.7 999.0 99.0 99.00
2019 07 07 11 50  20  6.0  6.9  0.78  5.88  4.65 177 1011.1  23.3  22.8 999.0 99.0 99.00
2019 07 07 12 50  28  6.4  7.3  0.83  5.88  4.01 194 1011.7  23.2  22.8 999.0 99.0 99.00
2019 07 07 13 50  44  8.4 10.7  0.79  5.56  3.76 185 1011.8  23.4  22.8 999.0 99.0 99.00
2019 07 07 14 50  50  9.9 11.7  0.94  3.33  3.69  38 1012.0  23.1  22.7 999.0 99.0 99.00
2019 07 07 15 50  61  9.9 11.6  1.10  4.00  3.74  54 1012.6  22.5  22.6 999.0 99.0 99.00
2019 07 07 16 50  64  9.4 11.3  1.20  4.76  3.90  67 1013.0  22.0  22.6 999.0 99.0 99.00
2019 07 07 17 50  59  8.7 10.2  1.23  4.76  4.06  61 1013.4  21.8  22.5 999.0 99.0 99.00
2019 07 07 18 50  60  8.7 10.0  1.20  5.00  4.13  72 1013.4  21.6  22.2 999.0 99.0 99.00
2019 07 07 19 50  72  8.7  9.9  1.47  5.56  4.45  60 1013.2  21.8  22.1 999.0 99.0 99.00
2019 07 07 20 50  80  8.2  9.8  1.34  5.88  4.54  69 1012.7  21.8  22.1 999.0 99.0 99.00
2019 07 07 21 50  80  7.6  8.7  1.33  5.88  4.40  80 1012.3  21.9  22.0 999.0 99.0 99.00
2019 07 07 22 50  99  7.4  8.9  1.19  5.56  4.32  62 1012.6  22.1  22.0 999.0 99.0 99.00
2019 07 07 23 50 107  7.1  8.0  1.16  5.56  4.34  74 1013.2  21.9  22.0 999.0 99.0 99.00
2019 07 08 00 50 121  6.4  7.6  1.21  5.88  4.55  69 1013.2  21.9  22.0 999.0 99.0 99.00
2019 07 08 01 50 126  6.1  7.0  1.18  5.56  4.57  98 1013.8  22.1  21.8 999.0 99.0 99.00
2019 07 08 02 50 133  6.0  6.9  1.10  6.25  4.45  74 1013.9  22.1  21.8 999.0 99.0 99.00
2019 07 08 03 50 138  5.4  6.3  1.04  5.88  4.52  80 1014.0  22.1  21.7 999.0 99.0 99.00
2019 07 08 04 50 147  4.0  4.8  1.05  5.88  4.54  90 1014.3  22.1  21.7 999.0 99.0 99.00
2019 07 08 05 50 130  3.6  4.1  1.04  5.88  4.70  82 1014.1  22.1  21.7 999.0 99.0 99.00
2019 07 08 06 50 108  3.5  4.2  1.04  5.56  4.80  82 1014.0  22.0  21.6 999.0 99.0 99.00
2019 07 08 07 50 109  3.3  4.0  0.92  5.56  4.70  90 1013.7  21.9  21.6 999.0 99.0 99.00
2019 07 08 08 50 105  3.2  4.2  0.84  5.56  4.52  87 1013.6  21.8  21.5 999.0 99.0 99.00
2019 07 08 09 50  98  3.6  4.3  0.86  5.26  4.51  89 1013.9  22.0  21.4 999.0 99.0 99.00
2019 07 08 10 50  83  3.2  3.9  0.81  4.35  4.41  87 1014.5  22.1  21.4 999.0 99.0 99.00
2019 07 08 11 50  86  5.0  5.7  0.78  6.67  4.23 170 1014.7  21.8  21.4 999.0 99.0 99.00
2019 07 08 12 50  72  5.1  6.0  0.76  6.67  4.31 164 1015.2  21.7  21.4 999.0 99.0 99.00
2019 07 08 13 50  69  4.5  5.4  0.80  5.56  4.38 149 1015.7  21.4  21.3 999.0 99.0 99.00
2019 07 08 14 50  77  4.9  5.8  0.72  6.25  4.25 149 1015.8  21.5  21.4 999.0 99.0 99.00
2019 07 08 15 50  69  5.0  5.7  0.83  5.88  4.49 160 1015.5  21.3  21.5 999.0 99.0 99.00
2019 07 08 16 50  75  4.1  5.0  0.83  6.67  4.42 140 1015.8  21.4  21.5 999.0 99.0 99.00
2019 07 08 17 50  51  3.7  4.9  0.82  6.25  4.42 133 1015.7  21.5  21.6 999.0 99.0 99.00
2019 07 08 18 50  44  3.1  4.0  0.77  6.67  4.44 154 1015.1  21.7  21.6 999.0 99.0 99.00
2019 07 08 19 50  32  3.4  4.0  0.72  6.67  4.50 128 1014.8  21.8  21.8 999.0 99.0 99.00
2019 07 08 20 50  27  3.3  4.1  0.68  5.26  4.56 109 1014.9  22.0  21.9 999.0 99.0 99.00
2019 07 08 21 50  30  2.7  3.2  0.68  4.76  4.64 113 1015.0  22.2  21.9 999.0 99.0 99.00
2019 07 08 22 50  52  1.4  1.8  0.71  6.25  4.72 130 1015.2  22.4  21.9 999.0 99.0 99.00
2019 07 08 23 50 137  1.2  1.6  0.67  5.56  4.70 135 1015.4  22.2  21.9 999.0 99.0 99.00
2019 07 09 00 50 179  2.6  3.0  0.70  6.67  4.96 129 1015.9  22.0  21.9 999.0 99.0 99.00
2019 07 09 01 50 187  2.9  3.4  0.70  9.09  5.09 167 1016.0  22.0  21.8 999.0 99.0 99.00
2019 07 09 02 50 219  2.1  2.6  0.70  7.69  4.99 121 1016.3  21.9  21.7 999.0 99.0 99.00
2019 07 09 03 50 218  3.1  3.8  0.70  6.25  5.08 124 1016.1  21.8  21.7 999.0 99.0 99.00
2019 07 09 04 50 229  2.8  3.4  0.70  6.25  5.28 147 1016.0  21.7  21.6 999.0 99.0 99.00
2019 07 09 05 50 241  3.5  4.1  0.64  5.00  5.07 108 1016.0  21.6  21.6 999.0 99.0 99.00
2019 07 09 06 50 238  3.7  4.2  0.65  7.14  5.44 141 1015.8  21.4  21.6 999.0 99.0 99.00
2019 07 09 07 50 253  3.5  4.0  0.69  9.09  5.59 116 1015.8  21.5  21.6 999.0 99.0 99.00
2019 07 09 08 50 279  3.7  4.5  0.67  9.09  5.55 120 1015.9  21.8  21.6 999.0 99.0 99.00
2019 07 09 09 50 284  3.7  4.6  0.68 10.00  5.77 128 1016.5  22.0  21.6 999.0 99.0 99.00
2019 07 09 10 50 295  3.8  4.4  0.67  9.09  5.45 148 1016.9  22.0  21.6 999.0 99.0 99.00
2019 07 09 11 50 302  4.2  5.1  0.69  7.69  5.12 151 1017.5  22.1  21.6 999.0 99.0 99.00
2019 07 09 12 50 302  3.6  4.2  0.72  9.09  5.24 139 1017.9  22.1  21.7 999.0 99.0 99.00
2019 07 09 13 50 261  2.7  3.2  0.73  9.09  4.84 152 1017.5  22.0  21.8 999.0 99.0 99.00
2019 07 09 14 50 244  3.3  3.8  0.75  9.09  5.17 153 1017.5  21.9  22.1 999.0 99.0 99.00
2019 07 09 15 50 251  3.4  3.7  0.70  9.09  5.31 159 1017.9  22.0  22.2 999.0 99.0 99.00
2019 07 09 16 50 279  2.5  3.1  0.77 10.00  5.68 142 1018.0  22.3  22.5 999.0 99.0 99.00
2019 07 09 17 50 226  3.1  3.4  0.70 10.00  5.52 140 1017.4  22.7  23.0 999.0 99.0 99.00
2019 07 09 18 50 223  4.4  5.0  0.70 10.00  5.88 132 1017.2  23.1  23.2 999.0 99.0 99.00
2019 07 09 19 50 224  4.8  5.7  0.63  9.09  5.74 128 1016.9  23.3  23.2 999.0 99.0 99.00
2019 07 09 20 50 216  4.7  5.6  0.68 10.00  5.53 112 1016.6  23.6  23.2 999.0 99.0 99.00
2019 07 09 21 50 226  5.3  6.0  0.68  9.09  5.14 135 1016.6  23.7  23.1 999.0 99.0 99.00
2019 07 09 22 50 224  5.4  6.1  0.67  8.33  4.79 132 1016.7  23.7  22.9 999.0 99.0 99.00
2019 07 09 23 50 230  6.3  7.3  0.74  9.09  4.45 143 1016.6  23.7  22.9 999.0 99.0 99.00
2019 07 10 00 50 228  5.8  6.7  0.77  9.09  4.34 169 1016.8  23.5  22.9 999.0 99.0 99.00
2019 07 10 01 50 227  5.8  6.5  0.77  8.33  4.23 165 1017.5  23.4  22.8 999.0 99.0 99.00
2019 07 10 02 50 228  5.3  6.4  0.82  8.33  4.32 169 1017.5  23.3  22.7 999.0 99.0 99.00
2019 07 10 03 50 239  6.2  7.0  0.84  7.69  4.45 149 1017.4  23.4  22.4 999.0 99.0 99.00
2019 07 10 04 50 243  6.8  8.1  0.92  4.00  4.18 234 1017.3  23.3  22.3 999.0 99.0 99.00
2019 07 10 05 50 244  6.6  7.9  1.00  9.09  4.23 134 1017.1  23.3  22.3 999.0 99.0 99.00
2019 07 10 06 50 244  5.9  7.0  1.00  4.55  4.31 213 1016.9  23.1  22.4 999.0 99.0 99.00
2019 07 10 07 50 244  4.8  5.7  0.97  4.55  4.51 223 1016.8  22.9  22.3 999.0 99.0 99.00
2019 07 10 08 50 247  4.9  5.7  0.91  8.33  4.67 135 1016.8  22.8  22.3 999.0 99.0 99.00
2019 07 10 09 50 254  4.1  4.8  0.85  4.76  4.68 216 1017.3  22.7  22.2 999.0 99.0 99.00
2019 07 10 10 50 251  3.9  4.6  0.84  4.76  4.60 208 1017.6  22.5  22.2 999.0 99.0 99.00
2019 07 10 11 50 256  3.3  3.9  0.77  9.09  4.78 150 1018.0  22.5  22.3 999.0 99.0 99.00
2019 07 10 12 50 254  2.8  3.2  0.73  8.33  4.82 140 1018.1  22.8  22.3 999.0 99.0 99.00
2019 07 10 13 50 239  2.9  3.3  0.79  4.76  5.14 205 1017.8  22.8  22.4 999.0 99.0 99.00
2019 07 10 14 50 260  2.7  3.3  0.79  7.14  5.24 152 1017.7  23.0  22.7 999.0 99.0 99.00
2019 07 10 15 50 250  2.1  2.4  0.74  7.69  5.07 153 1017.6  23.3  23.0 999.0 99.0 99.00
2019 07 10 16 50 231  2.8  3.5  0.72  9.09  5.13 136 1017.4  23.6  23.4 999.0 99.0 99.00
2019 07 10 17 50 214  4.1  5.1  0.70 10.00  5.01 119 1017.2  23.7  23.6 999.0 99.0 99.00
2019 07 10 18 50 214  4.6  5.5  0.67  9.09  4.96 117 1017.1  23.8  23.6 999.0 99.0 99.00
2019 07 10 19 50 216  5.9  6.9  0.71 10.00  4.70  99 1016.7  23.9  23.6 999.0 99.0 99.00
2019 07 10 20 50 214  5.3  6.1  0.74 10.00  4.37  80 1016.4  24.1  23.5 999.0 99.0 99.00
2019 07 10 21 50 213  5.3  6.1  0.69  9.09  4.49 141 1015.8  24.4  23.5 999.0 99.0 99.00
2019 07 10 22 50 216  6.2  7.2  0.72 10.00  4.23 123 1015.9  24.3  23.5 999.0 99.0 99.00
2019 07 10 23 50 212  6.0  6.9  0.74  9.09  3.95 119 1015.6  24.2  23.4 999.0 99.0 99.00
2019 07 11 00 50 210  5.8  6.7  0.76  9.09  4.25 120 1015.5  23.9  23.2 999.0 99.0 99.00
2019 07 11 01 50 213  5.6  6.5  0.76  9.09  4.11 138 1015.9  23.7  23.1 999.0 99.0 99.00
2019 07 11 02 50 216  5.8  6.8  0.86  7.69  4.30 163 1016.0  23.5  23.0 999.0 99.0 99.00
2019 07 11 03 50 218  6.1  7.2  0.86  8.33  4.21 143 1015.6  23.4  23.0 999.0 99.0 99.00
2019 07 11 04 50 222  6.0  7.0  0.87  4.35  4.30 215 1015.5  23.4  22.9 999.0 99.0 99.00
2019 07 11 05 50 225  4.9  6.0  0.91  4.76  4.30 222 1015.6  23.3  22.9 999.0 99.0 99.00
2019 07 11 06 50 224  4.7  5.5  0.92  4.76  4.33 211 1015.3  23.3  22.9 999.0 99.0 99.00
2019 07 11 07 50 224  4.4  5.2  0.85  4.76  4.39 216 1015.3  23.3  22.9 999.0 99.0 99.00
2019 07 11 08 50 212  4.7  5.2  0.80  4.76  4.50 209 1015.2  23.3  22.9 999.0 99.0 99.00
2019 07 11 09 50 194  3.8  4.5  0.83  4.76  4.68 213 1015.3  23.1  22.9 999.0 99.0 99.00
2019 07 11 10 50 200  4.3  5.2  0.75  9.09  4.75 120 1015.8  23.3  22.8 999.0 99.0 99.00
2019 07 11 11 50 193  4.9  5.8  0.67  9.09  4.52  92 1015.8  23.3  22.9 999.0 99.0 99.00
2019 07 11 12 50 180  4.3  5.2  0.74  7.14  4.77 155 1015.5  23.3  22.9 999.0 99.0 99.00
2019 07 11 13 50 183  4.0  4.6  0.72  8.33  4.51 130 1015.0  23.2  23.0 999.0 99.0 99.00
2019 07 11 14 50 193  4.3  5.0  0.68  7.14  4.45 157 1015.2  23.3  23.2 999.0 99.0 99.00
2019 07 11 15 50 180  5.6  6.5  0.70  6.67  4.26 159 1014.6  23.3  23.4 999.0 99.0 99.00
2019 07 11 16 50 178  5.9  6.8  0.71  8.33  4.00 123 1014.2  23.5  23.4 999.0 99.0 99.00
2019 07 11 17 50 182  5.5  6.4  0.75  8.33  4.00 118 1013.6  23.7  23.5 999.0 99.0 99.00
2019 07 11 18 50 179  6.3  7.3  0.75  6.25  3.87 154 1012.7  24.0  23.6 999.0 99.0 99.00
2019 07 11 19 50 173  7.4  8.6  0.82  3.85  3.86 197 1012.2  23.9  23.6 999.0 99.0 99.00
2019 07 11 20 50 165  7.2  8.3  0.90  3.70  4.01 192 1011.3  23.9  23.5 999.0 99.0 99.00
2019 07 11 21 50 157  7.1  8.3  0.93  4.17  3.92 169 1010.4  24.0  23.5 999.0 99.0 99.00
2019 07 11 23 50 172  7.6  8.9  1.08  4.55  4.13 169 1010.4  24.1  23.4 999.0 99.0 99.00
2019 07 12 00 50 166  7.5  8.5  0.99  4.55  4.14 165 1009.6  24.1  23.4 999.0 99.0 99.00
2019 07 12 01 50 178  6.7  8.0  1.03  4.55  4.11 163 1009.5  24.2  23.3 999.0 99.0 99.00
2019 07 12 02 50 226 12.0 16.2  1.04  4.76  4.18 168 1009.4  22.2  23.3 999.0 99.0 99.00
2019 07 12 03 50 224  8.7 10.6  1.03  4.55  4.06 164 1008.3  22.6  23.2 999.0 99.0 99.00
2019 07 12 04 50 204  5.8  7.2  0.98  4.55  4.07 170 1007.5  22.4  23.2 999.0 99.0 99.00
2019 07 12 05 50 166  1.4  2.1  0.97  4.55  4.15 165 1006.8  22.3  23.1 999.0 99.0 99.00
2019 07 12 06 50 256  2.5  3.1  0.93  4.76  4.23 174 1006.1  22.5  23.1 999.0 99.0 99.00
2019 07 12 07 50 270  4.2  5.3  0.86  4.76  4.40 183 1005.6  22.8  23.1 999.0 99.0 99.00
2019 07 12 08 50 274  4.3  4.9  0.84  4.76  4.63 183 1006.0  22.6  23.1 999.0 99.0 99.00
2019 07 12 09 50 261  5.3  6.4  0.87  4.55  4.55 170 1006.0  22.5  23.1 999.0 99.0 99.00
2019 07 12 10 50 266  6.5  7.4  0.96  5.00  4.61 173 1006.2  22.4  23.1 999.0 99.0 99.00
2019 07 12 11 50 271  6.5  7.6  1.00  5.56  4.38 194 1006.6  22.8  23.0 999.0 99.0 99.00
2019 07 12 12 50 259  6.1  7.3  1.06  5.00  4.52 173 1007.0  22.6  22.9 999.0 99.0 99.00
2019 07 12 13 50 269  5.9  6.6  0.94  5.26  4.36 200 1007.1  22.7  23.0 999.0 99.0 99.00
2019 07 12 14 50 267  5.9  6.8  0.94  5.26  4.39 182 1007.0  22.9  23.1 999.0 99.0 99.00
2019 07 12 15 50 263  5.7  6.5  0.90  5.26  4.24 185 1007.0  23.3  23.2 999.0 99.0 99.00
2019 07 12 16 50 257  5.2  5.9  0.86  5.56  4.22 181 1007.1  23.8  23.4 999.0 99.0 99.00
2019 07 12 17 50 246  5.1  5.9  0.89  5.26  4.39 169 1006.9  24.1  23.6 999.0 99.0 99.00
2019 07 12 18 50 241  4.8  5.5  0.91  5.88  4.51 164 1006.8  24.6  23.7 999.0 99.0 99.00
2019 07 12 19 50 227  5.0  5.7  0.81  5.88  4.35 176 1006.4  24.8  23.9 999.0 99.0 99.00
2019 07 12 20 50 220  6.5  7.4  0.92  5.26  4.40 195 1006.2  24.7  23.9 999.0 99.0 99.00
2019 07 12 21 50 221  7.1  8.4  0.93  5.88  4.50 180 1006.5  24.9  23.9 999.0 99.0 99.00
2019 07 12 22 50 225  6.1  7.1  1.04  5.88  4.46 176 1007.1  24.7  23.9 999.0 99.0 99.00
2019 07 12 23 50 296  4.1  5.3  1.09  6.25  4.67 171 1008.0  25.4  23.8 999.0 99.0 99.00
2019 07 13 00 50 304  4.9  5.7  1.01  6.25  4.94 161 1008.6  25.2  23.7 999.0 99.0 99.00
2019 07 13 01 50 306  3.8  4.4  0.97  6.67  4.77 181 1009.7  24.7  23.5 999.0 99.0 99.00
2019 07 13 02 50 294  3.4  4.0  0.94  6.25  4.79 183 1010.4  24.4  23.4 999.0 99.0 99.00
2019 07 13 03 50 322  4.1  4.9  0.88  6.67  4.73 176 1010.9  24.3  23.3 999.0 99.0 99.00
2019 07 13 04 50 326  5.3  6.0  0.90  6.25  4.90 161 1010.7  24.3  23.3 999.0 99.0 99.00
2019 07 13 05 50 319  3.8  4.6  0.88  6.25  4.89 175 1010.8  24.1  23.2 999.0 99.0 99.00
2019 07 13 06 50 305  4.2  5.1  0.89  6.25  5.08 178 1011.1  23.9  23.2 999.0 99.0 99.00
2019 07 13 07 50 316  4.1  5.0  0.94  6.25  5.11 187 1011.2  23.8  23.2 999.0 99.0 99.00
2019 07 13 08 50 318  4.0  5.1  0.90  6.67  5.20 195 1011.6  23.5  23.2 999.0 99.0 99.00
2019 07 13 09 50 318  4.3  5.1  0.92  6.25  5.30 186 1012.2  23.4  23.2 999.0 99.0 99.00
2019 07 13 10 50 333  4.7  5.6  0.94  6.67  5.24 171 1013.0  23.3  23.3 999.0 99.0 99.00
2019 07 13 11 50 343  4.3  5.0  0.91  6.67  5.06 188 1013.6  23.0  23.3 999.0 99.0 99.00
2019 07 13 12 50 327  3.2  3.7  0.88  6.67  5.16 185 1014.1  22.9  23.4 999.0 99.0 99.00
2019 07 13 13 50 346  2.3  2.9  0.86  7.14  5.29 177 1014.3  22.9  23.5 999.0 99.0 99.00
2019 07 13 14 50 293  0.9  1.3  0.84  7.14  5.53 181 1014.5  23.1  23.9 999.0 99.0 99.00
2019 07 13 15 50 236  2.4  3.4  0.83  6.25  5.53 187 1014.6  23.3  24.2 999.0 99.0 99.00
2019 07 13 16 50 234  3.6  4.1  0.75  6.25  5.42 186 1014.5  23.6  24.3 999.0 99.0 99.00
2019 07 13 17 50 226  4.9  5.8  0.82  6.67  5.63 186 1014.2  23.8  24.5 999.0 99.0 99.00
2019 07 13 18 50 220  4.8  5.7  0.71  6.67  5.03 173 1013.8  24.1  24.5 999.0 99.0 99.00
2019 07 13 19 50 215  4.6  5.3  0.79  6.67  5.22 184 1013.6  24.6  24.5 999.0 99.0 99.00
2019 07 13 20 50 212  4.8  5.5  0.77  6.25  5.22 175 1013.4  24.6  24.5 999.0 99.0 99.00
2019 07 13 21 50 210  5.2  6.0  0.70  5.88  4.70 188 1012.9  24.9  24.5 999.0 99.0 99.00
2019 07 13 22 50 213  6.2  7.5  0.73  5.88  4.27 197 1012.7  24.9  24.4 999.0 99.0 99.00
2019 07 13 23 50 217  6.0  6.9  0.76  6.25  4.14 186 1012.7  24.8  24.2 999.0 99.0 99.00
2019 07 14 00 50 216  6.7  7.9  0.78  5.88  3.89 201 1013.0  24.7  24.1 999.0 99.0 99.00
2019 07 14 01 50 214  7.2  8.7  0.80 10.81  4.16  93 1013.4  24.5  24.0 999.0 99.0 99.00
2019 07 14 02 50 220  6.3  7.6  0.86 10.00  4.25  83 1013.5  24.5  23.8 999.0 99.0 99.00
2019 07 14 03 50 240  6.2  7.3  0.85  9.09  4.27 124 1013.3  24.6  23.7 999.0 99.0 99.00
2019 07 14 04 50 242  5.2  6.4  0.85  9.09  4.41 126 1013.0  24.5  23.6 999.0 99.0 99.00
2019 07 14 05 50 238  6.4  7.4  0.82  9.09  4.31 137 1012.8  24.3  23.6 999.0 99.0 99.00
2019 07 14 06 50 241  6.1  7.3  0.85  6.67  4.44 176 1012.6  24.1  23.5 999.0 99.0 99.00
2019 07 14 07 50 242  5.3  6.0  0.87  6.67  4.41 171 1012.6  23.9  23.4 999.0 99.0 99.00
2019 07 14 08 50 245  5.4  6.2  0.89  7.14  4.61 189 1012.7  24.0  23.4 999.0 99.0 99.00
2019 07 14 09 50 249  5.4  6.1  0.85  8.33  4.55 169 1012.9  23.9  23.3 999.0 99.0 99.00
2019 07 14 10 50 255  4.9  5.7  0.84  7.14  4.39 174 1013.1  23.9  23.3 999.0 99.0 99.00
2019 07 14 11 50 253  4.2  4.8  0.81  5.88  4.51 183 1013.3  23.8  23.2 999.0 99.0 99.00
2019 07 14 12 50 262  4.8  5.5  0.79  8.33  4.61 179 1013.5  24.0  23.2 999.0 99.0 99.00
2019 07 14 13 50 259  3.8  4.4  0.76  8.33  4.51 154 1013.4  24.0  23.2 999.0 99.0 99.00
2019 07 14 14 50 265  3.4  3.9  0.75  7.14  4.54 174 1013.6  24.0  23.4 999.0 99.0 99.00
2019 07 14 15 50 259  3.9  4.6  0.71  7.69  4.50 152 1013.5  24.3  23.5 999.0 99.0 99.00
2019 07 14 16 50 274  5.7  6.4  0.72  7.69  4.16 174 1013.3  25.3  23.6 999.0 99.0 99.00
2019 07 14 17 50 265  5.0  6.0  0.72  7.14  4.29 173 1013.0  25.3  23.6 999.0 99.0 99.00
2019 07 14 18 50 249  4.9  5.7  0.74  7.14  4.25 163 1012.8  25.4  23.7 999.0 99.0 99.00
2019 07 14 19 50 239  5.0  5.5  0.73  6.67  4.36 185 1012.6  25.8  23.9 999.0 99.0 99.00
2019 07 14 20 50 257  4.2  4.6  0.68  6.67  4.36 179 1012.4  25.7  24.1 999.0 99.0 99.00
2019 07 14 21 50 289  4.8  5.5  0.68  6.67  4.53 185 1012.4  26.4  24.1 999.0 99.0 99.00
2019 07 14 22 50 301  6.6  7.8  0.72  7.69  4.32 124 1012.4  27.1  24.0 999.0 99.0 99.00
2019 07 14 23 50 313  5.4  6.1  0.77  6.25  3.89 185 1012.9  26.3  23.9 999.0 99.0 99.00
2019 07 15 00 50 306  4.3  5.3  0.72  6.25  3.92 184 1013.6  25.3  23.8 999.0 99.0 99.00
2019 07 15 01 50 315  3.9  4.5  0.68  6.25  4.23 184 1014.3  25.6  23.6 999.0 99.0 99.00
2019 07 15 02 50 326  5.5  6.3  0.60  6.67  4.34 154 1014.5  25.6  23.5 999.0 99.0 99.00
2019 07 15 03 50 325  4.6  5.3  0.55  9.09  4.11  90 1015.3  24.9  23.4 999.0 99.0 99.00
2019 07 15 04 50 334  5.0  5.7  0.56  6.67  4.02 135 1015.6  24.2  23.3 999.0 99.0 99.00
2019 07 15 05 50 347  3.7  4.2  0.55  7.14  4.28 104 1016.2  23.4  23.2 999.0 99.0 99.00
2019 07 15 06 50   2  5.7  6.9  0.52  6.67  4.71 110 1016.3  23.9  23.1 999.0 99.0 99.00
2019 07 15 07 50 352  3.6  4.4  0.51  6.25  4.77 120 1016.0  23.1  23.1 999.0 99.0 99.00
2019 07 15 08 50 335  4.3  5.1  0.49  6.25  4.51 129 1016.5  22.7  23.0 999.0 99.0 99.00
2019 07 15 09 50 346  5.1  6.4  0.45  6.67  4.38 184 1017.0  22.3  23.1 999.0 99.0 99.00
2019 07 15 10 50 352  5.9  7.2  0.48  6.25  4.00 197 1017.5  22.4  23.2 999.0 99.0 99.00
2019 07 15 11 50 354  6.0  7.1  0.52  2.74  3.53 358 1017.7  22.3  23.3 999.0 99.0 99.00
2019 07 15 12 50   2  5.3  6.2  0.55  3.13  3.47  12 1018.1  22.3  23.5 999.0 99.0 99.00
2019 07 15 13 50   2  4.7  5.6  0.52  2.94  3.46   4 1018.5  22.5  23.6 999.0 99.0 99.00
2019 07 15 14 50 358  3.1  3.8  0.46  8.33  3.67 131 1018.6  22.7  23.7 999.0 99.0 99.00
2019 07 15 15 50 338  2.3  3.0  0.43 10.00  4.34 109 1018.8  22.9  23.8 999.0 99.0 99.00
2019 07 15 16 50 291  0.6  1.2  0.39  7.14  4.45 128 1018.5  23.1  24.2 999.0 99.0 99.00
2019 07 15 17 50 228  1.6  2.0  0.40  7.14  5.03 132 1017.9  23.7  24.8 999.0 99.0 99.00
2019 07 15 18 50 222  2.9  3.5  0.44  9.09  5.05 154 1017.4  24.1  25.1 999.0 99.0 99.00
2019 07 15 19 50 219  3.6  4.3  0.40 10.00  4.97 111 1017.0  24.4  25.0 999.0 99.0 99.00
2019 07 15 20 50 208  4.6  5.5  0.42  7.14  5.23 134 1016.7  24.7  24.8 999.0 99.0 99.00
2019 07 15 21 50 210  5.6  6.3  0.40 10.00  5.11  98 1016.5  24.7  24.7 999.0 99.0 99.00
2019 07 15 22 50 211  6.1  6.9  0.45  6.67  4.21 182 1016.2  24.5  24.5 999.0 99.0 99.00
2019 07 15 23 50 219  5.9  6.9  0.51  7.14  3.69 168 1016.5  24.3  24.4 999.0 99.0 99.00
2019 07 16 00 50 231  5.5  6.4  0.60  3.03  3.36 229 1016.9  24.2  24.2 999.0 99.0 99.00
2019 07 16 01 50 231  6.2  7.2  0.61  3.13  3.34 232 1017.1  24.3  24.0 999.0 99.0 99.00
2019 07 16 02 50 239  6.9  8.1  0.66  3.33  3.46 242 1017.3  24.1  23.9 999.0 99.0 99.00
2019 07 16 03 50 242  6.2  7.3  0.66  3.57  3.53 231 1017.6  23.9  23.7 999.0 99.0 99.00
2019 07 16 04 50 241  5.5  6.2  0.64  3.57  3.57 219 1017.7  23.7  23.4 999.0 99.0 99.00
2019 07 16 05 50 237  4.6  5.3  0.64  3.57  3.73 224 1017.5  23.5  23.0 999.0 99.0 99.00
2019 07 16 06 50 251  4.3  4.9  0.62  3.70  3.81 227 1017.3  23.5  23.0 999.0 99.0 99.00
2019 07 16 07 50 263  3.5  4.0  0.58  3.85  3.96 224 1017.2  23.5  23.0 999.0 99.0 99.00
2019 07 16 08 50 278  2.4  2.9  0.56  3.85  4.09 226 1017.3  23.2  23.0 999.0 99.0 99.00
2019 07 16 09 50 305  1.9  2.3  0.53  3.45  4.07 212 1017.6  22.9  22.9 999.0 99.0 99.00
2019 07 16 10 50 295  2.0  2.3  0.48  3.57  4.05 224 1018.3  23.0  22.8 999.0 99.0 99.00
2019 07 16 11 50 276  2.3  3.0  0.47  7.69  4.07 157 1018.6  23.2  22.9 999.0 99.0 99.00
2019 07 16 12 50 266  1.8  2.2  0.45  8.33  4.23 180 1018.9  23.2  23.1 999.0 99.0 99.00
2019 07 16 13 50 251  3.7  4.2  0.44  8.33  4.34 157 1018.9  23.3  23.4 999.0 99.0 99.00
2019 07 16 14 50 264  2.1  2.7  0.47  6.67  4.23 113 1018.8  23.5  23.5 999.0 99.0 99.00
2019 07 16 15 50 249  2.8  3.2  0.44  7.14  4.28 151 1018.9  23.7  23.8 999.0 99.0 99.00
2019 07 16 16 50 244  3.0  3.5  0.40 10.00  4.28 157 1018.6  24.3  24.3 999.0 99.0 99.00
2019 07 16 17 50 224  4.1  4.6  0.41  9.09  4.55 153 1018.1  24.7  24.5 999.0 99.0 99.00
2019 07 16 18 50 215  4.7  5.4  0.42 10.81  4.49 121 1017.9  25.2  24.7 999.0 99.0 99.00
2019 07 16 19 50 207  4.9  5.7  0.42  7.69  4.04 171 1017.4  25.5  24.7 999.0 99.0 99.00
2019 07 16 20 50 207  5.4  6.4  0.50 10.00  3.57 108 1017.0  25.5  24.4 999.0 99.0 99.00
2019 07 16 21 50 204  6.7  7.7  0.58  2.74  3.40 194 1016.5  25.3  24.2 999.0 99.0 99.00
2019 07 16 22 50 204  7.0  8.1  0.64  3.23  3.53 210 1016.6  25.3  24.1 999.0 99.0 99.00
2019 07 16 23 50 209  7.0  7.9  0.68  3.33  3.45 213 1016.7  25.2  23.9 999.0 99.0 99.00
2019 07 17 00 50 211  6.9  8.2  0.70  3.70  3.44 212 1016.7  25.1  23.8 999.0 99.0 99.00
2019 07 17 01 50 215  6.3  7.4  0.72  3.85  3.56 217 1017.2  25.0  23.9 999.0 99.0 99.00
2019 07 17 02 50 220  6.9  7.9  0.76  4.17  3.63 221 1017.0  24.9  23.8 999.0 99.0 99.00
2019 07 17 03 50 224  7.0  8.0  0.86  4.17  3.72 217 1016.7  24.7  23.7 999.0 99.0 99.00
2019 07 17 04 50 224  6.2  7.1  0.94  5.00  3.99 221 1016.3  24.5  23.5 999.0 99.0 99.00
2019 07 17 05 50 228  6.2  7.1  0.94  5.00  3.96 223 1016.0  24.3  23.4 999.0 99.0 99.00
2019 07 17 06 50 228  5.7  6.8  0.88  4.76  3.95 206 1015.5  24.2  23.3 999.0 99.0 99.00
2019 07 17 07 50 219  5.6  6.5  0.84  4.76  4.04 197 1015.2  24.2  23.1 999.0 99.0 99.00
2019 07 17 08 50 213  3.6  4.1  0.78  4.76  4.10 188 1015.3  24.0  22.6 999.0 99.0 99.00
2019 07 17 09 50 202  4.4  5.3  0.71  4.76  4.01 188 1015.2  24.0  22.4 999.0 99.0 99.00
2019 07 17 10 50 220  5.5  6.3  0.74  4.55  4.13 197 1015.2  24.0  22.3 999.0 99.0 99.00
2019 07 17 11 50 221  4.9  5.5  0.66  4.76  3.81 194 1015.2  24.1  22.3 999.0 99.0 99.00
2019 07 17 12 50 217  4.8  5.5  0.66  4.55  3.81 191 1015.3  24.1  22.4 999.0 99.0 99.00
2019 07 17 13 50 210  4.3  4.8  0.70  4.76  3.93 199 1015.4  24.2  22.6 999.0 99.0 99.00
2019 07 17 14 50 218  4.7  5.2  0.69  4.55  3.86 203 1015.1  24.3  22.8 999.0 99.0 99.00
2019 07 17 15 50 214  4.1  4.7  0.64  4.76  4.05 185 1014.8  24.5  23.2 999.0 99.0 99.00
2019 07 17 16 50 214  4.2  4.9  0.59  4.35  3.86 192 1014.4  24.7  23.6 999.0 99.0 99.00
2019 07 17 17 50 205  5.3  6.2  0.56  4.55  3.96 187 1013.8  24.9  23.6 999.0 99.0 99.00
2019 07 17 18 50 202  6.6  7.4  0.61  4.76  3.83 174 1013.1  25.0  23.5 999.0 99.0 99.00
2019 07 17 19 50 206  7.5  8.8  0.68  4.55  3.59 195 1012.2  25.2  23.2 999.0 99.0 99.00
2019 07 17 20 50 204  6.8  7.9  0.81  4.35  3.61 185 1011.6  25.2  23.2 999.0 99.0 99.00
2019 07 17 21 50 204  7.8  9.2  0.83  4.35  3.61 194 1011.1  25.3  23.2 999.0 99.0 99.00
2019 07 17 22 50 212  7.2  8.3  0.94  4.17  3.76 196 1011.1  25.2  23.1 999.0 99.0 99.00
2019 07 17 23 50 209  8.5  9.6  1.08  4.55  4.01 196 1011.3  25.2  23.0 999.0 99.0 99.00
2019 07 18 00 50 210  8.8 10.2  1.18  4.55  4.11 200 1011.3  25.2  22.9 999.0 99.0 99.00
2019 07 18 01 50 205  6.0  7.0  1.14  5.56  4.20 215 1012.1  24.7  22.8 999.0 99.0 99.00
2019 07 18 02 50 294  5.1  6.0  1.02  5.00  4.13 218 1013.2  25.1  22.6 999.0 99.0 99.00
2019 07 18 03 50 342  4.7  6.0  0.92  5.26  4.39 208 1013.2  22.6  22.6 999.0 99.0 99.00
2019 07 18 04 50  95  1.5  2.8  0.90  5.26  4.20 191 1012.2  22.8  22.7 999.0 99.0 99.00
2019 07 18 05 50 152  2.5  3.0  0.84  5.26  4.18 194 1012.5  23.1  22.6 999.0 99.0 99.00
2019 07 18 06 50 189  4.5  5.2  0.76  5.00  4.30 202 1012.7  23.6  22.6 999.0 99.0 99.00
2019 07 18 07 50 214  6.4  7.8  0.80  5.88  4.51 188 1012.6  23.8  22.6 999.0 99.0 99.00
2019 07 18 08 50 204  3.7  4.5  0.90  6.25  4.51 188 1012.3  23.5  22.6 999.0 99.0 99.00
2019 07 18 09 50 195  2.6  2.9  0.93  6.25  4.65 182 1012.2  23.4  22.7 999.0 99.0 99.00
2019 07 18 10 50 214  2.7  3.1  0.92  5.88  4.51 188 1012.7  23.4  22.8 999.0 99.0 99.00
2019 07 18 11 50 223  1.8  2.0  1.13  5.88  4.80 190 1013.0  23.4  22.7 999.0 99.0 99.00
2019 07 18 12 50 168  1.4  1.7  1.26  6.25  5.04 198 1013.3  23.7  22.8 999.0 99.0 99.00
2019 07 18 13 50 184  1.2  1.6  1.32  6.25  4.90 189 1013.2  24.2  22.9 999.0 99.0 99.00
2019 07 18 14 50 161  1.8  2.1  1.13  6.25  4.72 194 1013.0  24.1  23.1 999.0 99.0 99.00
2019 07 18 15 50 152  2.6  3.2  1.11  6.25  4.81 187 1012.5  24.6  23.3 999.0 99.0 99.00
2019 07 18 16 50  88  1.6  1.9  1.06  5.88  4.91 183 1012.6  24.5  23.5 999.0 99.0 99.00
2019 07 18 17 50 130  2.2  2.4  1.02  6.25  5.00 178 1012.2  24.9  23.7 999.0 99.0 99.00
2019 07 18 18 50 170  2.6  3.1  0.93  6.67  4.91 183 1011.8  25.3  24.1 999.0 99.0 99.00
2019 07 18 19 50 205  1.9  2.3  1.02  6.67  5.05 191 1011.6  25.4  24.3 999.0 99.0 99.00
2019 07 18 20 50 175  2.2  2.8  0.98  6.25  5.04 185 1011.2  25.3  24.6 999.0 99.0 99.00
2019 07 18 21 50 203  2.0  2.5  0.99  6.67  5.05 192 1011.3  25.1  24.6 999.0 99.0 99.00
2019 07 18 22 50 265  0.8  1.2  1.06  7.14  5.31 186 1011.3  24.8  24.5 999.0 99.0 99.00
2019 07 18 23 50  37  5.5  7.1  1.03  6.25  5.35 183 1010.9  23.9  24.6 999.0 99.0 99.00
2019 07 19 00 50  62  5.3  6.3  1.05  6.25  4.62 178 1010.9  23.1  24.0 999.0 99.0 99.00
2019 07 19 01 50  35  8.0  9.8  1.23  6.25  4.57 181 1011.6  22.1  23.7 999.0 99.0 99.00
2019 07 19 02 50  57  7.7  9.2  1.21  6.67  4.31 185 1012.0  21.6  23.4 999.0 99.0 99.00
2019 07 19 03 50  47  7.4  8.3  1.29  6.67  4.39 191 1011.6  21.3  23.2 999.0 99.0 99.00
2019 07 19 04 50  39  7.2  8.3  1.35  4.76  4.42  51 1012.0  21.0  23.1 999.0 99.0 99.00
2019 07 19 05 50  44  5.5  6.4  1.20  5.88  4.39 175 1011.8  21.0  22.9 999.0 99.0 99.00
2019 07 19 06 50  40  5.0  5.9  1.21  6.67  4.52 187 1012.0  20.8  22.9 999.0 99.0 99.00
2019 07 19 07 50  10  4.6  5.6  1.15  6.67  4.67 190 1011.9  21.0  22.8 999.0 99.0 99.00
2019 07 19 08 50 357  4.4  5.1  0.98  6.67  4.51 196 1012.1  21.0  22.8 999.0 99.0 99.00
2019 07 19 09 50 343  5.0  5.8  1.01  7.14  4.68 182 1012.4  21.1  22.9 999.0 99.0 99.00
2019 07 19 10 50 343  3.2  4.1  1.02  5.00  4.88  69 1013.0  21.3  23.2 999.0 99.0 99.00
2019 07 19 11 50 353  2.9  3.5  0.96  6.25  4.81 163 1013.3  21.4  23.2 999.0 99.0 99.00
2019 07 19 12 50 334  1.9  2.5  1.00  7.14  4.96 177 1013.4  21.8  23.3 999.0 99.0 99.00
2019 07 19 13 50 343  0.5  0.9  1.04  6.67  5.17 183 1013.6  22.3  23.5 999.0 99.0 99.00
2019 07 19 14 50 226  1.0  1.9  1.04  6.67  5.10 171 1013.8  22.3  23.6 999.0 99.0 99.00
2019 07 19 15 50 212  1.1  1.7  1.07  7.14  5.59 176 1013.6  22.6  23.6 999.0 99.0 99.00
2019 07 19 16 50 213  3.1  3.8  0.99  6.67  5.53 170 1013.4  23.0  23.6 999.0 99.0 99.00
2019 07 19 17 50 215  4.5  5.3  1.04  7.14  5.89 178 1012.9  23.6  23.5 999.0 99.0 99.00
2019 07 19 18 50 206  5.8  7.0  0.97  6.67  5.67 178 1012.4  24.0  23.5 999.0 99.0 99.00
2019 07 19 19 50 208  6.6  7.9  1.07  7.14  5.33 184 1011.8  24.3  23.7 999.0 99.0 99.00
2019 07 19 20 50 213  6.9  8.2  1.04  7.14  4.89 190 1011.4  24.5  23.9 999.0 99.0 99.00
2019 07 19 21 50 212  6.8  7.8  1.07  7.14  4.68 162 1010.9  24.7  24.0 999.0 99.0 99.00
2019 07 19 22 50 213  5.9  6.7  1.15  7.14  4.57 178 1010.7  24.7  24.0 999.0 99.0 99.00
2019 07 19 23 50 212  6.6  7.6  1.05  6.67  4.50 177 1010.8  24.8  23.9 999.0 99.0 99.00
2019 07 20 00 50 216  7.2  8.5  1.07  6.67  4.51 177 1010.8  24.9  23.8 999.0 99.0 99.00
2019 07 20 01 50 224  7.8  8.8  1.02  7.14  4.33 187 1010.8  25.1  23.8 999.0 99.0 99.00
2019 07 20 02 50 230  7.6  8.4  1.12  7.14  4.42 169 1010.9  25.3  23.5 999.0 99.0 99.00
2019 07 20 03 50 231  7.0  7.8  1.21  6.67  4.52 165 1010.9  25.0  23.3 999.0 99.0 99.00
2019 07 20 04 50 238  6.3  7.2  1.10  6.67  4.57 173 1010.8  24.9  23.2 999.0 99.0 99.00
2019 07 20 05 50 235  5.7  6.8  1.01  6.67  4.67 166 1010.6  24.8  23.2 999.0 99.0 99.00
2019 07 20 06 50 240  6.0  6.8  1.12  7.14  4.88 169 1010.5  24.9  23.2 999.0 99.0 99.00
2019 07 20 07 50 246  5.7  6.6  0.99  7.14  5.00 167 1010.6  24.7  23.3 999.0 99.0 99.00
2019 07 20 08 50 248  5.5  6.1  0.97  7.14  4.83 190 1010.6  24.8  23.4 999.0 99.0 99.00
2019 07 20 09 50 246  4.6  5.3  0.94  7.14  5.07 175 1011.1  24.5  23.4 999.0 99.0 99.00
2019 07 20 10 50 249  4.3  4.8  0.92  6.67  5.02 178 1011.3  24.5  23.5 999.0 99.0 99.00
2019 07 20 11 50 252  4.4  5.2  0.82  7.14  4.68 185 1011.6  24.6  23.6 999.0 99.0 99.00
2019 07 20 12 50 251  4.3  4.9  0.84  6.67  4.84 181 1011.3  24.7  23.6 999.0 99.0 99.00
2019 07 20 13 50 271  3.6  4.3  0.86  7.69  4.96 180 1011.5  24.6  23.9 999.0 99.0 99.00
2019 07 20 14 50 233  2.8  3.1  0.85  5.88  5.10 186 1011.1  25.2  24.1 999.0 99.0 99.00
2019 07 20 15 50 258  3.3  3.6  0.84  6.67  5.08 191 1011.3  25.2  24.3 999.0 99.0 99.00
2019 07 20 16 50 234  3.6  4.0  0.82  6.25  4.92 183 1010.8  25.4  24.8 999.0 99.0 99.00
2019 07 20 17 50 224  4.9  5.5  0.79  7.14  5.11 173 1010.3  26.0  24.9 999.0 99.0 99.00
2019 07 20 18 50 217  4.3  4.9  0.77  6.25  4.99 187 1009.9  26.2  25.0 999.0 99.0 99.00
2019 07 20 19 50 215  5.7  6.6  0.73  5.00  4.60 184 1009.4  26.4  25.0 999.0 99.0 99.00
2019 07 20 20 50 220  5.4  6.5  0.74  5.88  4.62 178 1009.2  26.5  25.0 999.0 99.0 99.00
2019 07 20 21 50 220  6.4  7.3  0.78  9.09  4.27 150 1008.8  26.6  24.9 999.0 99.0 99.00
2019 07 20 22 50 229  6.1  7.0  0.80  5.88  4.19 171 1009.1  26.6  24.8 999.0 99.0 99.00
2019 07 20 23 50 226  6.0  6.9  0.78  5.56  4.00 174 1009.5  26.3  24.6 999.0 99.0 99.00
2019 07 21 00 50 218  6.0  7.1  0.80  6.67  4.20 175 1009.7  26.1  24.4 999.0 99.0 99.00
2019 07 21 01 50 229  6.0  7.0  0.81  6.25  4.19 180 1009.4  25.9  24.4 999.0 99.0 99.00
2019 07 21 02 50 232  6.0  6.9  0.87  6.25  4.07 170 1009.3  25.7  24.3 999.0 99.0 99.00
2019 07 21 03 50 226  5.2  5.9  0.90  6.25  4.21 194 1009.1  25.4  24.3 999.0 99.0 99.00
2019 07 21 04 50 234  5.4  6.3  0.85  4.55  4.35 205 1009.0  25.5  24.3 999.0 99.0 99.00
2019 07 21 05 50 239  4.8  5.5  0.81  4.55  4.46 203 1008.9  25.5  24.3 999.0 99.0 99.00
2019 07 21 06 50 241  5.2  5.9  0.73  9.09  4.41 136 1008.4  25.7  24.2 999.0 99.0 99.00
2019 07 21 07 50 238  5.4  6.0  0.70  5.56  4.43 192 1008.2  25.3  24.2 999.0 99.0 99.00
2019 07 21 08 50 239  5.2  5.7  0.71  5.56  4.36 187 1008.5  25.2  24.2 999.0 99.0 99.00
2019 07 21 09 50 246  4.2  4.8  0.67  6.67  4.37 186 1008.4  25.2  24.2 999.0 99.0 99.00
2019 07 21 10 50 241  4.3  4.9  0.73  5.88  4.52 188 1008.4  25.2  24.3 999.0 99.0 99.00
2019 07 21 11 50 238  4.4  4.9  0.75  5.88  4.59 182 1009.2  25.0  24.2 999.0 99.0 99.00
2019 07 21 12 50 289  5.9  7.1  0.69  5.88  4.45 188 1010.1  26.1  24.3 999.0 99.0 99.00
2019 07 21 13 50 278  4.2  4.9  0.74  5.88  4.27 183 1010.0  25.4  24.3 999.0 99.0 99.00
2019 07 21 14 50 255  4.4  5.0  0.74  5.26  4.37 173 1009.5  25.7  24.5 999.0 99.0 99.00
2019 07 21 15 50 249  3.7  4.6  0.72  5.26  4.37 183 1009.7  25.9  24.7 999.0 99.0 99.00
2019 07 21 16 50 237  4.9  5.5  0.74  5.88  4.53 192 1009.2  26.5  24.9 999.0 99.0 99.00
2019 07 21 17 50 233  4.4  5.0  0.65  5.56  4.38 194 1009.1  26.5  25.1 999.0 99.0 99.00
2019 07 21 18 50 225  4.8  5.4  0.66  5.26  4.34 192 1008.7  26.8  25.2 999.0 99.0 99.00
2019 07 21 19 50 221  5.7  6.4  0.58  5.26  4.14 190 1008.5  27.1  25.3 999.0 99.0 99.00
2019 07 21 20 50 219  6.1  7.0  0.65  5.56  3.94 187 1008.1  27.0  25.3 999.0 99.0 99.00
2019 07 21 21 50 222  6.5  7.8  0.68  5.56  3.71 183 1007.8  27.3  25.2 999.0 99.0 99.00
2019 07 21 22 50 231  5.6  6.2  0.73  5.56  3.93 175 1008.3  26.9  25.2 999.0 99.0 99.00
2019 07 21 23 50 228  4.0  4.5  0.71  6.25  4.17 188 1008.8  26.4  25.2 999.0 99.0 99.00
2019 07 22 00 50 218  5.5  6.4  0.75  5.88  4.43 181 1008.8  26.5  25.1 999.0 99.0 99.00
2019 07 22 01 50 243  5.0  5.7  0.82  6.25  4.53 184 1009.3  26.7  25.1 999.0 99.0 99.00
2019 07 22 02 50 259  4.6  5.2  0.89  6.25  4.54 190 1009.4  26.7  25.1 999.0 99.0 99.00
2019 07 22 03 50 286  3.8  5.2  0.84  5.88  4.44 189 1009.8  27.2  25.1 999.0 99.0 99.00
2019 07 22 04 50 359  8.0 10.3  1.04  3.23  3.67 287 1010.1  25.9  24.9 999.0 99.0 99.00
2019 07 22 05 50   3  2.9  4.0  0.97  4.55  4.09 281 1010.8  25.1  24.8 999.0 99.0 99.00
2019 07 22 06 50 338  2.5  3.3  0.80  6.67  4.22 188 1010.2  24.9  24.7 999.0 99.0 99.00
2019 07 22 07 50  20  0.5  0.9  0.73  6.25  4.29 186 1010.4  25.0  24.7 999.0 99.0 99.00
2019 07 22 08 50 112  1.7  1.9  0.74  6.25  4.56 188 1010.8  25.1  24.7 999.0 99.0 99.00
2019 07 22 09 50 171  1.9  3.3  0.69  5.88  4.70 168 1011.0  24.7  24.6 999.0 99.0 99.00
2019 07 22 10 50 124  4.9  6.6  0.73  6.25  4.88 174 1010.8  24.4  24.7 999.0 99.0 99.00
2019 07 22 11 50  97  5.7  6.7  0.77  6.25  4.93 180 1010.3  25.0  24.6 999.0 99.0 99.00
2019 07 22 12 50  61  3.3  4.0  0.73  6.25  4.28 193 1010.8  25.1  24.6 999.0 99.0 99.00
2019 07 22 13 50  85  2.2  2.6  0.67  6.25  4.48 186 1011.0  25.5  24.6 999.0 99.0 99.00
2019 07 22 14 50  81  2.5  3.2  0.73  6.25  4.49 174 1010.8  25.6  24.9 999.0 99.0 99.00
2019 07 22 15 50  87  4.4  5.4  0.74  6.25  4.42 171 1009.9  25.6  25.1 999.0 99.0 99.00
2019 07 22 16 50 140  3.6  4.4  0.70  6.25  4.53 175 1009.5  26.5  25.2 999.0 99.0 99.00
2019 07 22 17 50 145  4.0  4.6  0.67  5.88  4.51 179 1008.6  26.6  25.5 999.0 99.0 99.00
2019 07 22 18 50 212  5.8  7.0  0.62  5.88  4.64 179 1008.2  26.8  25.6 999.0 99.0 99.00
2019 07 22 19 50 205  5.8  7.0  0.66  5.88  4.56 180 1007.3  26.7  25.4 999.0 99.0 99.00
2019 07 22 20 50 197  7.6  9.2  0.71  6.25  4.00 192 1006.5  26.7  25.2 999.0 99.0 99.00
2019 07 22 21 50 200  8.3  9.6  0.83  5.88  3.88 181 1005.7  26.6  25.0 999.0 99.0 99.00
2019 07 22 22 50 206  9.6 11.1  1.03  5.56  4.08 180 1005.1  26.8  24.9 999.0 99.0 99.00
2019 07 22 23 50 272 14.0 17.0  1.21  4.76  4.09 192 1008.0  22.8  24.6 999.0 99.0 99.00
2019 07 23 00 50 259  7.4  9.0  1.37  5.88  4.38 183 1008.0  24.5  24.3 999.0 99.0 99.00
2019 07 23 01 50 249  3.9  4.8  1.51  6.25  4.85 192 1008.5  24.0  24.3 999.0 99.0 99.00
2019 07 23 02 50 208  3.7  4.3  1.45  6.25  5.12 185 1007.9  24.0  24.3 999.0 99.0 99.00
2019 07 23 03 50 213  5.1  6.2  1.42  6.67  5.16 191 1008.1  23.9  24.2 999.0 99.0 99.00
2019 07 23 04 50 214  4.1  5.0  1.51  7.14  5.46 188 1007.8  24.2  24.3 999.0 99.0 99.00
2019 07 23 05 50 210  4.6  5.5  1.37  7.14  5.49 191 1007.4  24.3  24.3 999.0 99.0 99.00
2019 07 23 06 50 218  3.7  4.5  1.50  7.14  5.83 188 1007.1  24.1  24.3 999.0 99.0 99.00
2019 07 23 07 50 238  6.8  9.5  1.44  7.14  5.05 192 1007.0  21.9  24.3 999.0 99.0 99.00
2019 07 23 08 50 289  1.8  2.6  1.53  7.14  5.18 193 1004.7  23.9  24.2 999.0 99.0 99.00
2019 07 23 09 50 216  8.0  9.2  1.40  6.67  5.00 191 1006.2  24.2  24.2 999.0 99.0 99.00
2019 07 23 10 50 218  7.1  8.1  1.58  7.69  5.16 189 1006.4  24.3  24.0 999.0 99.0 99.00
2019 07 23 11 50 212 10.7 13.3  1.44  7.14  5.09 189 1005.2  24.6  23.9 999.0 99.0 99.00
2019 07 23 12 50 246 11.5 15.4  1.90  7.69  5.19 194 1005.1  23.4  23.7 999.0 99.0 99.00
2019 07 23 13 50 336 10.8 12.7  1.94  7.69  5.04 173 1007.1  20.9  23.6 999.0 99.0 99.00
2019 07 23 14 50 314  8.8 10.6  2.18  7.69  5.28 174 1008.7  20.9  23.5 999.0 99.0 99.00
2019 07 23 15 50 323  8.3  9.8  1.94  8.33  5.20 174 1009.5  20.8  23.2 999.0 99.0 99.00
2019 07 23 16 50 346  7.3  8.9  1.90  9.09  5.66 181 1009.6  20.9  23.1 999.0 99.0 99.00
2019 07 23 17 50 356  4.0  5.2  1.85  9.09  5.75 190 1011.1  20.9  22.9 999.0 99.0 99.00
2019 07 23 18 50 356  2.3  3.8  1.51  8.33  5.65 180 1012.0  21.1  22.8 999.0 99.0 99.00
2019 07 23 19 50 158  0.8  1.7  1.54  8.33  6.02 191 1012.0  21.1  22.7 999.0 99.0 99.00
2019 07 23 20 50  26  0.5  1.2  1.50  9.09  6.40 186 1012.0  21.3  22.5 999.0 99.0 99.00
2019 07 23 21 50   3  2.3  3.0  1.35  9.09  6.26 195 1012.1  21.2  22.4 999.0 99.0 99.00
2019 07 23 22 50  81  2.7  3.2  1.58  8.33  6.84 198 1012.2  21.1  22.4 999.0 99.0 99.00
2019 07 23 23 50  84  4.4  5.1  1.48  9.09  6.82 182 1012.7  21.1  22.5 999.0 99.0 99.00
2019 07 24 00 50  74  6.6  7.9  1.45  8.33  6.59 182 1012.5  20.8  22.7 999.0 99.0 99.00
2019 07 24 01 50  70  7.3  8.5  1.48  8.33  5.60 185 1012.1  20.9  22.8 999.0 99.0 99.00
2019 07 24 02 50  70  5.8  6.7  1.28  8.33  5.11 186 1011.9  21.0  22.6 999.0 99.0 99.00
2019 07 24 03 50  79  8.5 10.3  1.43  7.69  5.16 197 1010.7  20.9  22.4 999.0 99.0 99.00
2019 07 24 04 50  61  6.1  7.3  1.37  7.69  5.08 174 1011.3  20.8  22.2 999.0 99.0 99.00
2019 07 24 05 50  22  7.7  9.2  1.24  7.14  4.98 168 1009.9  20.5  22.2 999.0 99.0 99.00
2019 07 24 06 50  33  7.9  9.2  1.26  7.69  4.90 181 1010.6  20.5  22.2 999.0 99.0 99.00
2019 07 24 07 50  24  7.5  9.0  1.17  7.69  4.69 165 1011.4  20.4  22.2 999.0 99.0 99.00
2019 07 24 08 50  46  7.9  9.4  1.23  4.76  4.51  63 1011.4  20.3  22.0 999.0 99.0 99.00
2019 07 24 09 50  37  6.9  8.0  1.18  5.00  4.36  73 1012.1  20.3  21.9 999.0 99.0 99.00
2019 07 24 10 50  34  7.0  8.5  1.10  4.55  4.29  65 1012.5  20.2  21.8 999.0 99.0 99.00
2019 07 24 11 50  21  6.8  7.9  1.04  7.69  4.20 162 1013.0  20.2  21.8 999.0 99.0 99.00
2019 07 24 12 50  28  6.7  8.1  1.02  7.69  4.11 176 1013.2  20.6  21.8 999.0 99.0 99.00
2019 07 24 13 50  21  7.4  8.6  1.01  7.14  4.33 183 1013.3  21.1  21.8 999.0 99.0 99.00
2019 07 24 14 50  37  6.9  8.3  1.08  7.14  4.23 185 1013.4  21.4  21.9 999.0 99.0 99.00
2019 07 24 15 50  34  5.5  6.4  1.10  7.69  4.60 184 1013.5  21.1  22.0 999.0 99.0 99.00
2019 07 24 16 50  51  3.8  4.8  1.14  7.69  4.68 181 1013.9  21.2  22.1 999.0 99.0 99.00
2019 07 24 17 50  69  3.1  3.6  1.19  8.33  4.81 178 1013.9  21.4  22.3 999.0 99.0 99.00
2019 07 24 18 50  76  1.8  2.5  1.20  5.00  4.99  84 1014.1  21.6  22.5 999.0 99.0 99.00
2019 07 24 19 50 110  1.2  1.8  1.29  8.33  5.27 176 1014.0  21.8  22.8 999.0 99.0 99.00
2019 07 24 20 50 164  1.8  2.4  1.31  7.69  5.50 171 1014.2  22.4  23.1 999.0 99.0 99.00
2019 07 24 21 50 187  2.0  2.5  1.24  7.69  5.45 172 1014.3  22.8  23.2 999.0 99.0 99.00
2019 07 24 22 50 192  1.7  2.4  1.15  7.69  5.27 160 1014.6  23.0  23.7 999.0 99.0 99.00
2019 07 24 23 50 193  2.5  3.1  1.13  7.14  5.41 162 1015.2  22.8  23.9 999.0 99.0 99.00
2019 07 25 00 50 211  2.6  3.2  1.20  8.33  5.63 169 1015.5  22.9  23.9 999.0 99.0 99.00
2019 07 25 01 50 210  2.6  3.0  1.27  8.33  5.77 156 1016.2  23.0  23.7 999.0 99.0 99.00
2019 07 25 02 50 218  2.6  3.4  1.20  8.33  5.61 144 1016.4  23.2  23.6 999.0 99.0 99.00
2019 07 25 03 50 223  2.1  2.6  1.18  8.33  5.82 156 1016.4  22.9  23.5 999.0 99.0 99.00
2019 07 25 04 50 258  3.4  4.0  1.22  7.69  6.01 168 1016.5  22.7  23.2 999.0 99.0 99.00
2019 07 25 05 50 262  3.4  3.8  1.14  7.69  5.87 170 1016.6  22.2  22.8 999.0 99.0 99.00
2019 07 25 06 50 216  2.1  2.5  1.01  8.33  5.81 177 1016.4  22.3  22.7 999.0 99.0 99.00
2019 07 25 07 50 209  2.8  3.4  1.00  8.33  6.08 153 1016.5  22.4  22.5 999.0 99.0 99.00
2019 07 25 08 50 259  3.2  3.8  0.90  9.09  5.96 174 1016.8  22.2  22.4 999.0 99.0 99.00
2019 07 25 09 50 283  3.1  3.6  0.93  9.09  6.03 169 1017.1  22.2  22.3 999.0 99.0 99.00
2019 07 25 10 50 343  3.7  4.4  0.86  9.09  6.07 164 1017.7  22.1  22.3 999.0 99.0 99.00
2019 07 25 11 50   2  4.7  5.6  0.84  9.09  5.98 164 1018.3  22.1  22.3 999.0 99.0 99.00
2019 07 25 12 50  22  5.1  5.8  0.80  8.33  5.52 177 1018.7  22.0  22.3 999.0 99.0 99.00
2019 07 25 13 50  14  4.9  5.6  0.80  9.09  4.94 189 1019.0  22.0  22.4 999.0 99.0 99.00
2019 07 25 14 50  22  3.6  4.3  0.83  7.69  4.82 153 1019.4  22.3  22.4 999.0 99.0 99.00
2019 07 25 15 50  38  3.2  3.8  0.81  8.33  4.83 160 1019.6  22.5  22.7 999.0 99.0 99.00
2019 07 25 16 50  43  2.1  2.5  0.85  8.33  5.28 138 1019.7  22.9  23.0 999.0 99.0 99.00
2019 07 25 17 50  75  1.4  1.8  0.80  8.33  5.33 143 1019.9  23.1  23.6 999.0 99.0 99.00
2019 07 25 18 50 124  2.5  3.2  0.80  8.33  5.67 143 1019.9  23.5  24.3 999.0 99.0 99.00
2019 07 25 19 50 146  3.1  3.7  0.81  7.69  5.76 117 1019.8  24.0  24.5 999.0 99.0 99.00
2019 07 25 20 50 160  3.6  4.4  0.75  7.69  5.81 144 1019.7  24.4  24.5 999.0 99.0 99.00
2019 07 25 21 50 174  4.4  5.2  0.73  8.33  5.97 118 1019.7  24.5  24.5 999.0 99.0 99.00
2019 07 25 22 50 179  4.0  4.7  0.75  7.14  5.77 128 1020.2  24.7  24.3 999.0 99.0 99.00
2019 07 25 23 50 188  4.5  5.2  0.71  8.33  5.38 129 1020.7  24.5  24.0 999.0 99.0 99.00
2019 07 26 00 50 224  3.7  4.4  0.70  7.69  5.33 145 1021.2  24.0  23.6 999.0 99.0 99.00
2019 07 26 01 50 251  3.8  4.5  0.65  8.33  5.20 145 1021.8  23.2  23.3 999.0 99.0 99.00
2019 07 26 02 50 243  2.8  3.4  0.65  8.33  5.27 134 1021.9  23.1  23.0 999.0 99.0 99.00
2019 07 26 03 50 230  2.3  2.7  0.62  7.69  5.48 146 1021.9  23.1  22.9 999.0 99.0 99.00
2019 07 26 04 50 251  2.4  2.8  0.61  7.69  5.72 145 1022.1  23.0  22.9 999.0 99.0 99.00
2019 07 26 05 50 249  2.4  2.7  0.66  7.69  6.04 149 1022.3  23.1  22.8 999.0 99.0 99.00
2019 07 26 06 50 233  3.1  3.6  0.62  8.33  6.09 167 1022.5  23.2  22.8 999.0 99.0 99.00
2019 07 26 07 50 251  3.3  3.9  0.61  7.69  5.96 129 1022.3  22.9  22.8 999.0 99.0 99.00
2019 07 26 08 50 269  3.2  3.6  0.61  7.14  5.92 150 1022.6  22.8  22.8 999.0 99.0 99.00
2019 07 26 09 50 282  3.5  4.1  0.59  8.33  5.71 131 1023.0  23.0  22.8 999.0 99.0 99.00
2019 07 26 10 50 284  3.4  3.9  0.58  8.33  5.85 116 1023.6  23.1  22.9 999.0 99.0 99.00
2019 07 26 11 50 292  3.0  3.4  0.58  8.33  5.72 123 1024.2  23.1  22.9 999.0 99.0 99.00
2019 07 26 12 50 310  3.0  3.7  0.64  7.14  6.16 112 1024.5  23.0  23.0 999.0 99.0 99.00
2019 07 26 13 50 320  2.6  3.0  0.61  7.69  5.93 152 1024.7  22.9  23.2 999.0 99.0 99.00
2019 07 26 14 50  12  1.9  2.2  0.61  6.67  5.82 130 1025.1  23.3  23.4 999.0 99.0 99.00
2019 07 26 15 50  27  2.4  2.8  0.61  7.14  6.00 138 1025.0  23.6  23.8 999.0 99.0 99.00
2019 07 26 16 50  51  2.1  2.3  0.66  7.14  6.24 130 1025.0  24.0  24.0 999.0 99.0 99.00
2019 07 26 17 50 103  2.3  3.0  0.66  7.69  6.46 112 1024.7  24.3  24.3 999.0 99.0 99.00
2019 07 26 18 50 125  2.0  2.5  0.66  7.14  6.36 131 1024.6  24.2  24.4 999.0 99.0 99.00
2019 07 26 19 50 160  2.6  2.9  0.64  7.69  6.49 115 1024.4  24.6  24.4 999.0 99.0 99.00
2019 07 26 20 50 177  2.2  2.7  0.69  7.69  6.59 126 1024.4  25.0  24.6 999.0 99.0 99.00
2019 07 26 21 50 207  1.9  2.3  0.65  7.69  6.43 148 1024.1  25.1  24.7 999.0 99.0 99.00
2019 07 26 22 50 192  1.9  2.2  0.64  7.69  6.52 132 1024.2  25.3  24.7 999.0 99.0 99.00
2019 07 26 23 50 139  1.9  2.2  0.67  7.14  6.51 138 1024.6  24.9  24.4 999.0 99.0 99.00
2019 07 27 00 50 130  2.7  3.1  0.66  7.69  6.32 146 1024.9  24.7  24.2 999.0 99.0 99.00
2019 07 27 01 50 137  2.7  3.2  0.64  7.14  6.12 123 1025.1  24.6  24.1 999.0 99.0 99.00
2019 07 27 02 50 161  2.4  2.8  0.62  7.14  5.95 145 1025.0  24.6  24.0 999.0 99.0 99.00
2019 07 27 03 50 161  3.0  3.4  0.64  7.69  6.33 131 1025.1  24.4  23.9 999.0 99.0 99.00
2019 07 27 04 50 173  3.2  3.9  0.73  7.14  6.48 113 1024.9  24.1  24.0 999.0 99.0 99.00
2019 07 27 05 50 174  3.7  4.4  0.69  7.14  6.32 116 1024.9  24.0  24.0 999.0 99.0 99.00
2019 07 27 06 50 192  2.7  3.1  0.76  7.14  6.07 121 1024.7  23.8  24.0 999.0 99.0 99.00
2019 07 27 07 50 180  2.7  3.2  0.70  7.14  5.71 141 1024.4  23.7  23.9 999.0 99.0 99.00
2019 07 27 08 50 206  1.7  2.1  0.70  7.14  5.81 140 1024.6  23.6  23.9 999.0 99.0 99.00
2019 07 27 09 50 188  1.7  1.9  0.73  7.14  5.70 108 1025.0  23.5  23.6 999.0 99.0 99.00
2019 07 27 10 50 244  1.2  1.5  0.65  7.69  5.24 125 1025.6  23.8  23.6 999.0 99.0 99.00
2019 07 27 11 50 262  0.7  1.0  0.66  7.69  5.50 148 1025.8  23.7  23.6 999.0 99.0 99.00
2019 07 27 12 50  94  0.3  0.6  0.71 16.00  5.71 158 1025.9  25.0  23.6 999.0 99.0 99.00
2019 07 27 13 50 146  3.1  3.9  0.71  7.69  5.55 135 1025.8  23.8  23.8 999.0 99.0 99.00
2019 07 27 14 50 152  3.3  3.9  0.72  7.14  5.42 116 1026.0  23.8  23.9 999.0 99.0 99.00
2019 07 27 15 50 172  3.0  3.7  0.75  6.67  5.33 110 1025.7  23.9  24.0 999.0 99.0 99.00
2019 07 27 16 50 166  4.0  4.6  0.78 14.81  5.49 219 1025.1  24.1  24.2 999.0 99.0 99.00
2019 07 27 17 50 171  3.6  4.4  0.81  7.14  5.62 121 1024.4  24.0  24.4 999.0 99.0 99.00
2019 07 27 18 50 176  4.1  5.0  0.75  7.14  5.41 161 1023.9  24.2  24.5 999.0 99.0 99.00
2019 07 27 19 50 177  4.2  4.9  0.82  7.14  5.52 112 1023.5  24.2  24.6 999.0 99.0 99.00
2019 07 27 20 50 174  4.4  5.3  0.85  6.67  5.45 106 1022.9  24.4  24.6 999.0 99.0 99.00
2019 07 27 21 50 172  5.5  6.7  0.85  7.69  5.25 106 1022.4  24.5  24.5 999.0 99.0 99.00
2019 07 27 22 50 187  6.7  7.6  0.93  7.14  4.96 109 1022.3  24.6  24.4 999.0 99.0 99.00
2019 07 27 23 50 200  6.4  7.6  0.86  7.14  4.66  98 1022.2  24.5  24.3 999.0 99.0 99.00
2019 07 28 00 50 204  6.3  7.6  0.92  7.69  4.47 107 1022.3  24.5  24.1 999.0 99.0 99.00
2019 07 28 01 50 211  5.8  6.9  0.93  7.14  4.43  91 1022.7  24.4  24.1 999.0 99.0 99.00
2019 07 28 02 50 201  5.5  6.6  0.97  6.67  4.59 101 1022.8  24.3  23.9 999.0 99.0 99.00
2019 07 28 03 50 202  5.8  6.5  0.97  7.14  4.52 111 1022.4  24.2  23.8 999.0 99.0 99.00
2019 07 28 04 50 216  5.8  6.9  1.00  7.14  4.83 107 1022.2  24.4  23.8 999.0 99.0 99.00
2019 07 28 05 50 231  5.7  7.0  1.02  7.14  4.92 100 1021.9  24.4  23.7 999.0 99.0 99.00
2019 07 28 06 50 241  5.2  6.6  1.03  6.67  4.99 106 1021.5  24.3  23.7 999.0 99.0 99.00
2019 07 28 07 50 233  5.3  6.0  1.01  7.14  5.09 106 1021.1  24.1  23.6 999.0 99.0 99.00
2019 07 28 08 50 242  5.0  5.7  1.10  7.69  5.27 113 1021.0  24.0  23.5 999.0 99.0 99.00
2019 07 28 09 50 245  5.9  7.0  0.99  7.14  5.03 114 1020.9  24.0  23.3 999.0 99.0 99.00
2019 07 28 10 50 255  6.0  6.9  1.05  7.69  5.05 125 1020.9  24.0  23.1 999.0 99.0 99.00
2019 07 28 11 50 255  5.0  6.0  0.99  7.14  4.81 124 1020.8  23.8  23.1 999.0 99.0 99.00
2019 07 28 12 50 252  5.7  6.7  1.03  8.33  5.24 124 1020.8  23.9  23.2 999.0 99.0 99.00
2019 07 28 13 50 253  5.8  7.1  1.01  7.69  4.94 121 1020.6  23.9  23.3 999.0 99.0 99.00
2019 07 28 14 50 246  4.3  5.2  0.98  7.14  4.95  98 1020.3  23.9  23.3 999.0 99.0 99.00
2019 07 28 15 50 229  4.1  4.6  0.99  7.14  5.06 108 1020.0  24.1  23.5 999.0 99.0 99.00
2019 07 28 16 50 221  5.3  6.2  0.99  7.69  5.18  94 1019.5  24.5  23.7 999.0 99.0 99.00
2019 07 28 17 50 213  5.5  6.6  1.03  6.67  5.21 112 1018.9  24.7  23.8 999.0 99.0 99.00
2019 07 28 18 50 213  6.6  7.5  1.00  7.14  4.87 104 1018.5  25.0  23.9 999.0 99.0 99.00
2019 07 28 19 50 214  7.5  8.8  1.13  7.14  4.63 103 1017.8  25.2  23.9 999.0 99.0 99.00
2019 07 28 20 50 213  8.4 10.3  1.13  7.14  4.30 102 1017.2  25.3  23.9 999.0 99.0 99.00
2019 07 28 21 50 212  8.3 10.3  1.25  8.33  4.51  93 1016.7  25.3  24.0 999.0 99.0 99.00
2019 07 28 22 50 213  8.8 10.2  1.32  7.69  4.56 110 1016.6  25.3  24.0 999.0 99.0 99.00
2019 07 28 23 50 219  8.4  9.7  1.29  7.69  4.63  92 1016.9  25.3  24.1 999.0 99.0 99.00
2019 07 29 00 50 226  8.5 10.1  1.33  4.76  4.56 212 1017.1  25.2  24.1 999.0 99.0 99.00
2019 07 29 01 50 231  9.2 11.5  1.29  4.76  4.47 220 1017.2  25.3  24.0 999.0 99.0 99.00
2019 07 29 02 50 234  8.6 10.2  1.37  7.69  4.66  95 1017.2  25.1  23.8 999.0 99.0 99.00
2019 07 29 03 50 233  8.6  9.8  1.40  5.56  4.69 215 1017.1  24.8  23.7 999.0 99.0 99.00
2019 07 29 04 50 231  7.5  8.8  1.34  7.69  4.69  97 1016.7  24.6  23.6 999.0 99.0 99.00
2019 07 29 05 50 240  7.5  8.8  1.37  5.26  4.69 215 1016.6  24.4  23.5 999.0 99.0 99.00
2019 07 29 06 50 243  7.0  8.2  1.15  5.56  4.47 220 1016.5  24.2  23.5 999.0 99.0 99.00
2019 07 29 07 50 256  3.7  4.6  1.15  5.26  4.89 203 1016.6  24.1  23.5 999.0 99.0 99.00
2019 07 29 08 50 243  3.8  4.4  1.07  5.56  4.89 203 1016.4  23.9  23.5 999.0 99.0 99.00
2019 07 29 09 50 229  5.1  6.2  1.05  5.88  5.11 192 1016.4  23.9  23.5 999.0 99.0 99.00
2019 07 29 10 50 232  5.6  6.8  0.98  5.56  5.01 204 1016.7  24.0  23.4 999.0 99.0 99.00
2019 07 29 11 50 231  6.0  7.2  0.96  5.56  4.70 205 1016.6  24.0  23.4 999.0 99.0 99.00
2019 07 29 12 50 233  5.2  6.0  0.97  5.88  4.75 203 1016.8  23.9  23.5 999.0 99.0 99.00
2019 07 29 13 50 240  4.5  5.2  0.93  5.56  4.93 207 1016.8  23.9  23.6 999.0 99.0 99.00
2019 07 29 14 50 222  4.0  4.6  0.95  5.26  4.97 205 1016.8  23.9  23.7 999.0 99.0 99.00
2019 07 29 15 50 224  3.9  4.5  0.85  5.26  4.85 191 1016.8  24.1  23.9 999.0 99.0 99.00
2019 07 29 16 50 210  4.5  5.4  0.82  5.56  4.86 191 1016.6  24.3  24.1 999.0 99.0 99.00
2019 07 29 17 50 212  5.2  6.0  0.86  5.26  4.65 192 1016.0  24.5  24.3 999.0 99.0 99.00
2019 07 29 18 50 211  5.6  6.4  0.85 14.81  4.49 175 1015.7  24.6  24.3 999.0 99.0 99.00
2019 07 29 19 50 207  5.3  6.3  0.88  5.56  4.65 177 1015.2  24.8  24.3 999.0 99.0 99.00
2019 07 29 20 50 212  6.2  7.1  0.88  5.56  4.41 184 1014.8  24.9  24.2 999.0 99.0 99.00
2019 07 29 21 50 211  6.2  7.1  0.90  5.00  4.38 200 1014.6  25.0  24.1 999.0 99.0 99.00
2019 07 29 22 50 215  6.1  7.2  0.89 14.81  4.22 131 1014.6  24.8  24.0 999.0 99.0 99.00
2019 07 29 23 50 218  5.3  6.3  0.85 14.81  4.50  84 1014.7  24.8  24.0 999.0 99.0 99.00
2019 07 30 00 50 222  6.1  7.0  0.82  5.26  4.50 198 1015.0  24.7  23.9 999.0 99.0 99.00
2019 07 30 01 50 230  7.0  8.3  0.85 16.00  4.32 140 1015.3  24.8  23.9 999.0 99.0 99.00
2019 07 30 02 50 226  6.2  7.2  0.90 14.81  4.34  55 1015.7  24.6  23.8 999.0 99.0 99.00
2019 07 30 03 50 230  5.9  6.8  0.92  5.26  4.38 214 1015.6  24.6  23.7 999.0 99.0 99.00
2019 07 30 04 50 226  4.8  5.6  0.95  4.76  4.31 209 1015.7  24.4  23.6 999.0 99.0 99.00
2019 07 30 05 50 224  4.7  5.5  0.89  5.56  4.56 200 1015.5  24.2  23.6 999.0 99.0 99.00
2019 07 30 06 50 233  5.0  5.7  0.92  5.00  4.69 208 1015.2  24.2  23.6 999.0 99.0 99.00
2019 07 30 07 50 235  4.6  5.7  0.88  5.26  4.54 198 1015.1  24.3  23.6 999.0 99.0 99.00
2019 07 30 08 50 234  4.5  5.3  0.89  5.00  4.51 204 1015.4  24.2  23.6 999.0 99.0 99.00
2019 07 30 09 50 231  4.3  5.0  0.89  5.00  4.68 196 1015.6  24.3  23.7 999.0 99.0 99.00
2019 07 30 10 50 226  4.7  5.3  0.86 14.81  4.77 110 1015.8  24.4  23.7 999.0 99.0 99.00
2019 07 30 11 50 228  4.4  5.2  0.78  5.26  4.48 191 1016.3  24.4  23.7 999.0 99.0 99.00
2019 07 30 12 50 233  3.5  3.9  0.77 14.81  4.55  99 1016.8  24.3  23.7 999.0 99.0 99.00
2019 07 30 13 50 225  4.2  4.9  0.81 14.81  4.94  99 1016.8  24.3  23.8 999.0 99.0 99.00
2019 07 30 14 50 223  3.7  4.2  0.75 14.81  4.80  66 1016.9  24.4  23.9 999.0 99.0 99.00
2019 07 30 15 50 210  3.9  4.4  0.77  5.00  4.97 211 1017.0  24.5  24.1 999.0 99.0 99.00
2019 07 30 16 50 210  4.6  5.3  0.71  5.26  4.83 193 1016.9  24.7  24.3 999.0 99.0 99.00
2019 07 30 17 50 208  4.9  5.5  0.71 13.79  4.65 130 1016.7  24.8  24.3 999.0 99.0 99.00
2019 07 30 18 50 195  5.0  5.8  0.72  5.00  4.48 197 1016.1  24.9  24.4 999.0 99.0 99.00
2019 07 30 19 50 193  5.0  5.9  0.70  5.00  4.35 192 1015.5  25.2  24.4 999.0 99.0 99.00
2019 07 30 20 50 193  5.5  6.2  0.73 12.90  4.41 105 1015.2  25.3  24.5 999.0 99.0 99.00
2019 07 30 21 50 195  6.2  7.4  0.76  5.00  4.03 205 1014.9  25.4  24.5 999.0 99.0 99.00
2019 07 30 22 50 197  6.7  7.7  0.81 12.90  4.06  71 1014.9  25.4  24.4 999.0 99.0 99.00
2019 07 30 23 50 203  6.9  7.9  0.86 13.79  3.99  72 1015.4  25.1  24.3 999.0 99.0 99.00
2019 07 31 00 50 207  6.8  8.2  0.89 13.79  4.05 141 1015.6  25.0  24.2 999.0 99.0 99.00
2019 07 31 01 50 213  6.6  7.7  0.87  4.55  4.11 200 1016.3  24.9  24.1 999.0 99.0 99.00
2019 07 31 02 50 216  6.5  7.6  0.94  4.55  4.14 209 1016.4  24.9  24.0 999.0 99.0 99.00
2019 07 31 03 50 215  7.0  8.3  0.98  4.76  4.35 203 1016.3  24.8  24.0 999.0 99.0 99.00
2019 07 31 04 50 221  6.1  6.9  1.01  4.55  4.22 201 1016.7  24.8  23.9 999.0 99.0 99.00
2019 07 31 05 50 227  6.5  8.0  0.95  4.76  4.20 206 1016.8  24.8  23.9 999.0 99.0 99.00
2019 07 31 06 50 221  6.5  7.8  0.94  5.00  4.21 207 1016.3  25.0  23.9 999.0 99.0 99.00
2019 07 31 07 50 226  5.8  6.7  1.00  5.00  4.29 206 1016.3  24.8  23.8 999.0 99.0 99.00
2019 07 31 08 50 231  4.3  5.0  0.97  4.55  4.43 208 1016.4  24.5  23.8 999.0 99.0 99.00
2019 07 31 09 50 223  4.7  5.4  0.95 13.79  4.42  45 1016.4  24.3  23.7 999.0 99.0 99.00
2019 07 31 10 50 228  4.7  5.5  0.92 13.79  4.44 109 1016.5  24.4  23.7 999.0 99.0 99.00
2019 07 31 11 50 223  4.9  5.6  0.82  4.76  4.64 210 1016.8  24.5  23.7 999.0 99.0 99.00
2019 07 31 12 50 224  4.7  5.3  0.84  4.76  4.59 216 1017.1  24.5  23.8 999.0 99.0 99.00
2019 07 31 13 50 212  4.1  4.9  0.81 13.79  4.67 168 1017.2  24.5  23.9 999.0 99.0 99.00
2019 07 31 14 50 214  4.1  4.8  0.79  5.26  4.63 204 1017.6  24.5  24.1 999.0 99.0 99.00
2019 07 31 15 50 215  4.5  5.3  0.80  5.00  4.61 204 1017.5  24.6  24.3 999.0 99.0 99.00
2019 07 31 17 50 211  5.2  6.3  0.86 13.79  4.43 117 1016.8  24.8  24.5 999.0 99.0 99.00
2019 07 31 18 50 199  5.6  6.5  0.86  4.76  4.34 201 1015.9  24.9  24.6 999.0 99.0 99.00
2019 07 31 19 50 205  6.6  7.8  0.88  5.26  4.26 198 1015.4  25.0  24.6 999.0 99.0 99.00
2019 07 31 20 50 234  6.3  7.7  0.96  5.00  4.16 188 1015.9  25.0  24.6 999.0 99.0 99.00
2019 07 31 21 50 265  4.9  5.7  1.00  5.00  4.21 203 1016.1  24.6  24.5 999.0 99.0 99.00
2019 07 31 22 50 340  4.9  6.0  0.97  5.00  4.48 200 1016.3  24.0  24.4 999.0 99.0 99.00
