#YY  MM DD hh mm WDIR WSPD GST  WVHT   DPD   APD MWD   PRES  ATMP  WTMP  DEWP  VIS  TIDE
#yr  mo dy hr mn degT m/s  m/s     m   sec   sec deg    hPa  degC  degC  degC  nmi    ft
2019 01 31 23 50 275 10.9 14.2  1.18  4.35  4.01 272 1029.1  -6.8   4.9 999.0 99.0 99.00
2019 02 01 00 50 278 11.6 14.9  1.45  4.55  4.13 281 1029.8  -6.9   5.0 999.0 99.0 99.00
2019 02 01 01 50 281 11.2 15.3  1.54  5.00  4.31 284 1030.2  -6.9   5.0 999.0 99.0 99.00
2019 02 01 02 50 277 11.0 14.1  1.68  5.26  4.50 285 1030.6  -7.1   4.9 999.0 99.0 99.00
2019 02 01 04 50 291 10.9 14.3  1.53  5.26  4.44 284 1030.5  -6.2   4.9 999.0 99.0 99.00
2019 02 01 05 50 290 11.7 15.6  1.66  5.26  4.53 277 1030.2  -6.0   4.8 999.0 99.0 99.00
2019 02 01 06 50 290 10.9 13.7  1.47  5.26  4.37 297 1030.1  -6.0   4.8 999.0 99.0 99.00
2019 02 01 07 50 288 11.2 14.2  1.44  5.26  4.34 287 1030.5  -6.4   4.7 999.0 99.0 99.00
2019 02 01 08 50 293 11.6 14.8  1.56  5.00  4.31 287 1030.5  -6.6   4.7 999.0 99.0 99.00
2019 02 01 09 50 295  9.3 12.3  1.46  5.56  4.35 292 1030.5  -7.3   4.7 999.0 99.0 99.00
2019 02 01 10 50 296  8.7 10.9  1.22  5.26  4.03 292 1030.5  -7.4   4.5 999.0 99.0 99.00
2019 02 01 11 50 308  6.3  8.1  0.96  5.00  3.79 287 1030.8  -7.9   4.4 999.0 99.0 99.00
2019 02 01 12 50 304  5.1  6.9  0.78  4.55  3.67 267 1031.6  -7.8   4.3 999.0 99.0 99.00
2019 02 01 13 50 302  4.9  7.1  0.66  4.17  3.58 276 1031.7  -7.5   4.3 999.0 99.0 99.00
2019 02 01 14 50 296  4.4  6.6  0.58  4.00  3.51 284 1032.1  -7.5   4.4 999.0 99.0 99.00
2019 02 01 15 50 274  4.6  6.6  0.52  3.85  3.28 269 1031.7  -7.1   4.4 999.0 99.0 99.00
2019 02 01 16 50 286  5.3  7.1  0.42  3.45  3.18 261 1030.9  -6.9   4.4 999.0 99.0 99.00
2019 02 01 17 50 294  5.0  6.9  0.40  2.94  3.13 285 1029.7  -7.0   4.4 999.0 99.0 99.00
2019 02 01 18 50 307  4.5  6.8  0.40  3.03  3.12 285 1028.9  -6.8   4.4 999.0 99.0 99.00
2019 02 01 19 50 320  4.3  6.5  0.37  3.03  3.17 280 1028.2  -6.0   4.4 999.0 99.0 99.00
2019 02 01 20 50 303  3.6  5.1  0.36  3.13  3.12 279 1028.0  -5.9   4.4 999.0 99.0 99.00
2019 02 01 21 50 309  4.8  6.8  0.31  3.03  3.25 277 1027.9  -5.4   4.4 999.0 99.0 99.00
2019 02 01 22 50 327  4.1  5.6  0.34  3.13  3.36 280 1028.1  -5.1   4.4 999.0 99.0 99.00
2019 02 01 23 50 321  4.5  5.8 99.00 99.00 99.00 999 1028.2  -4.4   4.4 999.0 99.0 99.00
2019 02 02 00 50 305  4.2  6.0  0.31 10.00  3.13 142 1028.6  -4.0   4.4 999.0 99.0 99.00
2019 02 02 01 50 304  4.3  6.1  0.30 10.81  3.14 126 1028.7  -3.5   4.3 999.0 99.0 99.00
2019 02 02 02 50 311  4.6  6.2  0.33  2.60  2.98 278 1028.9  -3.4   4.2 999.0 99.0 99.00
2019 02 02 03 50 313  4.9  8.6  0.32 10.81  3.07 102 1028.9  -3.4   4.1 999.0 99.0 99.00
2019 02 02 04 50 326  4.2  5.9  0.36  3.03  3.07 267 1028.7  -3.6   4.1 999.0 99.0 99.00
2019 02 02 05 50 321  4.5  7.1  0.40  3.23  3.11 273 1028.8  -3.6   4.2 999.0 99.0 99.00
2019 02 02 06 50 311  5.1  6.6  0.39  2.86  3.06 294 1028.9  -3.9   4.3 999.0 99.0 99.00
2019 02 02 07 50 308  5.7  7.0  0.43  3.33  3.09 278 1028.9  -4.1   4.4 999.0 99.0 99.00
2019 02 02 08 50 317  4.2  6.0  0.45  3.13  3.23 301 1028.0  -4.0   4.4 999.0 99.0 99.00
2019 02 02 09 50 315  5.0  6.9  0.46  3.13  3.19 313 1028.1  -4.2   4.4 999.0 99.0 99.00
2019 02 02 10 50 333  4.9  6.5  0.52  3.33  3.24 292 1027.8  -4.3   4.4 999.0 99.0 99.00
2019 02 02 11 50 331  4.8  6.4  0.51  3.33  3.13 285 1027.8  -4.3   4.4 999.0 99.0 99.00
2019 02 02 12 50 327  3.9  5.2  0.45  3.33  3.21 288 1028.1  -4.1   4.3 999.0 99.0 99.00
2019 02 02 13 50 311  2.4  3.4  0.41  3.23  3.22 291 1027.9  -3.8   4.3 999.0 99.0 99.00
2019 02 02 14 50 239  1.5  2.6  0.34  3.23  3.18 281 1027.7  -3.5   4.3 999.0 99.0 99.00
2019 02 02 15 50 254  4.0  5.7  0.33  2.74  3.30 306 1027.2  -2.8   4.4 999.0 99.0 99.00
2019 02 02 16 50 247  6.5  8.4  0.27  7.14  3.43 169 1025.7  -2.3   4.4 999.0 99.0 99.00
2019 02 02 17 50 240  8.8 10.6  0.42  2.74  2.95 274 1024.4  -1.6   4.4 999.0 99.0 99.00
2019 02 02 18 50 236  9.9 11.5  0.66  3.13  3.22 254 1023.1  -1.0   4.5 999.0 99.0 99.00
2019 02 02 19 50 237  9.9 11.9  0.91  3.70  3.59 243 1022.2  -0.3   4.5 999.0 99.0 99.00
2019 02 02 20 50 238  9.9 12.3  1.09  4.35  3.78 241 1021.3   0.5   4.5 999.0 99.0 99.00
2019 02 02 21 50 250 10.5 12.9  1.36  4.55  4.10 243 1020.7   1.4   4.6 999.0 99.0 99.00
2019 02 02 22 50 245 10.7 12.8  1.45  5.00  4.29 242 1019.8   2.0   4.6 999.0 99.0 99.00
2019 02 02 23 50 244 10.1 12.1  1.37  5.26  4.22 237 1019.8   2.6   4.6 999.0 99.0 99.00
2019 02 03 00 50 245 12.0 14.3  1.38  5.00  4.12 231 1019.3   2.4   4.7 999.0 99.0 99.00
2019 02 03 01 50 244 11.9 14.1  1.63  5.56  4.45 227 1019.5   2.1   4.7 999.0 99.0 99.00
2019 02 03 02 50 252 11.8 13.5  1.68  5.88  4.52 218 1019.6   1.9   4.6 999.0 99.0 99.00
2019 02 03 03 50 259 10.0 12.0  1.72  5.88  4.57 216 1020.3   2.1   4.5 999.0 99.0 99.00
2019 02 03 04 50 267 10.5 11.7  1.59  6.25  4.62 215 1020.3   2.2   4.5 999.0 99.0 99.00
2019 02 03 05 50 265  9.1 10.6  1.46  6.25  4.55 210 1020.6   2.4   4.5 999.0 99.0 99.00
2019 02 03 06 50 263  9.1 10.9  1.35  5.56  4.35 221 1020.5   2.6   4.5 999.0 99.0 99.00
2019 02 03 07 50 258  8.4  9.6  1.29  5.88  4.27 214 1020.4   3.0   4.4 999.0 99.0 99.00
2019 02 03 08 50 266  7.4  9.1  1.06  5.56  4.04 217 1020.3   3.3   4.4 999.0 99.0 99.00
2019 02 03 09 50 281  6.3  7.3  1.06  5.56  4.16 214 1020.2   3.7   4.4 999.0 99.0 99.00
2019 02 03 10 50 279  5.3  6.0  0.97  5.56  4.04 203 1020.7   3.8   4.4 999.0 99.0 99.00
2019 02 03 11 50 266  4.2  5.0  0.85  5.26  3.95 217 1021.3   3.9   4.3 999.0 99.0 99.00
2019 02 03 12 50 275  3.8  4.4  0.72  5.00  3.79 213 1021.7   3.8   4.2 999.0 99.0 99.00
2019 02 03 13 50 285  2.8  3.2  0.72  5.26  3.79 208 1022.1   3.9   4.2 999.0 99.0 99.00
2019 02 03 14 50 282  2.4  2.8  0.69  5.00  4.05 211 1022.7   3.9   4.3 999.0 99.0 99.00
2019 02 03 15 50 242  3.1  3.7  0.58  4.76  3.81 209 1023.2   3.8   4.5 999.0 99.0 99.00
2019 02 03 17 50 202  2.3  2.8  0.49  4.76  3.82 207 1021.8   4.4   4.9 999.0 99.0 99.00
2019 02 03 18 50 201  3.7  4.3  0.48  4.76  3.90 198 1021.3   4.9   4.9 999.0 99.0 99.00
2019 02 03 19 50 175  2.9  3.4  0.46  4.35  3.89 205 1020.4   5.1   4.8 999.0 99.0 99.00
2019 02 03 20 50 186  4.8  5.6  0.44  4.55  3.84 195 1020.3   5.3   4.8 999.0 99.0 99.00
2019 02 03 21 50 192  4.7  5.5  0.37  4.17  3.53 198 1020.0   5.3   4.7 999.0 99.0 99.00
2019 02 03 22 50 186  2.7  3.2  0.38  4.00  3.62 204 1020.2   5.3   4.7 999.0 99.0 99.00
2019 02 03 23 50 190  4.6  5.0  0.37  4.35  3.69 194 1020.5   5.4   4.6 999.0 99.0 99.00
2019 02 04 00 50 189  3.7  4.4  0.34  4.00  3.65 207 1020.7   5.6   4.5 999.0 99.0 99.00
2019 02 04 01 50 196  4.3  4.8  0.37  2.94  3.44 199 1020.7   5.9   4.5 999.0 99.0 99.00
2019 02 04 02 50 203  3.1  3.4  0.50  3.85  3.48 198 1020.6   5.9   4.5 999.0 99.0 99.00
2019 02 04 03 50 238  1.6  1.9  0.44  3.70  3.65 203 1020.5   5.6   4.4 999.0 99.0 99.00
2019 02 04 04 50 260  1.4  1.6  0.48  3.70  3.64 210 1020.2   5.2   4.4 999.0 99.0 99.00
2019 02 04 05 50 204  1.8  2.2  0.42  3.45  3.63 200 1020.0   5.3   4.4 999.0 99.0 99.00
2019 02 04 06 50 177  1.2  1.4  0.38  3.33  3.69 207 1019.9   5.3   4.4 999.0 99.0 99.00
2019 02 04 07 50 180  1.7  1.9  0.34 12.90  3.96 151 1019.8   5.2   4.4 999.0 99.0 99.00
2019 02 04 08 50 167  0.0  0.0  0.35 13.79  3.90  74 1019.4   5.2   4.4 999.0 99.0 99.00
2019 02 04 09 50 307  0.4  0.8  0.33 12.12  4.37 173 1019.4   4.9   4.4 999.0 99.0 99.00
2019 02 04 10 50 280  1.1  1.4  0.31 12.90  4.36 155 1019.1   5.1   4.4 999.0 99.0 99.00
2019 02 04 11 50 256  0.9  1.2  0.33 11.43  4.56  66 1019.2   4.4   4.4 999.0 99.0 99.00
2019 02 04 12 50 292  2.1  2.8  0.33 13.79  4.53 213 1019.2   4.4   4.5 999.0 99.0 99.00
2019 02 04 13 50 187  1.8  2.8  0.34 10.81  4.78 114 1019.8   3.8   4.5 999.0 99.0 99.00
2019 02 04 14 50 167  0.0  0.0  0.33  9.09  5.00  78 1020.0   4.3   4.6 999.0 99.0 99.00
2019 02 04 15 50 245  0.1  0.6  0.30  9.09  4.90 137 1020.2   4.1   5.0 999.0 99.0 99.00
2019 02 04 16 50 208  0.4  0.6  0.32 10.81  5.06  93 1019.9   4.5   5.3 999.0 99.0 99.00
2019 02 04 17 50 136  1.0  1.9  0.30 13.79  4.97 213 1018.8   5.2   5.8 999.0 99.0 99.00
2019 02 04 18 50 169  1.6  2.0  0.33 10.81  5.05  93 1018.4   5.9   5.6 999.0 99.0 99.00
2019 02 04 19 50 180  2.1  2.4  0.31 13.79  5.01 130 1017.5   6.4   5.8 999.0 99.0 99.00
2019 02 04 20 50 198  1.5  1.9  0.33 10.81  5.23  80 1017.4   6.7   5.6 999.0 99.0 99.00
2019 02 04 21 50 167  0.0  0.0  0.33 10.81  5.29 161 1017.0   7.0   5.5 999.0 99.0 99.00
2019 02 04 22 50 167  0.0  0.0  0.34 10.81  5.63 117 1016.9   6.3   5.2 999.0 99.0 99.00
2019 02 04 23 50  99  2.3  2.5  0.33 13.79  5.33 160 1016.8   6.0   5.1 999.0 99.0 99.00
2019 02 05 00 50 103  2.2  2.5  0.33 12.90  5.52  71 1016.4   6.1   5.0 999.0 99.0 99.00
2019 02 05 01 50 110  2.1  2.4  0.34 10.81  5.62 199 1016.3   6.0   4.9 999.0 99.0 99.00
2019 02 05 02 50  68  1.6  1.8  0.37 10.00  5.88 121 1016.2   5.9   4.9 999.0 99.0 99.00
2019 02 05 03 50  25  1.6  2.0  0.44 10.00  6.81 181 1015.9   6.0   4.8 999.0 99.0 99.00
2019 02 05 04 50 356  1.9  2.3  0.54 10.00  7.51 179 1016.2   5.9   4.7 999.0 99.0 99.00
2019 02 05 05 50  98  2.1  2.3  0.68  9.09  8.03 183 1015.4   5.8   4.7 999.0 99.0 99.00
2019 02 05 06 50  28  0.7  1.2  0.73  9.09  7.88 193 1015.1   5.9   4.8 999.0 99.0 99.00
2019 02 05 07 50  41  0.7  1.2  0.89  9.09  8.05 187 1014.7   5.4   4.9 999.0 99.0 99.00
2019 02 05 08 50 323  2.8  3.8  1.50 10.00  8.81 187 1014.5   5.0   4.9 999.0 99.0 99.00
2019 02 05 09 50 323  2.8  4.5  1.53  9.09  8.42 183 1014.7   4.7   4.9 999.0 99.0 99.00
2019 02 05 10 50 329  2.3  3.4  1.69  9.09  8.18 168 1015.0   4.9   4.8 999.0 99.0 99.00
2019 02 05 11 50 122  1.7  2.4  1.69  9.09  7.77 187 1014.8   4.5   4.8 999.0 99.0 99.00
2019 02 05 12 50 186  1.0  2.1  1.66  9.09  7.69 166 1014.9   4.4   4.8 999.0 99.0 99.00
2019 02 05 13 50 171  2.2  2.8  1.62 10.00  7.54 149 1015.1   5.1   4.8 999.0 99.0 99.00
2019 02 05 14 50 245  2.3  2.7  1.62 10.00  7.80 145 1015.9   5.3   4.8 999.0 99.0 99.00
2019 02 05 15 50 236  3.1  3.5  1.55 10.81  7.95 157 1015.8   5.7   5.0 999.0 99.0 99.00
2019 02 05 16 50 234  1.9  2.2  1.48 11.43  7.67 150 1015.2   6.6   5.2 999.0 99.0 99.00
2019 02 05 17 50 188  3.0  4.0  1.49  9.09  7.67 144 1014.2   6.5   5.5 999.0 99.0 99.00
2019 02 05 18 50 227  3.6  4.2  1.80 11.43  8.32 161 1013.4   7.1   5.6 999.0 99.0 99.00
2019 02 05 19 50 226  3.9  4.4  1.91 10.81  8.52 161 1013.9   7.0   5.5 999.0 99.0 99.00
2019 02 05 20 50 227  4.0  4.9  1.82 10.00  8.41 158 1014.1   7.1   5.4 999.0 99.0 99.00
2019 02 05 21 50 234  4.0  4.8  1.59  9.09  7.87 154 1014.3   6.7   5.3 999.0 99.0 99.00
2019 02 05 22 50 237  3.7  4.2  1.54 10.00  7.94 152 1015.1   6.7   5.1 999.0 99.0 99.00
2019 02 05 23 50 242  4.2  5.0  1.61 10.81  7.92 151 1015.6   7.3   5.0 999.0 99.0 99.00
2019 02 06 00 50 262  4.1  4.8  1.70 10.00  8.12 145 1015.9   8.1   5.0 999.0 99.0 99.00
2019 02 06 01 50 267  3.8  4.4  1.76 10.00  8.63 143 1016.3   7.8   4.9 999.0 99.0 99.00
2019 02 06 02 50 300  2.9  4.0  1.86 10.81  8.68 135 1017.0   7.4   4.9 999.0 99.0 99.00
2019 02 06 03 50 355  7.3  8.8  1.63 10.00  8.37 157 1017.7   7.7   4.9 999.0 99.0 99.00
2019 02 06 04 50 357  6.9  8.5  2.05 10.81  8.37 146 1018.7   6.7   4.9 999.0 99.0 99.00
2019 02 06 05 50 357  7.1  8.2  1.78 10.81  7.29 145 1019.6   6.2   5.2 999.0 99.0 99.00
2019 02 06 06 50   5  5.8  7.6  1.43 10.00  6.07 156 1020.0   5.7   5.2 999.0 99.0 99.00
2019 02 06 07 50   7  4.8  6.0  1.51 10.00  6.62 152 1020.5   5.3   5.1 999.0 99.0 99.00
2019 02 06 08 50   2  6.8  8.1  1.40 10.00  6.45 143 1020.4   5.0   5.0 999.0 99.0 99.00
2019 02 06 09 50  11  6.4  7.9  1.50 10.00  6.46 142 1021.7   4.7   5.1 999.0 99.0 99.00
2019 02 06 10 50  17  6.0  6.9  1.43 10.00  6.02 149 1022.4   4.1   5.0 999.0 99.0 99.00
2019 02 06 11 50  33  6.7  8.2  1.37 10.00  6.15 138 1022.0   4.0   4.8 999.0 99.0 99.00
2019 02 06 12 50  34  7.2  8.4  1.22  9.09  5.51 143 1022.5   3.9   4.8 999.0 99.0 99.00
2019 02 06 13 50  35  5.9  6.7  1.17 10.00  5.33 139 1023.4   3.8   4.8 999.0 99.0 99.00
2019 02 06 14 50  30  4.5  5.2  1.25 10.00  5.86 134 1024.1   3.9   4.9 999.0 99.0 99.00
2019 02 06 15 50  65  4.8  5.5  1.20 10.00  6.17 137 1023.7   3.9   5.0 999.0 99.0 99.00
2019 02 06 16 50  52  4.1  4.9  1.19 10.00  6.34 129 1023.5   4.1   5.0 999.0 99.0 99.00
2019 02 06 17 50  54  5.7  6.7  1.23  9.09  6.67 134 1022.6   4.3   5.1 999.0 99.0 99.00
2019 02 06 18 50  70  5.4  6.4  1.14 10.00  6.09 128 1022.4   5.1   5.1 999.0 99.0 99.00
2019 02 06 19 50  80  4.4  5.2  1.19 10.00  6.19 138 1022.0   5.6   5.1 999.0 99.0 99.00
2019 02 06 20 50  98  5.2  6.1  1.07 10.00  5.90 131 1021.8   5.6   5.2 999.0 99.0 99.00
2019 02 06 21 50 111  6.3  7.8  1.10  9.09  5.62 113 1021.1   5.6   5.1 999.0 99.0 99.00
2019 02 06 22 50 109  7.0  8.3  1.28  9.09  5.93 124 1020.8   5.7   5.1 999.0 99.0 99.00
2019 02 06 23 50 111  7.0  8.5  1.24 10.00  5.41 133 1020.5   5.8   5.1 999.0 99.0 99.00
2019 02 07 00 50 113  7.0  8.8  1.28  9.09  5.29 116 1019.7   5.9   5.1 999.0 99.0 99.00
2019 02 07 01 50 117  7.8  9.5  1.19 10.00  4.88  87 1018.6   6.2   5.1 999.0 99.0 99.00
2019 02 07 02 50 115  8.4  9.8  1.36  9.09  4.98 142 1017.5   6.5   5.1 999.0 99.0 99.00
2019 02 07 03 50 118  8.6  9.7  1.43 10.00  5.03 112 1016.7   6.7   5.1 999.0 99.0 99.00
2019 02 07 04 50 124  8.4 10.8  1.39  5.00  4.85 100 1016.3   7.4   5.1 999.0 99.0 99.00
2019 02 07 05 50 130  8.4  9.7  1.45  5.26  4.82  95 1015.3   7.6   5.1 999.0 99.0 99.00
2019 02 07 06 50 163  4.6  7.4  1.61  5.56  4.98  99 1015.1   7.5   5.1 999.0 99.0 99.00
2019 02 07 07 50 186  7.2  9.6  1.52  9.09  5.02 120 1014.6   9.0   5.1 999.0 99.0 99.00
2019 02 07 08 50 337  3.6  4.6  1.54  9.09  5.19 126 1014.7   6.9   5.1 999.0 99.0 99.00
2019 02 07 09 50  14  6.3  7.9  1.43  5.26  4.90 112 1014.5   5.5   5.1 999.0 99.0 99.00
2019 02 07 10 50  13  7.9  9.4  1.36  5.56  4.70  84 1015.3   5.0   5.1 999.0 99.0 99.00
2019 02 07 11 50  11  8.8 10.3  1.48  5.56  4.90 105 1015.0   4.2   5.1 999.0 99.0 99.00
2019 02 07 12 50  12  9.7 11.2  1.43  5.26  4.54 105 1015.8   3.8   5.1 999.0 99.0 99.00
2019 02 07 13 50  14  9.3 10.9  1.45  9.09  4.61 119 1017.4   3.9   5.1 999.0 99.0 99.00
2019 02 07 14 50  15  8.4 10.0  1.33  5.56  4.50  86 1017.8   3.8   5.0 999.0 99.0 99.00
2019 02 07 15 50  10  7.7  9.1  1.43  5.26  4.79  80 1018.6   4.1   5.0 999.0 99.0 99.00
2019 02 07 16 50  11  6.3  7.3  1.28  9.09  4.70 115 1018.8   4.1   5.0 999.0 99.0 99.00
2019 02 07 17 50  15  6.0  6.9  1.28  5.26  4.96  70 1018.0   4.2   5.0 999.0 99.0 99.00
2019 02 07 18 50   5  6.1  7.3  1.26  5.88  5.04  72 1018.2   4.4   5.0 999.0 99.0 99.00
2019 02 07 19 50   8  3.7  4.4  1.24  9.09  5.23 122 1018.5   4.6   5.0 999.0 99.0 99.00
2019 02 07 20 50   8  4.1  5.0  1.24  9.09  5.39 114 1018.8   4.8   5.1 999.0 99.0 99.00
2019 02 07 21 50  21  4.8  5.6  1.29  9.09  5.55 121 1017.8   4.7   5.1 999.0 99.0 99.00
2019 02 07 22 50  30  2.6  3.6  1.36  6.25  5.59  72 1018.6   4.8   5.0 999.0 99.0 99.00
2019 02 07 23 50  47  3.5  4.4  1.37  6.25  5.66  80 1018.5   4.9   5.0 999.0 99.0 99.00
2019 02 08 00 50  63  2.0  2.8  1.39  6.67  5.75  61 1019.5   4.9   5.0 999.0 99.0 99.00
2019 02 08 01 50  51  2.4  3.0  1.37  6.25  5.70  71 1018.8   4.8   5.1 999.0 99.0 99.00
2019 02 08 02 50 102  5.3  7.1  1.41  5.88  5.82  82 1016.4   4.9   5.1 999.0 99.0 99.00
2019 02 08 03 50 104  4.6  5.6  1.39  6.25  5.63 103 1016.5   5.2   5.1 999.0 99.0 99.00
2019 02 08 04 50  97  4.1  5.0  1.34  6.25  5.63  99 1016.1   5.2   5.1 999.0 99.0 99.00
2019 02 08 05 50 115  5.2  5.8  1.32  9.09  5.70 127 1014.3   5.4   5.1 999.0 99.0 99.00
2019 02 08 06 50 145  5.3  6.3  1.27  6.25  5.40  84 1014.1   5.6   5.0 999.0 99.0 99.00
2019 02 08 07 50 290  3.7  5.1  1.36  6.25  5.56 109 1015.0   5.6   5.0 999.0 99.0 99.00
2019 02 08 08 50 335  3.2  4.1  1.27  6.25  5.59 109 1014.3   5.3   5.0 999.0 99.0 99.00
2019 02 08 09 50  76  4.6  5.5  1.25  6.25  5.65 111 1012.8   4.4   5.0 999.0 99.0 99.00
2019 02 08 10 50  83  3.4  4.3  1.35  6.25  5.74  99 1012.5   4.4   5.0 999.0 99.0 99.00
2019 02 08 11 50 269  1.1  2.0  1.24  5.88  5.50  94 1013.8   4.9   5.0 999.0 99.0 99.00
2019 02 08 12 50 231  1.6  2.7  1.15  6.25  5.56 142 1013.9   5.0   4.9 999.0 99.0 99.00
2019 02 08 13 50 192  2.6  3.4  1.03  5.88  5.41 120 1013.6   5.1   4.3 999.0 99.0 99.00
2019 02 08 14 50 186  5.6  6.3  1.06  5.88  5.65 123 1012.1   5.2   4.2 999.0 99.0 99.00
2019 02 08 15 50 208  5.9  7.2  0.95  6.67  5.40 116 1012.0   5.8   4.1 999.0 99.0 99.00
2019 02 08 16 50 249  8.2  9.6  0.93  6.67  4.63 120 1012.3   6.0   4.1 999.0 99.0 99.00
2019 02 08 17 50 256  7.3  8.8  0.96  8.33  4.20  99 1012.7   6.3   4.1 999.0 99.0 99.00
2019 02 08 18 50 241  7.6  8.7  0.98  9.09  4.59 117 1012.8   6.6   4.0 999.0 99.0 99.00
2019 02 08 19 50 247  7.0  8.5  0.96  8.33  4.37 116 1013.5   6.8   4.1 999.0 99.0 99.00
2019 02 08 20 50 271  8.2 10.8  0.97  9.09  4.44 124 1014.0   8.4   4.1 999.0 99.0 99.00
2019 02 08 21 50 283  9.7 12.0  1.14  3.57  3.93 276 1015.1   8.1   4.0 999.0 99.0 99.00
2019 02 08 22 50 281 12.0 14.7  1.28  4.76  4.26 293 1015.8   8.1   4.0 999.0 99.0 99.00
2019 02 08 23 50 281 12.5 16.0  1.57  5.26  4.70 279 1017.3   7.3   4.0 999.0 99.0 99.00
2019 02 09 00 50 291 14.3 17.2  1.90  5.88  4.85 295 1018.5   6.0   4.0 999.0 99.0 99.00
2019 02 09 01 50 290 14.7 18.1  2.09  5.88  4.96 286 1020.1   4.9   4.0 999.0 99.0 99.00
2019 02 09 02 50 287 16.5 19.3  2.36  6.25  5.25 294 1020.9   3.4   4.1 999.0 99.0 99.00
2019 02 09 03 50 291 15.0 18.6  2.66  6.25  5.46 298 1022.4   2.5   4.1 999.0 99.0 99.00
2019 02 09 04 50 292 15.2 18.9  2.36  6.25  5.24 293 1023.6   1.9   4.1 999.0 99.0 99.00
2019 02 09 05 50 302 14.3 16.9  2.36  6.67  5.15 280 1024.5   1.6   4.1 999.0 99.0 99.00
2019 02 09 06 50 303 15.1 17.9  2.25  6.25  4.99 302 1025.3   1.1   4.3 999.0 99.0 99.00
2019 02 09 07 50 302 15.2 18.4  2.11  6.25  4.97 297 1026.2   0.5   4.5 999.0 99.0 99.00
2019 02 09 08 50 308 13.7 17.0  2.10  6.67  5.01 296 1027.4  -0.1   4.5 999.0 99.0 99.00
2019 02 09 09 50 310 14.4 18.0  2.00  6.25  4.89 296 1028.4  -0.5   4.6 999.0 99.0 99.00
2019 02 09 10 50 307 13.6 17.5  2.10  6.25  4.97 306 1029.7  -1.0   4.6 999.0 99.0 99.00
2019 02 09 11 50 314 13.7 17.3  1.82  5.88  4.83 305 1030.8  -1.6   4.6 999.0 99.0 99.00
2019 02 09 12 50 319 15.1 19.2  2.13  6.25  4.97 306 1032.5  -2.1   4.6 999.0 99.0 99.00
2019 02 09 13 50 311 13.9 17.0  1.96  6.25  4.80 302 1034.0  -2.6   4.6 999.0 99.0 99.00
2019 02 09 14 50 310 13.1 15.7  1.69  5.88  4.51 303 1034.4  -2.2   4.6 999.0 99.0 99.00
2019 02 09 15 50 319 12.8 15.8  1.92  5.88  4.74 309 1035.0  -2.0   4.7 999.0 99.0 99.00
2019 02 09 16 50 310 11.9 16.1  1.88  5.56  4.68 305 1035.2  -1.7   4.7 999.0 99.0 99.00
2019 02 09 17 50 318 11.6 14.7  1.72  5.88  4.51 306 1034.9  -0.9   4.7 999.0 99.0 99.00
2019 02 09 18 50 315 11.6 13.5  1.64  5.88  4.51 297 1034.9  -0.3   4.8 999.0 99.0 99.00
2019 02 09 19 50 317 10.1 12.9  1.39  5.26  4.30 300 1035.7   0.0   4.8 999.0 99.0 99.00
2019 02 09 20 50 317  9.9 13.5  1.25  4.76  4.16 306 1036.2   0.4   4.8 999.0 99.0 99.00
2019 02 09 21 50 314  8.9 11.1  1.15  4.76  4.06 308 1036.7   0.5   4.8 999.0 99.0 99.00
2019 02 09 22 50 315  8.2 10.3  1.07  5.00  3.91 304 1037.7   0.7   4.7 999.0 99.0 99.00
2019 02 09 23 50 312  8.6 11.2  1.03  5.00  3.97 302 1038.2   0.5   4.7 999.0 99.0 99.00
2019 02 10 00 50 310  8.6 10.2  1.01  4.76  3.74 297 1038.7   0.5   4.7 999.0 99.0 99.00
2019 02 10 01 50 314  8.1 10.8  0.92  4.76  3.73 298 1039.0   0.3   4.6 999.0 99.0 99.00
2019 02 10 02 50 323  8.9 11.0  0.94  4.76  3.76 305 1039.4   0.1   4.6 999.0 99.0 99.00
2019 02 10 03 50 323  9.6 11.7  0.92  4.00  3.64 312 1039.2  -0.4   4.6 999.0 99.0 99.00
2019 02 10 04 50 322  8.7 10.3  0.95  4.17  3.66 308 1039.7  -0.6   4.6 999.0 99.0 99.00
2019 02 10 05 50 336  8.7 10.3  1.04  4.55  3.73 304 1039.3  -1.1   4.6 999.0 99.0 99.00
2019 02 10 06 50 338  8.3 10.0  1.03  4.76  3.79 296 1038.9  -1.4   4.6 999.0 99.0 99.00
2019 02 10 07 50 345  7.2  8.8  0.92  4.76  3.76 300 1037.9  -1.5   4.6 999.0 99.0 99.00
2019 02 10 08 50 345  6.3  8.0  0.78  4.35  3.58 298 1037.9  -1.5   4.6 999.0 99.0 99.00
2019 02 10 09 50 349  5.2  6.4  0.67  3.33  3.48 345 1038.8  -1.8   4.5 999.0 99.0 99.00
2019 02 10 10 50 320  3.1  4.6  0.59  3.45  3.47 337 1039.7  -1.9   4.5 999.0 99.0 99.00
2019 02 10 11 50 309  3.0  4.7  0.51  3.33  3.42 338 1039.4  -1.9   4.4 999.0 99.0 99.00
2019 02 10 12 50 272  2.3  3.7  0.40  3.33  3.37 338 1038.5  -1.4   4.3 999.0 99.0 99.00
2019 02 10 13 50 297  3.1  4.3  0.39  2.94  3.51 343 1038.3  -1.0   4.3 999.0 99.0 99.00
2019 02 10 14 50 281  4.6  6.1  0.33 14.81  3.48  34 1038.0  -0.9   4.4 999.0 99.0 99.00
2019 02 10 15 50 285  4.1  5.3  0.33 14.81  3.40 189 1037.4  -1.2   4.6 999.0 99.0 99.00
2019 02 10 16 50 277  4.8  6.5  0.39  3.33  3.22 283 1036.4  -1.6   4.7 999.0 99.0 99.00
2019 02 10 17 50 277  6.6  7.7 99.00 99.00 99.00 999 1035.6  -1.6   4.7 999.0 99.0 99.00
2019 02 10 18 50 272  6.9  8.7  0.52  3.13  3.01 287 1035.0  -1.1   4.7 999.0 99.0 99.00
2019 02 10 19 50 253  5.7  7.0  0.51  3.33  3.18 280 1033.8  -0.9   4.7 999.0 99.0 99.00
2019 02 10 20 50 270  4.4  5.5  0.45  3.23  3.08 287 1033.4  -0.1   4.7 999.0 99.0 99.00
2019 02 10 21 50 260  4.1  5.4  0.38  2.94  3.36 289 1032.6   0.4   4.7 999.0 99.0 99.00
2019 02 10 22 50 260  5.0  6.2  0.35  3.03  3.20 285 1032.2   0.9   4.6 999.0 99.0 99.00
2019 02 10 23 50 258  5.0  6.5  0.36  2.94  3.15 270 1031.9   1.7   4.6 999.0 99.0 99.00
2019 02 11 00 50 255  5.3  6.8  0.42  2.94  3.05 267 1031.0   2.2   4.6 999.0 99.0 99.00
2019 02 11 01 50 252  5.7  7.2  0.40  3.13  3.21 245 1030.2   2.3   4.6 999.0 99.0 99.00
2019 02 11 02 50 263  5.4  6.6 99.00 99.00 99.00 999 1030.0   2.5   4.6 999.0 99.0 99.00
2019 02 11 03 50 275  5.1  6.6  0.43  3.03  3.21 254 1029.9   2.4   4.7 999.0 99.0 99.00
2019 02 11 04 50 292  3.2  4.4  0.44  3.13  3.23 283 1029.2   2.1   4.6 999.0 99.0 99.00
2019 02 11 05 50 271  3.1  4.6  0.45  3.03  3.27 277 1028.5   2.2   4.6 999.0 99.0 99.00
2019 02 11 06 50 208  4.0  5.5  0.45  2.94  3.28 267 1027.8   0.3   4.6 999.0 99.0 99.00
2019 02 11 07 50 280  1.5  2.2  0.40  2.94  3.26 279 1026.9  -1.1   4.6 999.0 99.0 99.00
2019 02 11 08 50 316  1.3  1.9  0.37  9.09  3.57 105 1026.5  -1.1   4.6 999.0 99.0 99.00
2019 02 11 09 50 342  2.1  2.9  0.34  9.09  3.85 133 1026.2  -0.5   4.5 999.0 99.0 99.00
2019 02 11 10 50 322  2.9  4.3  0.32  8.33  3.87 118 1025.9   0.0   4.6 999.0 99.0 99.00
2019 02 11 11 50 351  3.2  4.0  0.32  9.09  4.04 155 1026.0   0.6   4.6 999.0 99.0 99.00
2019 02 11 12 50   6  2.4  3.4  0.30  9.09  4.20 116 1026.1   0.7   4.6 999.0 99.0 99.00
2019 02 11 13 50  26  2.6  3.5  0.27  8.33  4.40 236 1026.4   0.5   4.6 999.0 99.0 99.00
2019 02 11 14 50  54  3.2  4.0  0.28  9.09  5.12 158 1026.2   1.2   4.5 999.0 99.0 99.00
2019 02 11 15 50  33  3.9  5.7  0.26  9.09  5.31 296 1026.0   1.5   4.5 999.0 99.0 99.00
2019 02 11 16 50  43  4.6  5.8  0.27  9.09  3.66 159 1025.7   1.6   4.6 999.0 99.0 99.00
2019 02 11 17 50  54  4.4  6.0  0.33  8.33  3.30 148 1025.5   1.8   4.7 999.0 99.0 99.00
2019 02 11 18 50  55  5.8  7.6  0.40  2.94  3.17  26 1025.2   2.1   4.7 999.0 99.0 99.00
2019 02 11 19 50  53  6.0  7.4  0.55  3.23  3.24  35 1025.2   2.0   4.7 999.0 99.0 99.00
2019 02 11 20 50  60  5.1  6.1  0.54  3.33  3.40  38 1025.7   2.0   4.7 999.0 99.0 99.00
2019 02 11 21 50  47  4.9  5.7  0.47  3.13  3.37  42 1025.9   2.2   4.7 999.0 99.0 99.00
2019 02 11 22 50  50  4.8  6.1  0.45  3.33  3.33  58 1026.5   2.1   4.7 999.0 99.0 99.00
2019 02 11 23 50  57  4.1  5.1  0.43  3.57  3.54  65 1027.1   2.4   4.7 999.0 99.0 99.00
2019 02 12 00 50  49  4.3  5.4  0.41  3.13  3.40  64 1027.6   2.5   4.7 999.0 99.0 99.00
2019 02 12 01 50  48  4.3  5.4  0.40  3.33  3.41  66 1027.8   2.5   4.7 999.0 99.0 99.00
2019 02 12 02 50  58  4.2  4.8  0.37  3.70  3.44  70 1028.3   2.6   4.7 999.0 99.0 99.00
2019 02 12 03 50  48  3.7  4.4  0.37  8.33  3.58 292 1028.7   2.6   4.7 999.0 99.0 99.00
2019 02 12 04 50  52  4.3  5.6  0.35  8.33  3.58 257 1029.0   2.7   4.8 999.0 99.0 99.00
2019 02 12 05 50  54  5.2  6.1  0.38  8.33  3.66 167 1028.8   2.7   4.8 999.0 99.0 99.00
2019 02 12 06 50  51  6.0  7.2  0.43  9.09  3.30 144 1029.0   2.5   4.7 999.0 99.0 99.00
2019 02 12 07 50  56  7.3  9.1  0.55  3.45  3.25  80 1028.3   2.5   4.7 999.0 99.0 99.00
2019 02 12 08 50  51  8.2 10.2  0.67  3.57  3.41  52 1028.4   2.5   4.7 999.0 99.0 99.00
2019 02 12 09 50  71  8.6 10.2  0.87  4.17  3.69  35 1028.2   3.1   4.7 999.0 99.0 99.00
2019 02 12 10 50  66 11.2 13.0  1.23  4.76  4.08  38 1027.5   2.3   4.7 999.0 99.0 99.00
2019 02 12 11 50  74 11.5 14.3  1.38  5.00  4.20  49 1026.8   2.2   4.7 999.0 99.0 99.00
2019 02 12 12 50  79 11.8 13.9  1.75  5.26  4.51  61 1026.7   2.2   4.8 999.0 99.0 99.00
2019 02 12 13 50  85 11.7 14.0  1.87  5.88  4.73  58 1027.1   2.0   4.8 999.0 99.0 99.00
2019 02 12 14 50  88 11.5 13.7  2.07  6.25  5.04  67 1027.2   1.8   4.8 999.0 99.0 99.00
2019 02 12 15 50  87 13.1 15.5  2.14  6.67  5.13  68 1025.4   1.7   4.9 999.0 99.0 99.00
2019 02 12 16 50  84 12.8 15.9  2.40  6.25  5.31  74 1024.6   1.7   4.9 999.0 99.0 99.00
2019 02 12 17 50  79 13.1 15.6  2.66  7.14  5.58  85 1022.6   1.8   4.9 999.0 99.0 99.00
2019 02 12 18 50  86 14.3 17.7  2.78  7.14  5.75  90 1019.8   2.4   4.9 999.0 99.0 99.00
2019 02 12 19 50  81 12.8 15.6  3.11  7.69  5.97  91 1019.9   2.7   4.9 999.0 99.0 99.00
2019 02 12 20 50  86 13.2 15.4  3.28  7.14  6.03  74 1018.4   3.0   4.9 999.0 99.0 99.00
2019 02 12 21 50  91 12.9 15.9  3.02  7.69  5.97  88 1016.4   3.5   4.9 999.0 99.0 99.00
2019 02 12 22 50  83 12.4 15.2  3.15  7.69  6.09  92 1014.9   4.0   4.9 999.0 99.0 99.00
2019 02 12 23 50  96 11.9 14.1  3.19  7.69  6.08  96 1012.5   4.8   4.7 999.0 99.0 99.00
2019 02 13 00 50 108 11.0 13.1  3.20  8.33  6.27  97 1010.4   6.1   4.7 999.0 99.0 99.00
2019 02 13 01 50 111 11.6 14.3  2.94  7.69  5.87  92 1007.6   6.6   4.6 999.0 99.0 99.00
2019 02 13 02 50 123  9.8 11.5  3.18  7.69  6.16 107 1006.3   7.0   4.6 999.0 99.0 99.00
2019 02 13 03 50 138  8.3  9.6  3.19  8.33  6.38 122 1004.5   7.2   4.6 999.0 99.0 99.00
2019 02 13 04 50 156  4.4  6.9  3.04  9.09  6.27 124 1002.5   7.6   4.6 999.0 99.0 99.00
2019 02 13 05 50 242  3.5  4.9  2.80  9.09  6.58 128 1002.3   7.3   4.6 999.0 99.0 99.00
2019 02 13 06 50 195  4.4  5.2  2.78  9.09  6.65 119 1000.8   6.5   4.6 999.0 99.0 99.00
2019 02 13 07 50 222  4.3  5.3  2.82  9.09  6.75 119  999.3   6.6   4.7 999.0 99.0 99.00
2019 02 13 08 50 258  5.6  7.9  2.49  9.09  6.64 119  999.7   6.0   4.8 999.0 99.0 99.00
2019 02 13 09 50 278  5.3  7.4  2.26  9.09  6.52 116 1000.9   4.3   4.8 999.0 99.0 99.00
2019 02 13 10 50 277  9.8 11.8  2.15  9.09  6.21 120 1002.6   4.1   4.8 999.0 99.0 99.00
2019 02 13 11 50 273  9.4 11.9  2.31  9.09  5.94 113 1003.5   4.2   4.8 999.0 99.0 99.00
2019 02 13 12 50 277  8.6 10.4  2.29  9.09  6.12 119 1004.2   4.6   4.8 999.0 99.0 99.00
2019 02 13 13 50 275 10.0 11.9  2.23 10.00  5.79 125 1004.5   4.8   4.8 999.0 99.0 99.00
2019 02 13 14 50 275  9.8 12.7  2.42 10.00  6.07 119 1005.0   4.6   4.8 999.0 99.0 99.00
2019 02 13 15 50 282  9.0 11.2  2.10 10.00  5.57 135 1005.5   4.9   4.8 999.0 99.0 99.00
2019 02 13 16 50 278 11.7 14.9  2.08  9.09  5.63 118 1005.5   5.4   4.8 999.0 99.0 99.00
2019 02 13 17 50 275 10.5 12.4  1.98 10.00  5.31 127 1005.1   5.4   4.8 999.0 99.0 99.00
2019 02 13 18 50 282 10.4 12.7  1.99  9.09  5.24 126 1004.9   5.2   4.8 999.0 99.0 99.00
2019 02 13 19 50 269 10.2 12.8  1.99 10.00  5.37 126 1005.8   5.3   4.8 999.0 99.0 99.00
2019 02 13 20 50 278 10.1 12.2  2.30  5.88  5.46 260 1006.2   5.2   4.8 999.0 99.0 99.00
2019 02 13 21 50 269 12.5 14.6  2.31  5.88  5.67 266 1006.5   5.2   4.7 999.0 99.0 99.00
2019 02 13 22 50 288 13.8 16.9  2.39  5.88  5.34 257 1007.2   3.7   4.7 999.0 99.0 99.00
2019 02 13 23 50 277 13.4 16.0  2.50  5.56  5.38 282 1008.7   3.8   4.7 999.0 99.0 99.00
2019 02 14 00 50 276 12.8 15.8  2.36  5.88  5.33 285 1009.4   3.5   4.6 999.0 99.0 99.00
2019 02 14 01 50 276 12.7 15.6  2.46  6.25  5.35 282 1010.4   3.4   4.6 999.0 99.0 99.00
2019 02 14 02 50 273 12.8 16.8  2.16  5.56  5.18 271 1010.7   3.1   4.6 999.0 99.0 99.00
2019 02 14 03 50 266 11.8 14.6  2.26  5.56  5.38 267 1011.1   3.2   4.6 999.0 99.0 99.00
2019 02 14 04 50 263 12.7 15.3  2.10  5.56  5.07 262 1011.4   3.3   4.5 999.0 99.0 99.00
2019 02 14 05 50 271 12.9 16.8  2.10  5.26  5.05 260 1011.5   3.2   4.5 999.0 99.0 99.00
2019 02 14 06 50 273 12.3 16.1  1.95  5.26  4.91 272 1012.0   2.9   4.4 999.0 99.0 99.00
2019 02 14 07 50 279 13.0 15.6  2.05  5.26  4.85 269 1012.4   2.8   4.4 999.0 99.0 99.00
2019 02 14 08 50 281 12.8 15.5  1.97  5.56  4.93 257 1013.1   2.7   4.4 999.0 99.0 99.00
2019 02 14 09 50 283 13.3 16.0  1.95  5.00  4.74 269 1014.3   2.7   4.4 999.0 99.0 99.00
2019 02 14 10 50 284 13.6 16.4  1.98  5.26  4.81 282 1015.3   2.5   4.4 999.0 99.0 99.00
2019 02 14 11 50 288 13.1 16.1  2.17  5.26  4.90 285 1016.1   2.5   4.4 999.0 99.0 99.00
2019 02 14 12 50 282 10.4 12.4  1.92  5.56  4.77 291 1017.3   2.7   4.4 999.0 99.0 99.00
2019 02 14 13 50 273  8.6 11.5  1.80  5.88  4.85 248 1017.5   2.7   4.4 999.0 99.0 99.00
2019 02 14 14 50 275  9.7 11.8  1.62  5.56  4.75 275 1017.8   2.7   4.4 999.0 99.0 99.00
2019 02 14 15 50 274  7.4  9.2  1.57  4.76  4.55 278 1018.0   2.7   4.4 999.0 99.0 99.00
2019 02 14 16 50 278  6.7  8.3  1.43  5.88  4.50 214 1018.2   3.0   4.5 999.0 99.0 99.00
2019 02 14 17 50 278  7.2  8.5  1.27  5.88  4.57 210 1017.7   3.5   4.5 999.0 99.0 99.00
2019 02 14 18 50 278  4.3  5.4  1.16  5.56  4.46 208 1017.7   3.9   4.6 999.0 99.0 99.00
2019 02 14 19 50 275  2.6  3.6  1.06  5.00  4.36 221 1017.5   4.3   4.6 999.0 99.0 99.00
2019 02 14 20 50 239  3.2  3.9  0.92  4.00  4.36 267 1018.4   4.3   4.7 999.0 99.0 99.00
2019 02 14 21 50 217  2.8  3.4  0.78  3.70  4.17 263 1018.3   5.1   4.6 999.0 99.0 99.00
2019 02 14 22 50 199  3.2  4.0  0.73  8.33  4.32 170 1018.0   5.3   4.5 999.0 99.0 99.00
2019 02 14 23 50 179  2.7  3.1  0.65  8.33  4.09 162 1018.0   5.3   4.5 999.0 99.0 99.00
2019 02 15 00 50 164  3.4  3.8  0.63  8.33  4.24 176 1018.2   5.4   4.5 999.0 99.0 99.00
2019 02 15 01 50 211  4.1  4.7  0.61  8.33  4.31 187 1017.8   5.5   4.5 999.0 99.0 99.00
2019 02 15 02 50 196  4.4  5.2  0.49  7.14  4.27 194 1018.1   5.5   4.5 999.0 99.0 99.00
2019 02 15 03 50 192  6.7  7.6  0.53  8.33  4.01 168 1017.5   5.9   4.5 999.0 99.0 99.00
2019 02 15 04 50 180  6.9  7.8  0.68  6.25  3.79 173 1017.0   6.1   4.5 999.0 99.0 99.00
2019 02 15 05 50 165  5.2  5.9  0.68  3.57  3.73 202 1016.8   6.4   4.6 999.0 99.0 99.00
2019 02 15 06 50 148  5.9  6.8  0.67  3.23  3.81 191 1015.9   6.3   4.6 999.0 99.0 99.00
2019 02 15 07 50 151  7.1  8.1  0.70  4.17  3.81 191 1014.6   6.5   4.7 999.0 99.0 99.00
2019 02 15 08 50 152  7.0  8.3  0.78  3.70  3.65 200 1013.6   6.5   4.8 999.0 99.0 99.00
2019 02 15 09 50 161 10.0 12.3  0.84  3.85  3.75 175 1012.4   7.5   4.8 999.0 99.0 99.00
2019 02 15 10 50 164 10.7 12.8  1.12  4.17  3.91 173 1011.5   7.8   4.8 999.0 99.0 99.00
2019 02 15 11 50 177 10.1 12.3  1.34  5.00  4.24 156 1011.0   8.4   4.8 999.0 99.0 99.00
2019 02 15 12 50 188  9.9 12.0  1.33  5.00  4.29 165 1011.1   8.7   4.7 999.0 99.0 99.00
2019 02 15 13 50 180 10.0 11.3  1.48  5.26  4.55 166 1010.2   8.5   4.7 999.0 99.0 99.00
2019 02 15 14 50 185  9.5 10.9  1.51  5.26  4.52 168 1009.7   8.6   4.7 999.0 99.0 99.00
2019 02 15 15 50 188  9.4 10.6  1.45  5.26  4.33 179 1009.1   8.8   4.8 999.0 99.0 99.00
2019 02 15 16 50 195  9.4 11.3  1.45  5.26  4.42 182 1008.0   8.8   4.8 999.0 99.0 99.00
2019 02 15 17 50 194 10.4 12.2  1.72  5.26  4.57 179 1006.4   9.1   4.8 999.0 99.0 99.00
2019 02 15 18 50 188 11.1 13.5  1.65  5.56  4.63 185 1004.7   8.9   4.8 999.0 99.0 99.00
2019 02 15 19 50 194 10.0 11.5  1.68  5.56  4.57 187 1004.2   8.9   4.8 999.0 99.0 99.00
2019 02 15 20 50 213  8.0  8.9  1.77  5.88  4.78 201 1004.6   8.2   4.8 999.0 99.0 99.00
2019 02 15 21 50 210  8.1  9.3  1.67  5.88  4.83 196 1004.2   8.1   4.8 999.0 99.0 99.00
2019 02 15 22 50 201  8.3  9.6  1.89  5.88  5.15 186 1004.4   7.9   4.8 999.0 99.0 99.00
2019 02 15 23 50 201  8.4  9.5  1.76  5.88  5.12 177 1004.8   7.9   4.8 999.0 99.0 99.00
2019 02 16 00 50 211  8.0  9.0  1.70  6.25  5.06 181 1004.9   7.8   4.8 999.0 99.0 99.00
2019 02 16 01 50 213  7.4  8.5  1.58  6.25  4.99 177 1004.6   7.6   4.9 999.0 99.0 99.00
2019 02 16 02 50 215  7.2  8.1  1.66  6.67  5.05 178 1004.3   7.5   4.9 999.0 99.0 99.00
2019 02 16 03 50 241  6.7  7.8  1.61  6.67  5.05 171 1004.4   7.2   4.9 999.0 99.0 99.00
2019 02 16 04 50 247  6.1  7.2  1.56  7.14  5.08 164 1004.9   6.9   4.9 999.0 99.0 99.00
2019 02 16 05 50 280  5.1  6.3  1.65  6.67  5.30 160 1005.3   7.8   4.8 999.0 99.0 99.00
2019 02 16 06 50 326  7.1  8.7  1.51  7.14  5.16 147 1006.0   7.4   4.8 999.0 99.0 99.00
2019 02 16 07 50 324  5.7  7.6  1.27  7.14  4.79 141 1006.5   6.6   4.8 999.0 99.0 99.00
2019 02 16 08 50 328  6.0  7.2  1.46  7.69  5.32 156 1007.1   6.2   4.7 999.0 99.0 99.00
2019 02 16 09 50 327  7.4  8.7  1.57  7.69  5.43 159 1007.7   5.6   4.7 999.0 99.0 99.00
2019 02 16 10 50 321  8.1 10.0  1.55  7.69  5.37 154 1008.3   5.0   4.8 999.0 99.0 99.00
2019 02 16 11 50 339  7.8  9.2  1.60  8.33  5.41 155 1009.3   4.2   4.8 999.0 99.0 99.00
2019 02 16 12 50 327  9.9 12.1  1.66  8.33  5.40 150 1010.4   3.4   4.8 999.0 99.0 99.00
2019 02 16 13 50 318  8.8 11.1  1.69  9.09  5.14 161 1011.1   2.9   4.8 999.0 99.0 99.00
2019 02 16 14 50 319  7.9  9.6  1.58  9.09  5.30 164 1011.0   2.5   4.8 999.0 99.0 99.00
2019 02 16 15 50 322  7.3  9.2  1.46  8.33  5.09 154 1011.5   2.5   4.8 999.0 99.0 99.00
2019 02 16 16 50 322  6.5  7.9  1.33  9.09  5.25 154 1011.2   2.8   4.9 999.0 99.0 99.00
2019 02 16 17 50 320  5.8  7.4  1.22  8.33  5.28 153 1010.8   3.2   4.9 999.0 99.0 99.00
2019 02 16 18 50 309  5.6  6.6  1.26  7.69  5.60 166 1010.6   3.6   5.0 999.0 99.0 99.00
2019 02 16 19 50 312  5.5  6.9  1.17  7.69  5.41 144 1010.2   4.1   5.0 999.0 99.0 99.00
2019 02 16 20 50 310  5.4  6.7  1.00  8.33  5.27 159 1010.8   4.8   5.0 999.0 99.0 99.00
2019 02 16 21 50 336  6.8  7.8  0.97  8.33  4.90 150 1010.3   5.1   5.0 999.0 99.0 99.00
2019 02 16 22 50 333  6.7  8.3  1.05  8.33  5.01 143 1011.8   5.2   4.9 999.0 99.0 99.00
2019 02 16 23 50 334  6.8  8.2  0.94  7.69  4.59 154 1013.0   5.0   4.9 999.0 99.0 99.00
2019 02 17 00 50 332  7.5  9.2  0.93  7.69  4.41 157 1013.3   4.8   4.9 999.0 99.0 99.00
2019 02 17 01 50 338  7.9  9.0  0.91  8.33  4.26 139 1014.0   4.6   4.9 999.0 99.0 99.00
2019 02 17 02 50  18  8.6 10.5  0.93  7.69  4.43 142 1014.9   3.9   4.9 999.0 99.0 99.00
2019 02 17 03 50 359  9.5 11.2  0.95  7.69  3.80 133 1015.5   2.7   4.8 999.0 99.0 99.00
2019 02 17 04 50 355 10.0 11.7  1.14  3.70  3.93 354 1015.9   1.8   4.8 999.0 99.0 99.00
2019 02 17 05 50 345  9.5 11.3  1.25  4.55  4.19 354 1016.6   1.1   4.8 999.0 99.0 99.00
2019 02 17 06 50 350  9.9 11.8  1.34  4.35  4.29   9 1016.5   0.4   4.8 999.0 99.0 99.00
2019 02 17 07 50 356  9.6 11.6  1.33  4.76  4.34 360 1016.7   0.0   4.7 999.0 99.0 99.00
2019 02 17 08 50 360  8.4 10.1  1.29  4.35  4.29  10 1017.1  -0.6   4.6 999.0 99.0 99.00
2019 02 17 09 50   2  7.8  9.4  1.18  4.55  4.29   4 1018.2  -0.8   4.6 999.0 99.0 99.00
2019 02 17 10 50   9  7.3  9.1  1.12  4.35  4.16 357 1018.3  -0.9   4.6 999.0 99.0 99.00
2019 02 17 11 50  23  8.1  9.6  1.14  4.35  4.18  10 1018.3  -1.0   4.6 999.0 99.0 99.00
2019 02 17 12 50  15  6.1  8.3  1.04  4.17  4.17  27 1020.7  -0.9   4.6 999.0 99.0 99.00
2019 02 17 13 50  50  4.9  6.3  0.89  3.85  4.15  18 1021.4  -0.7   4.6 999.0 99.0 99.00
2019 02 17 14 50  34  4.9  6.1  0.88  7.69  4.26 106 1021.4  -0.8   4.6 999.0 99.0 99.00
2019 02 17 15 50  68  4.4  5.7  0.83  7.69  4.39 117 1020.9  -0.5   4.7 999.0 99.0 99.00
2019 02 17 16 50  61  4.5  6.1  0.83  7.69  4.52 111 1019.6  -0.4   4.8 999.0 99.0 99.00
2019 02 17 17 50  54  1.1  2.1  0.83  7.69  4.56 123 1021.1   0.4   4.9 999.0 99.0 99.00
2019 02 17 18 50   4  2.8  3.7  0.80  8.33  4.87 167 1020.1   0.1   4.9 999.0 99.0 99.00
2019 02 17 19 50  10  1.8  2.5  0.69  7.14  4.70  77 1020.3   0.1   4.8 999.0 99.0 99.00
2019 02 17 20 50 107  0.9  1.6  0.79  7.69  5.19 127 1018.6   0.4   4.7 999.0 99.0 99.00
2019 02 17 21 50 129  2.1  3.1  0.69  8.33  5.27 119 1017.8   0.6   4.7 999.0 99.0 99.00
2019 02 17 22 50 114  1.3  2.3  0.66  9.09  5.38 117 1018.6   0.9   4.6 999.0 99.0 99.00
2019 02 17 23 50 145  2.3  3.1  0.69  8.33  5.89 129 1018.4   1.2   4.6 999.0 99.0 99.00
2019 02 18 00 50 135  2.6  3.4  0.67  8.33  5.93 129 1017.1   1.7   4.6 999.0 99.0 99.00
2019 02 18 01 50 120  1.4  2.0  0.64  9.09  5.84 120 1016.7   2.3   4.6 999.0 99.0 99.00
2019 02 18 02 50 169  2.2  2.7  0.61  8.33  5.81 114 1016.4   3.0   4.6 999.0 99.0 99.00
2019 02 18 03 50 166  3.7  4.3  0.62  8.33  6.11 132 1015.4   3.7   4.6 999.0 99.0 99.00
2019 02 18 04 50 156  8.4 10.0  0.68  8.33  5.02 110 1012.7   3.7   4.6 999.0 99.0 99.00
2019 02 18 05 50 184  1.3  2.1  0.78  7.69  4.79 129 1013.8   3.1   4.6 999.0 99.0 99.00
2019 02 18 06 50 127  1.0  1.9  0.78  8.33  4.73 157 1013.1   3.4   4.6 999.0 99.0 99.00
2019 02 18 07 50 128  4.2  5.4  0.80  8.33  4.82 152 1011.4   3.7   4.6 999.0 99.0 99.00
2019 02 18 08 50 101  3.5  4.4  0.78  9.09  4.70 150 1011.1   4.0   4.6 999.0 99.0 99.00
2019 02 18 09 50  75  4.8  5.9  0.74  8.33  4.65 126 1009.9   4.2   4.6 999.0 99.0 99.00
2019 02 18 10 50  71  6.2  7.2  0.83  7.69  4.68 144 1009.1   3.9   4.6 999.0 99.0 99.00
2019 02 18 11 50  74  7.1  8.5  0.84  8.33  4.11 131 1008.1   3.9   4.6 999.0 99.0 99.00
2019 02 18 12 50  92  6.5  7.8  0.96  8.33  4.30 128 1007.9   4.1   4.6 999.0 99.0 99.00
2019 02 18 13 50  99  3.4  4.0  1.01  8.33  4.66 155 1009.1   4.3   4.6 999.0 99.0 99.00
2019 02 18 14 50 180  0.6  1.2  1.07  5.00  4.78  66 1009.1   4.6   4.6 999.0 99.0 99.00
2019 02 18 15 50 261  3.5  6.9  1.04  9.09  5.01 146 1009.6   4.9   4.7 999.0 99.0 99.00
2019 02 18 16 50 288 12.0 14.5  1.05  5.26  4.42  82 1009.8   4.6   4.7 999.0 99.0 99.00
2019 02 18 17 50 293  9.8 12.5  1.17  5.26  4.27  87 1010.5   4.5   4.7 999.0 99.0 99.00
2019 02 18 18 50 286 11.5 13.9  1.28  4.00  4.22 286 1010.9   5.1   4.7 999.0 99.0 99.00
2019 02 18 19 50 284 11.3 13.6  1.30  4.35  4.29 294 1011.2   5.3   4.7 999.0 99.0 99.00
2019 02 18 20 50 284 12.4 15.2  1.45  5.00  4.40 285 1012.0   5.3   4.7 999.0 99.0 99.00
2019 02 18 21 50 290 13.6 16.3  1.74  5.26  4.73 290 1013.5   5.1   4.7 999.0 99.0 99.00
2019 02 18 22 50 303 14.5 17.8  2.07  5.56  5.02 286 1015.4   4.4   4.7 999.0 99.0 99.00
2019 02 18 23 50 302 13.8 16.5  2.04  6.25  5.00 291 1018.0   3.4   4.7 999.0 99.0 99.00
2019 02 19 00 50 316 13.7 16.1  2.11  5.88  5.00 291 1020.3   1.9   4.7 999.0 99.0 99.00
2019 02 19 01 50 320 12.8 15.9  1.77  5.88  4.73 295 1022.0   1.1   4.6 999.0 99.0 99.00
2019 02 19 02 50 321 11.7 13.5  1.91  5.88  4.87 300 1023.2   0.5   4.6 999.0 99.0 99.00
2019 02 19 03 50 310 13.6 15.9  1.80  6.25  4.65 293 1024.1  -0.1   4.6 999.0 99.0 99.00
2019 02 19 04 50 320 12.7 15.7  1.66  5.56  4.57 298 1025.4  -0.3   4.6 999.0 99.0 99.00
2019 02 19 05 50 321 12.3 14.4  1.54  5.88  4.52 287 1026.8  -1.1   4.5 999.0 99.0 99.00
2019 02 19 06 50 330 11.0 13.8  1.37  5.26  4.37 294 1028.4  -1.5   4.5 999.0 99.0 99.00
2019 02 19 07 50 325 10.7 12.7  1.45  5.56  4.46 292 1029.1  -2.0   4.5 999.0 99.0 99.00
2019 02 19 08 50 329 10.0 12.6  1.35  5.56  4.37 290 1029.6  -2.1   4.4 999.0 99.0 99.00
2019 02 19 09 50 332 10.0 12.4  1.32  5.56  4.36 292 1030.0  -1.9   4.4 999.0 99.0 99.00
2019 02 19 10 50 323  9.7 11.9  1.40  5.26  4.29 297 1030.9  -2.2   4.4 999.0 99.0 99.00
2019 02 19 11 50 319  6.6  9.2  1.19  5.26  4.13 296 1032.3  -2.4   4.3 999.0 99.0 99.00
2019 02 19 12 50 332  6.1  8.6  1.00  5.00  3.94 291 1033.7  -2.3   4.3 999.0 99.0 99.00
2019 02 19 13 50 320  5.6  7.4  0.92  4.76  3.93 296 1034.5  -2.5   4.3 999.0 99.0 99.00
2019 02 19 14 50 313  6.4  8.1  0.87  4.55  3.84 297 1034.6  -2.4   4.4 999.0 99.0 99.00
2019 02 19 15 50 318  6.3  7.6  0.79  4.55  3.81 291 1035.3  -2.3   4.4 999.0 99.0 99.00
2019 02 19 16 50 302  5.8  7.7  0.69  4.35  3.68 292 1035.3  -2.1   4.5 999.0 99.0 99.00
2019 02 19 17 50 309  5.8  7.5  0.62  3.57  3.54 298 1035.0  -1.5   4.5 999.0 99.0 99.00
2019 02 19 18 50 308  6.0  7.9  0.62  4.17  3.66 289 1034.4  -1.2   4.5 999.0 99.0 99.00
2019 02 19 19 50 301  6.4  8.7  0.60  3.85  3.65 291 1034.3  -0.5   4.6 999.0 99.0 99.00
2019 02 19 20 50 317  6.7  8.4  0.64  4.17  3.75 287 1034.2   0.2   4.5 999.0 99.0 99.00
2019 02 19 21 50 317  6.9  8.3  0.70  4.00  3.75 293 1033.8   0.8   4.4 999.0 99.0 99.00
2019 02 19 22 50 316  5.2  6.1  0.71  4.00  3.87 290 1034.4   1.4   4.3 999.0 99.0 99.00
2019 02 19 23 50 322  4.8  6.1  0.66  3.85  3.78 283 1035.2   1.7   4.2 999.0 99.0 99.00
2019 02 20 00 50 324  6.0  7.4  0.62  9.09  3.78 112 1035.4   1.9   4.2 999.0 99.0 99.00
2019 02 20 01 50 323  6.6  7.9  0.61  8.33  3.65 112 1035.4   2.0   4.3 999.0 99.0 99.00
2019 02 20 02 50 328  7.2  8.8  0.62  9.09  3.53  98 1035.9   1.7   4.3 999.0 99.0 99.00
2019 02 20 03 50 338  6.0  7.7  0.67  3.57  3.57 298 1035.8   1.3   4.3 999.0 99.0 99.00
2019 02 20 04 50 346  6.9  7.9  0.65  8.33  3.50  98 1035.4   1.0   4.3 999.0 99.0 99.00
2019 02 20 05 50 356  5.1  6.2  0.73  8.33  3.82 100 1036.0   0.7   4.3 999.0 99.0 99.00
2019 02 20 06 50  32  4.6  7.1  0.70  8.33  4.02 112 1036.0   0.2   4.3 999.0 99.0 99.00
2019 02 20 07 50  19  3.3  4.8  0.62  7.69  4.05 106 1036.5  -0.2   4.2 999.0 99.0 99.00
2019 02 20 08 50  24  4.0  5.2  0.57  7.69  3.84  84 1036.4  -0.4   4.1 999.0 99.0 99.00
2019 02 20 09 50  31  4.5  5.8  0.57  7.69  3.93 107 1036.3  -0.8   4.0 999.0 99.0 99.00
2019 02 20 10 50  39  4.4  5.5  0.55  8.33  3.98  82 1035.8  -1.1   3.8 999.0 99.0 99.00
2019 02 20 11 50  43  4.5  6.4  0.45  8.33  3.73  92 1035.8  -1.3   3.8 999.0 99.0 99.00
2019 02 20 12 50  45  4.8  6.2  0.50  8.33  3.84  47 1036.6  -1.1   3.8 999.0 99.0 99.00
2019 02 20 13 50  54  4.9  7.9  0.55  8.33  3.64 127 1036.5  -1.3   4.0 999.0 99.0 99.00
2019 02 20 14 50  67  5.1  6.8  0.56  3.85  3.77  55 1035.8  -1.0   4.0 999.0 99.0 99.00
2019 02 20 15 50  72  3.5  4.4  0.58  4.17  3.87  54 1036.3  -0.7   4.1 999.0 99.0 99.00
2019 02 20 16 50 142  2.0  3.5  0.50  9.09  3.91  98 1035.9  -0.3   4.2 999.0 99.0 99.00
2019 02 20 17 50 140  2.2  3.0  0.43  9.09  4.14  98 1034.8  -1.8   4.2 999.0 99.0 99.00
2019 02 20 18 50 117  4.7  5.7  0.41  7.69  4.07  87 1033.0  -1.3   4.2 999.0 99.0 99.00
2019 02 20 19 50 112  6.8  8.1  0.42  7.69  3.82 116 1031.4  -0.4   4.2 999.0 99.0 99.00
2019 02 20 20 50 113  7.7  9.0  0.54  9.09  3.25  93 1030.6   0.1   4.2 999.0 99.0 99.00
2019 02 20 21 50 112  8.0  9.4  0.65  2.86  3.27 108 1029.3   0.3   4.1 999.0 99.0 99.00
2019 02 20 22 50 107  8.1  9.5  0.78  3.45  3.39 105 1028.1   0.9   4.1 999.0 99.0 99.00
2019 02 20 23 50 116  9.6 11.3  0.90  3.85  3.57 105 1026.6   1.9   4.1 999.0 99.0 99.00
2019 02 21 00 50 125 10.1 12.5  1.12  4.17  3.86 110 1024.8   2.8   4.2 999.0 99.0 99.00
2019 02 21 01 50 123 10.0 12.1  1.31  4.76  4.19 115 1023.3   3.5   4.2 999.0 99.0 99.00
2019 02 21 02 50 122  9.4 11.0  1.52  5.26  4.49 121 1021.1   4.2   4.3 999.0 99.0 99.00
2019 02 21 03 50 117  7.3  8.6  1.64  5.26  4.71 124 1019.9   5.0   4.4 999.0 99.0 99.00
2019 02 21 04 50 115  6.8  8.1  1.66  5.88  4.93 114 1017.0   5.4   4.4 999.0 99.0 99.00
2019 02 21 05 50  34  8.3  9.3  1.75  5.88  5.15 126 1016.7   5.0   4.4 999.0 99.0 99.00
2019 02 21 06 50  89 10.1 12.7  1.72  6.67  5.03 114 1012.8   5.3   4.5 999.0 99.0 99.00
2019 02 21 07 50 109  6.6  7.9  1.78  6.25  5.14 118 1011.2   5.7   4.5 999.0 99.0 99.00
2019 02 21 08 50 194  4.3  5.1  2.02  6.67  5.43 128 1010.3   7.2   4.4 999.0 99.0 99.00
2019 02 21 09 50 252  7.0  8.8  1.73  7.14  5.41 138 1011.0   6.5   4.3 999.0 99.0 99.00
2019 02 21 10 50 301  7.0  8.6  1.60  7.14  5.32 129 1011.8   3.6   4.3 999.0 99.0 99.00
2019 02 21 11 50 291  6.1  7.3  1.61  7.14  5.16 127 1012.2   3.4   4.3 999.0 99.0 99.00
2019 02 21 12 50 285  7.7  9.2  1.43  7.14  4.97 129 1013.4   3.5   4.3 999.0 99.0 99.00
2019 02 21 13 50 271  8.7 10.8  1.34  7.14  4.78 113 1013.6   3.4   4.3 999.0 99.0 99.00
2019 02 21 14 50 271  9.0 10.3  1.43  7.14  4.70 109 1013.7   3.7   4.3 999.0 99.0 99.00
2019 02 21 15 50 272  9.3 11.5  1.46  7.69  4.71 111 1014.3   4.7   4.4 999.0 99.0 99.00
2019 02 21 16 50 267  8.6 10.3  1.57  7.14  4.75 129 1014.6   4.7   4.4 999.0 99.0 99.00
2019 02 21 17 50 268  7.8  9.6  1.69  9.09  5.10 145 1014.4   5.3   4.5 999.0 99.0 99.00
2019 02 21 18 50 268  7.4  8.7  1.83  9.09  5.63 151 1014.2   6.0   4.6 999.0 99.0 99.00
2019 02 21 19 50 280  6.4  7.7  1.80  9.09  5.63 147 1014.4   6.2   4.6 999.0 99.0 99.00
2019 02 21 20 50 260  4.7  5.8  1.73  9.09  6.26 159 1014.9   6.4   4.6 999.0 99.0 99.00
2019 02 21 21 50 271  5.5  6.5  1.62  9.09  6.19 167 1015.1   7.0   4.6 999.0 99.0 99.00
2019 02 21 22 50 255  5.3  5.9  1.61  9.09  6.18 163 1015.6   6.6   4.5 999.0 99.0 99.00
2019 02 21 23 50 266  5.6  6.4  1.68  9.09  6.42 176 1016.7   6.9   4.4 999.0 99.0 99.00
2019 02 22 00 50 253  5.2  5.9  1.62  9.09  6.49 167 1017.6   6.4   4.4 999.0 99.0 99.00
2019 02 22 01 50 267  5.8  7.1  1.72  9.09  6.48 157 1018.0   6.7   4.4 999.0 99.0 99.00
2019 02 22 02 50 274  5.5  6.3  1.76  8.33  6.42 161 1018.6   6.7   4.4 999.0 99.0 99.00
2019 02 22 03 50 259  5.0  5.7  1.57  9.09  6.27 159 1019.2   6.3   4.4 999.0 99.0 99.00
2019 02 22 04 50 259  6.1  6.9  1.44  9.09  6.14 153 1020.4   6.2   4.5 999.0 99.0 99.00
2019 02 22 05 50 276  5.6  6.4  1.37  8.33  6.05 156 1020.9   6.4   4.5 999.0 99.0 99.00
2019 02 22 06 50 311  5.2  6.1  1.23  9.09  5.61 171 1022.4   6.1   4.5 999.0 99.0 99.00
2019 02 22 07 50 319  8.1  9.3  1.19  8.33  5.67 155 1022.7   5.9   4.5 999.0 99.0 99.00
2019 02 22 08 50 317 10.7 12.5  1.24  9.09  5.04 172 1022.6   5.2   4.5 999.0 99.0 99.00
2019 02 22 09 50 323  8.8 11.2  1.33  8.33  4.59 177 1023.5   5.0   4.4 999.0 99.0 99.00
2019 02 22 10 50 313  7.7  9.0  1.20  9.09  4.66 160 1024.4   4.8   4.3 999.0 99.0 99.00
2019 02 22 11 50 318  8.1  9.5  1.17  8.33  4.71 168 1024.9   4.7   4.2 999.0 99.0 99.00
2019 02 22 12 50 320  8.2  9.5  1.01  8.33  4.50 186 1025.6   4.6   4.2 999.0 99.0 99.00
2019 02 22 13 50 317  7.4  8.8  0.99  8.33  4.55 171 1027.1   4.7   4.2 999.0 99.0 99.00
2019 02 22 14 50 325  7.5  8.8  0.85  8.33  4.10 161 1027.1   4.5   4.2 999.0 99.0 99.00
2019 02 22 15 50 326  6.4  7.5  0.83  8.33  4.18 170 1028.2   4.5   4.3 999.0 99.0 99.00
2019 02 22 16 50 329  5.6  6.9  0.74  9.09  4.23 135 1028.0   4.4   4.3 999.0 99.0 99.00
2019 02 22 17 50 335  3.7  4.4  0.67  8.33  4.06 155 1027.3   4.5   4.3 999.0 99.0 99.00
2019 02 22 18 50 352  1.7  2.3  0.59  8.33  4.23 159 1027.4   4.6   4.3 999.0 99.0 99.00
2019 02 22 19 50 301  3.4  4.1  0.61  8.33  4.77 138 1028.0   4.8   4.4 999.0 99.0 99.00
2019 02 22 20 50 297  2.6  3.1  0.52  8.33  4.77 132 1028.3   4.9   4.4 999.0 99.0 99.00
2019 02 22 21 50 272  2.7  3.2  0.50  7.69  4.89 169 1028.3   4.8   4.4 999.0 99.0 99.00
2019 02 22 22 50 292  3.1  3.6  0.49  7.69  5.10 174 1028.8   4.9   4.3 999.0 99.0 99.00
2019 02 22 23 50 324  2.8  3.7  0.51  7.69  5.32 181 1029.8   4.9   3.9 999.0 99.0 99.00
2019 02 23 00 50 346  3.4  4.0  0.45  7.69  5.40 158 1030.0   4.7   3.8 999.0 99.0 99.00
2019 02 23 01 50 346  2.2  2.7  0.46  7.69  5.21 174 1030.5   4.4   3.8 999.0 99.0 99.00
2019 02 23 02 50  23  3.6  4.8  0.43  8.33  5.16 160 1030.4   4.3   3.7 999.0 99.0 99.00
2019 02 23 03 50   7  5.4  6.3  0.38  8.33  5.06 240 1030.4   4.1   3.7 999.0 99.0 99.00
2019 02 23 04 50   3  5.8  7.4  0.45  8.33  3.74 148 1030.8   3.7   3.8 999.0 99.0 99.00
2019 02 23 05 50   6  6.7  7.7  0.50  8.33  3.34 149 1031.6   3.6   3.9 999.0 99.0 99.00
2019 02 23 06 50   9  6.2  7.3  0.54  3.03  3.37  27 1031.8   3.2   3.9 999.0 99.0 99.00
2019 02 23 07 50   9  6.5  7.6  0.62  3.23  3.30  13 1032.3   2.9   3.9 999.0 99.0 99.00
2019 02 23 08 50  26  6.0  7.0  0.65  3.45  3.42  24 1031.8   2.6   3.9 999.0 99.0 99.00
2019 02 23 09 50  38  6.4  7.6  0.57  3.23  3.39  11 1031.4   2.4   3.7 999.0 99.0 99.00
2019 02 23 10 50  37  6.4  7.6  0.62  3.33  3.47  17 1031.8   2.3   3.7 999.0 99.0 99.00
2019 02 23 11 50  42  5.6  6.6  0.57  3.45  3.48  28 1031.9   2.4   3.7 999.0 99.0 99.00
2019 02 23 12 50  43  5.6  6.5  0.58  3.45  3.52  36 1032.4   2.5   3.8 999.0 99.0 99.00
2019 02 23 13 50  44  5.8  7.0  0.60  3.57  3.58  46 1032.3   2.5   3.9 999.0 99.0 99.00
2019 02 23 14 50  63  5.4  6.7  0.64  3.57  3.57  42 1031.9   2.7   4.0 999.0 99.0 99.00
2019 02 23 15 50  68  5.2  6.7  0.64  3.33  3.76  39 1031.6   3.1   4.1 999.0 99.0 99.00
2019 02 23 16 50  56  3.4  4.1  0.58  3.85  3.85  55 1031.7   3.5   4.2 999.0 99.0 99.00
2019 02 23 17 50  37  5.3  6.2  0.57  9.09  3.92 135 1030.0   3.5   4.2 999.0 99.0 99.00
2019 02 23 18 50  75  4.1  5.0  0.57  7.69  4.08 119 1029.5   4.4   4.2 999.0 99.0 99.00
2019 02 23 19 50  98  4.4  5.4  0.53  7.69  4.10 140 1028.8   4.5   4.2 999.0 99.0 99.00
2019 02 23 20 50  89  4.4  5.3  0.52  3.70  3.87  53 1029.1   4.5   4.5 999.0 99.0 99.00
2019 02 23 21 50  88  5.2  6.1  0.53  7.14  3.85 123 1028.1   4.4   4.5 999.0 99.0 99.00
2019 02 23 22 50  91  6.4  7.1  0.58  6.67  3.61 136 1026.9   4.4   4.4 999.0 99.0 99.00
2019 02 23 23 50 104  6.0  6.8 99.00 99.00 99.00 999 1026.5   4.6   4.4 999.0 99.0 99.00
2019 02 24 00 50  90  5.0  6.0  0.66  4.00  3.82  78 1026.5   4.8   4.4 999.0 99.0 99.00
2019 02 24 01 50  85  6.0  6.9  0.66  4.17  3.67  91 1025.5   4.8   4.5 999.0 99.0 99.00
2019 02 24 02 50  87  5.7  6.7  0.65  3.85  3.77  81 1024.5   5.0   4.5 999.0 99.0 99.00
2019 02 24 03 50  84  6.4  7.4  0.72  4.00  3.71  81 1022.8   5.1   4.5 999.0 99.0 99.00
2019 02 24 04 50  83  7.1  8.2  0.71  4.17  3.80  92 1021.6   5.2   4.5 999.0 99.0 99.00
2019 02 24 05 50  79  7.5  9.0  0.79  4.17  3.69  84 1020.2   5.3   4.5 999.0 99.0 99.00
2019 02 24 06 50  83  8.1  9.5  0.87  4.17  3.78  85 1018.6   5.5   4.6 999.0 99.0 99.00
2019 02 24 07 50  87  9.4 11.2  1.02  4.35  3.89  87 1015.8   5.8   4.6 999.0 99.0 99.00
2019 02 24 08 50  92  9.4 10.7  1.06  4.55  4.02  80 1014.0   6.4   4.6 999.0 99.0 99.00
2019 02 24 09 50  93 10.4 12.3  1.21  4.55  4.08  85 1010.7   6.7   4.5 999.0 99.0 99.00
2019 02 24 10 50 119 12.5 14.8  1.44  5.00  4.28  68 1008.7   8.5   4.5 999.0 99.0 99.00
2019 02 24 11 50 118 11.2 13.0  1.64  5.00  4.52  96 1006.5   8.0   4.6 999.0 99.0 99.00
2019 02 24 12 50 145 10.6 12.9  1.78  5.56  4.69 102 1005.6   8.5   4.6 999.0 99.0 99.00
2019 02 24 13 50 184  9.7 10.9  2.15  6.67  4.98 135 1004.9   7.5   4.7 999.0 99.0 99.00
2019 02 24 14 50 203  8.5  9.6  2.03  6.67  5.16 117 1003.4   6.6   4.8 999.0 99.0 99.00
2019 02 24 15 50 202  8.5  9.9  2.21  6.67  5.50 110 1001.8   6.1   4.8 999.0 99.0 99.00
2019 02 24 16 50 210  6.5  7.8  2.19  7.14  5.65 123 1001.3   5.9   4.8 999.0 99.0 99.00
2019 02 24 17 50 220  7.9  9.5  2.13  7.69  5.53 123  999.0   5.6   4.8 999.0 99.0 99.00
2019 02 24 18 50 215  9.3 11.0  2.11  7.69  5.66 110  997.3   5.9   4.8 999.0 99.0 99.00
2019 02 24 19 50 219  9.0 10.4  2.31  7.69  5.82 111  995.7   5.7   4.7 999.0 99.0 99.00
2019 02 24 20 50 228  9.0 11.2  2.34  7.69  5.89 131  995.2   5.7   4.7 999.0 99.0 99.00
2019 02 24 21 50 237  8.6 10.2  2.74  8.33  6.47 132  995.5   5.5   4.7 999.0 99.0 99.00
2019 02 24 22 50 234  7.0  8.3  2.67  9.09  6.59 153  995.3   5.7   4.4 999.0 99.0 99.00
2019 02 24 23 50 242  7.0  8.3  2.42  9.09  6.51 154  996.3   5.7   4.4 999.0 99.0 99.00
2019 02 25 00 50 246  6.6  8.3  2.49  8.33  6.53 149  996.4   6.1   4.3 999.0 99.0 99.00
2019 02 25 01 50 269 12.1 14.4  2.16  9.09  6.08 148  997.0   7.6   4.3 999.0 99.0 99.00
2019 02 25 02 50 279 11.9 15.5  2.31  9.09  5.93 145  997.6   7.5   4.4 999.0 99.0 99.00
2019 02 25 03 50 273 10.5 13.1  2.36  8.33  5.51 138  998.1   7.1   4.5 999.0 99.0 99.00
2019 02 25 04 50 266 15.4 20.1  2.53  5.88  5.54 272  997.7   7.4   4.5 999.0 99.0 99.00
2019 02 25 05 50 263 13.3 17.1  2.69  6.25  5.45 278  999.0   6.7   4.5 999.0 99.0 99.00
2019 02 25 06 50 270 14.6 17.7  2.93  6.67  5.69 267  999.3   6.6   4.5 999.0 99.0 99.00
2019 02 25 07 50 264 12.3 15.2  2.89  7.14  5.72 260 1000.1   6.2   4.5 999.0 99.0 99.00
2019 02 25 08 50 272 16.9 20.9  2.82  6.25  5.47 278 1000.3   5.8   4.5 999.0 99.0 99.00
2019 02 25 09 50 278 14.0 17.9  2.94  6.67  5.52 267 1001.4   5.2   4.4 999.0 99.0 99.00
2019 02 25 10 50 277 18.0 24.3  3.13  6.67  5.69 283 1002.0   4.6   4.4 999.0 99.0 99.00
2019 02 25 11 50 271 17.7 21.9  3.42  6.67  6.03 285 1002.9   4.2   4.4 999.0 99.0 99.00
2019 02 25 12 50 271 16.5 20.6  3.35  6.67  5.96 270 1004.6   3.9   4.4 999.0 99.0 99.00
2019 02 25 13 50 280 15.9 21.6  3.55  7.14  6.02 273 1005.8   3.6   4.4 999.0 99.0 99.00
2019 02 25 14 50 278 16.8 21.4  3.38  7.69  6.00 264 1006.8   3.4   4.4 999.0 99.0 99.00
2019 02 25 15 50 283 16.1 22.4  3.67  7.14  6.21 295 1007.8   3.3   4.4 999.0 99.0 99.00
2019 02 25 16 50 289 17.1 21.0  3.73  7.69  6.16 266 1008.5   3.3   4.5 999.0 99.0 99.00
2019 02 25 17 50 279 16.1 19.9  3.70  7.14  6.19 282 1009.3   3.4   4.5 999.0 99.0 99.00
2019 02 25 18 50 282 16.8 20.3  3.60  7.14  6.05 283 1009.7   3.7   4.5 999.0 99.0 99.00
2019 02 25 19 50 279 16.4 20.4  3.39  7.14  5.99 284 1010.6   4.0   4.5 999.0 99.0 99.00
2019 02 25 20 50 280 15.3 19.6  3.22  6.25  5.73 291 1011.7   4.4   4.5 999.0 99.0 99.00
2019 02 25 21 50 282 14.8 18.7  3.32  7.14  5.97 281 1012.8   4.4   4.4 999.0 99.0 99.00
2019 02 25 22 50 284 15.5 19.4  3.06  6.67  5.72 281 1014.4   4.2   4.5 999.0 99.0 99.00
2019 02 25 23 50 282 16.6 20.5  2.89  7.14  5.74 270 1016.0   3.8   4.4 999.0 99.0 99.00
2019 02 26 00 50 284 16.0 20.7  2.91  6.67  5.57 283 1017.5   3.3   4.4 999.0 99.0 99.00
2019 02 26 01 50 286 14.6 18.1  2.86  6.67  5.56 281 1018.9   2.7   4.4 999.0 99.0 99.00
2019 02 26 02 50 310 13.1 15.8  2.80  6.67  5.67 277 1020.2   2.2   4.4 999.0 99.0 99.00
2019 02 26 03 50 305 14.0 16.6  2.41  6.25  5.33 289 1020.8   1.2   4.4 999.0 99.0 99.00
2019 02 26 04 50 300 13.1 16.2  2.23  6.25  5.14 293 1021.7   0.4   4.4 999.0 99.0 99.00
2019 02 26 05 50 303 14.0 17.3  2.35  5.88  5.08 294 1022.4   0.0   4.5 999.0 99.0 99.00
2019 02 26 06 50 302 13.0 15.8  2.12  6.25  5.12 294 1023.4  -0.5   4.5 999.0 99.0 99.00
2019 02 26 07 50 303 14.3 16.7  2.05  5.88  4.97 293 1023.6  -0.6   4.5 999.0 99.0 99.00
2019 02 26 08 50 296 13.3 16.3  2.02  5.88  4.85 286 1025.1  -0.9   4.5 999.0 99.0 99.00
2019 02 26 09 50 294 11.7 14.3  2.03  5.56  4.87 298 1025.8  -1.1   4.4 999.0 99.0 99.00
2019 02 26 10 50 294 11.8 15.3  1.67  5.88  4.58 294 1026.7  -1.3   4.4 999.0 99.0 99.00
2019 02 26 11 50 292 11.5 14.4  1.73  5.56  4.54 289 1027.1  -1.3   4.4 999.0 99.0 99.00
2019 02 26 12 50 304 12.0 15.3  1.68  5.00  4.52 290 1027.4  -1.1   4.4 999.0 99.0 99.00
2019 02 26 13 50 299 12.1 15.2  1.59  5.56  4.51 294 1026.9  -1.2   4.4 999.0 99.0 99.00
2019 02 26 14 50 296 10.7 13.8  1.63  5.56  4.50 292 1027.0  -1.0   4.4 999.0 99.0 99.00
2019 02 26 15 50 292 10.2 13.3  1.42  5.56  4.35 289 1027.1  -0.9   4.4 999.0 99.0 99.00
2019 02 26 16 50 289  9.9 13.2  1.33  5.26  4.18 295 1026.8  -0.6   4.4 999.0 99.0 99.00
2019 02 26 17 50 296 10.7 12.9  1.35  5.00  4.27 297 1026.2   0.0   4.4 999.0 99.0 99.00
2019 02 26 18 50 290 10.6 13.0  1.28  4.76  4.08 293 1025.6   0.8   4.4 999.0 99.0 99.00
2019 02 26 19 50 293 11.3 13.2  1.36  5.00  4.11 290 1025.4   1.6   4.4 999.0 99.0 99.00
2019 02 26 20 50 298 11.0 13.8  1.40  4.76  4.14 293 1025.4   2.2   4.4 999.0 99.0 99.00
2019 02 26 21 50 290 10.3 12.5  1.33  5.26  4.15 291 1025.4   2.7   4.4 999.0 99.0 99.00
2019 02 26 22 50 310  9.8 12.1  1.26  4.76  4.02 296 1026.5   2.9   4.4 999.0 99.0 99.00
2019 02 26 23 50 338 11.3 13.2  1.23  5.00  4.02 291 1028.0   1.2   4.4 999.0 99.0 99.00
2019 02 27 00 50 332 11.3 13.7  1.22  4.55  3.83 310 1028.7   0.5   4.4 999.0 99.0 99.00
2019 02 27 01 50 331 12.1 15.7  1.32  4.76  4.02 322 1029.1   0.0   4.4 999.0 99.0 99.00
2019 02 27 02 50 334 12.4 15.5  1.61  4.76  4.31 333 1030.0  -0.4   4.4 999.0 99.0 99.00
2019 02 27 03 50 341 11.2 14.7  1.66  5.26  4.44 330 1030.4  -1.1   4.3 999.0 99.0 99.00
2019 02 27 04 50 346 11.1 14.9  1.61  5.56  4.48 342 1030.0  -1.4   4.3 999.0 99.0 99.00
2019 02 27 05 50 335 10.6 12.9  1.40  5.00  4.26 342 1030.4  -1.9   4.3 999.0 99.0 99.00
2019 02 27 06 50 337  7.1  9.1  1.10  4.76  4.06 322 1031.2  -2.3   4.3 999.0 99.0 99.00
2019 02 27 07 50 356  6.4  8.3  0.82  4.55  3.72 316 1030.6  -2.6   4.2 999.0 99.0 99.00
2019 02 27 08 50 358  6.1  7.7  0.67  4.00  3.48 320 1030.2  -2.9   4.2 999.0 99.0 99.00
2019 02 27 09 50   2  5.6  7.3  0.62  3.85  3.45 324 1030.4  -2.9   4.1 999.0 99.0 99.00
2019 02 27 10 50  10  4.9  6.6  0.58  3.57  3.27 331 1030.5  -3.2   4.1 999.0 99.0 99.00
2019 02 27 11 50  35  4.8  7.1  0.55  3.45  3.25 343 1031.0  -3.4   4.1 999.0 99.0 99.00
2019 02 27 12 50  22  4.4  6.4  0.52  3.33  3.35  14 1031.8  -3.4   4.1 999.0 99.0 99.00
2019 02 27 13 50  51  4.1  5.8  0.53  3.70  3.56  41 1031.1  -3.3   4.1 999.0 99.0 99.00
2019 02 27 14 50  54  5.0  6.5  0.51  3.85  3.55  52 1030.7  -3.7   4.1 999.0 99.0 99.00
2019 02 27 15 50  30  4.5  6.7  0.51  3.57  3.54  56 1030.4  -3.7   4.1 999.0 99.0 99.00
2019 02 27 16 50  65  3.8  5.8  0.49  4.00  3.63  44 1029.4  -3.6   4.2 999.0 99.0 99.00
2019 02 27 17 50  78  3.2  5.5  0.47  3.85  3.70  50 1027.9  -3.6   4.2 999.0 99.0 99.00
2019 02 27 18 50  85  3.8  6.0  0.41  4.17  3.64  58 1026.5  -3.6   4.2 999.0 99.0 99.00
2019 02 27 19 50  90  4.2  6.3  0.41  3.70  3.76  56 1025.3  -3.3   4.2 999.0 99.0 99.00
2019 02 27 20 50 100  4.7  7.1  0.39 12.12  3.66  41 1024.0  -2.8   4.2 999.0 99.0 99.00
2019 02 27 21 50 112  5.4  8.5  0.38 11.43  3.58 136 1022.5  -2.1   4.1 999.0 99.0 99.00
2019 02 27 22 50 107  5.4  6.9  0.41  3.23  3.44  80 1022.2  -1.6   4.1 999.0 99.0 99.00
2019 02 27 23 50 115  5.7  7.7  0.43  2.86  3.40  85 1021.3  -0.7   4.1 999.0 99.0 99.00
2019 02 28 00 50 129  5.0  6.2  0.46  2.74  3.11  94 1020.4  -0.1   4.1 999.0 99.0 99.00
2019 02 28 01 50 115  5.5  7.1  0.52  3.13  3.36 107 1018.9   0.2   4.1 999.0 99.0 99.00
2019 02 28 02 50 101  5.5  6.5  0.51  3.03  3.48 100 1018.4   0.2   4.1 999.0 99.0 99.00
2019 02 28 03 50  70  5.2  6.3  0.52  3.45  3.35 108 1017.4   0.7   4.1 999.0 99.0 99.00
2019 02 28 04 50  90  5.2  6.5  0.56  3.70  3.40 110 1015.9   1.2   4.2 999.0 99.0 99.00
2019 02 28 05 50  66  4.4  5.7  0.56  3.70  3.44 121 1015.2   1.6   4.2 999.0 99.0 99.00
2019 02 28 06 50  97  4.3  5.3  0.58  3.85  3.56 104 1014.4   2.1   4.2 999.0 99.0 99.00
2019 02 28 07 50  54  4.1  4.8  0.62  3.85  3.84 102 1014.7   2.3   4.2 999.0 99.0 99.00
2019 02 28 08 50  41  5.7  6.6  0.61  4.00  3.82  98 1014.7   2.0   4.2 999.0 99.0 99.00
2019 02 28 09 50  59  5.0  5.8  0.69  4.55  3.80  95 1015.0   1.9   4.2 999.0 99.0 99.00
2019 02 28 10 50  28  4.9  5.8  0.71  5.00  3.96 111 1015.9   2.0   4.2 999.0 99.0 99.00
2019 02 28 11 50   8  7.8  9.3  0.79  4.55  3.80 101 1017.1   0.7   4.2 999.0 99.0 99.00
2019 02 28 12 50  10  7.1  8.2  0.95  5.00  3.96 102 1018.5   0.4   4.2 999.0 99.0 99.00
2019 02 28 13 50 339  9.5 11.4  0.99  4.76  3.90  99 1019.7   0.3   4.2 999.0 99.0 99.00
2019 02 28 14 50 347  8.3  9.8  0.91  5.26  3.75 106 1019.9  -0.3   4.2 999.0 99.0 99.00
2019 02 28 15 50   5  7.4  9.2  0.94  5.26  3.78 104 1020.4  -0.3   4.2 999.0 99.0 99.00
2019 02 28 16 50   8  7.3  9.2  1.05  5.26  3.87 104 1021.1  -0.6   4.3 999.0 99.0 99.00
2019 02 28 17 50 356  6.2  8.2  1.03  4.00  3.86   5 1021.3  -0.2   4.3 999.0 99.0 99.00
2019 02 28 18 50 357  6.1  7.4  0.96  3.57  3.91  13 1021.6   0.1   4.3 999.0 99.0 99.00
2019 02 28 19 50   4  5.8  7.1  0.94  3.57  3.95 357 1021.9   0.4   4.3 999.0 99.0 99.00
2019 02 28 20 50   5  6.3  8.0  0.88  3.45  3.90  14 1022.2   0.8   4.4 999.0 99.0 99.00
2019 02 28 21 50   6  5.1  7.5  0.91  3.85  4.08  15 1022.8   0.8   4.3 999.0 99.0 99.00
2019 02 28 22 50   3  6.2  8.2  0.90  4.17  4.03  37 1023.7   0.8   4.3 999.0 99.0 99.00
