#YY  MM DD hh mm WDIR WSPD GST  WVHT   DPD   APD MWD   PRES  ATMP  WTMP  DEWP  VIS  TIDE
#yr  mo dy hr mn degT m/s  m/s     m   sec   sec deg    hPa  degC  degC  degC  nmi    ft
2019 07 31 23 50  14  1.1  2.0  0.94  5.56  4.64 195 1016.5  24.1  24.4 999.0 99.0 99.00
2019 08 01 00 50 308  1.2  1.6  0.91  5.56  4.79 193 1016.1  23.7  24.2 999.0 99.0 99.00
2019 08 01 01 50 226  1.8  2.4  0.80  5.56  4.89 192 1016.6  23.9  24.2 999.0 99.0 99.00
2019 08 01 02 50 258  1.4  2.0  0.85 12.12  5.10 137 1016.8  24.1  24.3 999.0 99.0 99.00
2019 08 01 03 50 353  1.9  2.6  0.78  5.56  5.09 185 1017.1  23.6  24.3 999.0 99.0 99.00
2019 08 01 04 50 289  1.9  2.4  0.75  5.56  5.09 186 1016.9  23.5  24.2 999.0 99.0 99.00
2019 08 01 05 50 283  2.7  3.2  0.74 12.12  5.30 140 1016.8  23.6  23.8 999.0 99.0 99.00
2019 08 01 06 50 319  4.8  5.4  0.75  5.88  5.43 185 1016.4  23.5  23.7 999.0 99.0 99.00
2019 08 01 07 50 341  3.1  4.2  0.75  5.26  5.31 193 1016.7  23.4  23.6 999.0 99.0 99.00
2019 08 01 08 50 330  3.3  4.0  0.75  5.56  4.86 179 1016.8  23.5  23.6 999.0 99.0 99.00
2019 08 01 09 50 317  3.1  4.0  0.73  5.56  4.85 186 1017.1  23.4  23.7 999.0 99.0 99.00
2019 08 01 10 50 324  2.6  3.0  0.72  5.26  4.80 184 1017.8  23.5  24.0 999.0 99.0 99.00
2019 08 01 11 50 326  3.6  4.1  0.74  5.56  4.70 186 1017.9  23.5  24.1 999.0 99.0 99.00
2019 08 01 12 50 341  3.9  5.2  0.71  5.26  4.89 200 1018.3  23.4  24.2 999.0 99.0 99.00
2019 08 01 13 50 356  4.9  5.6  0.66 12.12  4.92 114 1018.2  23.5  24.3 999.0 99.0 99.00
2019 08 01 14 50 353  4.4  5.1  0.67  9.09  4.78 138 1018.8  23.8  24.4 999.0 99.0 99.00
2019 08 01 15 50 351  3.1  3.8  0.65 12.90  5.01 100 1019.1  23.7  24.5 999.0 99.0 99.00
2019 08 01 16 50 350  2.9  3.4  0.63 12.90  5.48 124 1019.3  24.0  24.7 999.0 99.0 99.00
2019 08 01 17 50 323  2.5  3.1  0.64 12.12  5.84 117 1019.3  24.2  24.9 999.0 99.0 99.00
2019 08 01 18 50 331  2.2  2.7  0.56 12.90  5.75 206 1019.0  24.8  25.0 999.0 99.0 99.00
2019 08 01 19 50 278  1.7  2.1  0.58 12.90  6.24 160 1018.7  25.1  25.3 999.0 99.0 99.00
2019 08 01 20 50 241  1.8  2.2  0.58 12.12  6.28 142 1018.3  25.5  25.7 999.0 99.0 99.00
2019 08 01 21 50 229  1.5  1.8  0.60 12.12  6.08 133 1017.8  25.9  25.9 999.0 99.0 99.00
2019 08 01 22 50 186  2.6  3.1  0.58 12.90  5.97 258 1017.7  25.7  25.8 999.0 99.0 99.00
2019 08 01 23 50 192  2.7  3.2  0.57 12.12  5.98 190 1018.0  25.6  25.6 999.0 99.0 99.00
2019 08 02 00 50 201  3.1  3.5  0.52 12.12  5.75 128 1018.3  25.5  25.5 999.0 99.0 99.00
2019 08 02 01 50 218  3.2  3.5  0.56 12.12  6.28  66 1018.8  25.3  25.2 999.0 99.0 99.00
2019 08 02 02 50 232  1.9  2.2  0.50 12.12  6.14 107 1019.0  25.1  24.9 999.0 99.0 99.00
2019 08 02 03 50 267  2.9  3.3  0.51 12.12  6.26  90 1019.1  24.8  24.8 999.0 99.0 99.00
2019 08 02 04 50 251  4.3  5.0  0.47 12.12  6.23 110 1019.5  24.6  24.9 999.0 99.0 99.00
2019 08 02 05 50 281  3.3  3.7  0.50 12.90  6.67 133 1019.5  24.5  24.8 999.0 99.0 99.00
2019 08 02 06 50 304  3.0  3.5  0.56 12.12  6.96 118 1019.5  24.3  24.9 999.0 99.0 99.00
2019 08 02 07 50 337  3.7  4.2  0.55 11.43  6.76 146 1019.5  24.4  24.6 999.0 99.0 99.00
2019 08 02 08 50 353  2.6  3.1  0.56 12.12  6.35 133 1019.5  24.4  24.3 999.0 99.0 99.00
2019 08 02 09 50  20  2.1  2.7  0.52 12.12  5.97 115 1019.6  24.5  24.2 999.0 99.0 99.00
2019 08 02 10 50  41  0.8  1.2  0.56 11.43  6.34 122 1019.8  24.5  24.2 999.0 99.0 99.00
2019 08 02 11 50  18  0.2  0.4  0.54 11.43  6.50 158 1020.1  25.0  24.2 999.0 99.0 99.00
2019 08 02 12 50  88  1.7  1.9  0.55 12.12  6.58 151 1020.0  25.0  24.3 999.0 99.0 99.00
2019 08 02 13 50 116  2.3  2.8  0.59 12.12  6.99  94 1020.4  24.9  24.5 999.0 99.0 99.00
2019 08 02 14 50 125  2.6  3.0  0.61 12.12  7.54 124 1020.8  25.1  24.7 999.0 99.0 99.00
2019 08 02 15 50 142  3.2  3.8  0.51 12.12  6.87 107 1020.7  25.2  24.9 999.0 99.0 99.00
2019 08 02 16 50 157  2.4  2.7  0.52 11.43  6.89 110 1020.5  25.4  25.2 999.0 99.0 99.00
2019 08 02 17 50 168  3.2  3.8  0.55 12.12  6.68  86 1020.1  25.4  25.4 999.0 99.0 99.00
2019 08 02 18 50 166  2.9  3.4  0.48 11.43  5.44 147 1019.9  25.6  25.5 999.0 99.0 99.00
2019 08 02 19 50 177  2.8  3.4  0.54 12.12  5.07 117 1019.8  25.8  25.6 999.0 99.0 99.00
2019 08 02 20 50 195  3.3  4.0  0.54 11.43  5.34  95 1019.7  26.0  25.4 999.0 99.0 99.00
2019 08 02 21 50 198  3.6  4.2  0.48 11.43  5.56 112 1019.5  25.9  25.5 999.0 99.0 99.00
2019 08 02 22 50 206  3.8  4.5  0.47 12.12  5.44 300 1019.4  25.8  25.4 999.0 99.0 99.00
2019 08 02 23 50 201  4.1  4.7  0.54 11.43  5.33 135 1019.2  25.4  25.2 999.0 99.0 99.00
2019 08 03 00 50 199  4.0  4.6  0.53 12.12  5.06  92 1019.4  25.3  25.0 999.0 99.0 99.00
2019 08 03 01 50 211  3.4  4.0  0.57 12.12  6.14  87 1019.8  25.1  25.0 999.0 99.0 99.00
2019 08 03 02 50 197  3.0  3.5  0.58 12.12  5.87 105 1019.6  25.0  25.0 999.0 99.0 99.00
2019 08 03 03 50 198  3.4  4.0  0.56 12.12  6.00 102 1019.5  24.9  24.9 999.0 99.0 99.00
2019 08 03 04 50 182  3.0  3.9  0.59 11.43  5.76 126 1019.4  24.8  24.9 999.0 99.0 99.00
2019 08 03 05 50 183  3.9  4.4  0.53 10.81  5.82 121 1019.1  24.7  24.6 999.0 99.0 99.00
2019 08 03 06 50 184  3.8  4.5  0.54 12.12  5.86 105 1018.9  24.7  24.5 999.0 99.0 99.00
2019 08 03 07 50 186  3.8  4.3  0.55 12.12  5.80 104 1018.4  24.6  24.5 999.0 99.0 99.00
2019 08 03 08 50 191  3.0  3.5  0.56 11.43  5.42 127 1018.0  24.6  24.5 999.0 99.0 99.00
2019 08 03 09 50 186  2.8  3.5  0.52 11.43  5.02  96 1018.1  24.7  24.4 999.0 99.0 99.00
2019 08 03 10 50 181  2.7  3.3  0.56 10.81  5.01 121 1018.3  24.9  24.5 999.0 99.0 99.00
2019 08 03 11 50 175  2.4  2.8  0.56 10.81  5.06 111 1018.2  25.1  24.7 999.0 99.0 99.00
2019 08 03 12 50 177  2.7  3.1  0.51 12.12  4.69 121 1018.1  25.2  24.8 999.0 99.0 99.00
2019 08 03 13 50 172  2.7  3.2  0.55 11.43  5.07  95 1017.9  25.2  25.0 999.0 99.0 99.00
2019 08 03 14 50 162  3.7  4.3  0.53 11.43  5.05  99 1017.7  25.5  25.2 999.0 99.0 99.00
2019 08 03 15 50 169  4.0  4.6  0.57 12.12  5.22  87 1017.4  25.7  25.4 999.0 99.0 99.00
2019 08 03 16 50 168  4.2  4.8  0.53 11.43  4.77  98 1016.8  25.8  25.5 999.0 99.0 99.00
2019 08 03 17 50 175  4.4  5.3  0.57 11.43  4.71 107 1016.3  25.8  25.6 999.0 99.0 99.00
2019 08 03 18 50 196  5.2  6.2  0.59 11.43  4.62 105 1015.6  25.5  25.4 999.0 99.0 99.00
2019 08 03 19 50 195  3.9  4.6  0.65 11.43  4.62 108 1015.1  25.5  25.5 999.0 99.0 99.00
2019 08 03 20 50 195  4.4  5.0  0.62 11.43  4.80  99 1014.6  25.5  25.6 999.0 99.0 99.00
2019 08 03 21 50 191  5.0  5.9  0.62 10.81  4.41 116 1013.9  25.5  25.5 999.0 99.0 99.00
2019 08 03 22 50 192  4.8  5.7  0.62 10.81  4.13  87 1013.9  25.5  25.4 999.0 99.0 99.00
2019 08 03 23 50 190  5.8  6.9  0.69 11.43  4.25  99 1014.0  25.4  25.3 999.0 99.0 99.00
2019 08 04 00 50 192  6.8  7.8  0.74 11.43  3.94 153 1014.1  25.2  25.3 999.0 99.0 99.00
2019 08 04 01 50 197  7.1  8.7  0.81 11.43  3.87 127 1013.9  25.2  25.2 999.0 99.0 99.00
2019 08 04 02 50 211  6.6  7.6  0.86 11.43  4.00 108 1014.1  25.1  25.1 999.0 99.0 99.00
2019 08 04 03 50 214  6.8  7.8  0.83 11.43  3.87 104 1013.8  25.0  25.1 999.0 99.0 99.00
2019 08 04 04 50 216  5.4  6.6  0.83 10.81  4.04  88 1014.1  25.0  24.9 999.0 99.0 99.00
2019 08 04 05 50 233  6.2  6.9  0.83 10.81  4.15 126 1013.7  24.9  24.8 999.0 99.0 99.00
2019 08 04 06 50 242  5.8  6.7  0.75  4.76  4.11 161 1013.0  24.8  24.8 999.0 99.0 99.00
2019 08 04 07 50 243  4.6  5.4  0.73 10.81  4.19  96 1012.7  24.4  24.8 999.0 99.0 99.00
2019 08 04 08 50 244  4.7  5.4  0.68 10.81  4.29 116 1012.6  24.6  24.8 999.0 99.0 99.00
2019 08 04 09 50 259  3.4  4.1  0.61 10.00  4.22 126 1012.8  24.6  24.8 999.0 99.0 99.00
2019 08 04 10 50 243  3.0  3.6  0.60 10.00  4.65 125 1012.9  24.6  24.8 999.0 99.0 99.00
2019 08 04 11 50 251  3.7  4.6  0.59 10.81  4.59 132 1013.0  24.6  24.8 999.0 99.0 99.00
2019 08 04 12 50 284  4.1  5.0  0.56 10.81  4.51  58 1012.9  24.5  24.8 999.0 99.0 99.00
2019 08 04 13 50 295  3.1  3.5  0.57 11.43  4.68 103 1012.9  24.5  24.9 999.0 99.0 99.00
2019 08 04 14 50 298  3.5  4.4  0.59 10.81  4.96 129 1013.2  24.4  25.1 999.0 99.0 99.00
2019 08 04 15 50 330  3.9  4.8  0.55 11.43  5.09 115 1013.1  24.2  25.4 999.0 99.0 99.00
2019 08 04 16 50 314  1.1  1.6  0.52  9.09  5.24 123 1012.9  24.4  25.7 999.0 99.0 99.00
2019 08 04 17 50 253  1.6  2.2  0.53  9.09  5.55 129 1012.5  24.8  26.2 999.0 99.0 99.00
2019 08 04 18 50 276  2.1  2.6  0.52 11.43  5.68  81 1012.5  25.2  26.4 999.0 99.0 99.00
2019 08 04 19 50 227  3.1  3.6  0.50  9.09  5.58 116 1012.2  25.5  26.4 999.0 99.0 99.00
2019 08 04 20 50 220  3.6  4.1  0.53 10.81  5.57 138 1011.9  25.8  26.6 999.0 99.0 99.00
2019 08 04 21 50 232  3.0  3.4  0.50 10.81  5.44 119 1012.2  26.3  26.5 999.0 99.0 99.00
2019 08 04 22 50 214  3.7  4.3  0.52 10.81  5.37 125 1012.0  26.2  26.2 999.0 99.0 99.00
2019 08 04 23 50 202  4.1  4.8  0.52 10.00  5.64 148 1012.1  26.1  26.0 999.0 99.0 99.00
2019 08 05 00 50 218  4.4  5.2  0.52 10.81  5.47  92 1012.7  26.2  25.9 999.0 99.0 99.00
2019 08 05 01 50 238  5.6  6.3  0.49  9.09  4.63 117 1013.1  25.7  25.6 999.0 99.0 99.00
2019 08 05 02 50 258  4.7  5.6  0.55  7.69  4.04 128 1013.1  25.5  25.5 999.0 99.0 99.00
2019 08 05 03 50 300  3.7  4.6  0.58  9.09  4.28 122 1013.5  25.3  25.4 999.0 99.0 99.00
2019 08 05 04 50 281  2.6  3.0  0.54 10.81  4.45  93 1013.2  25.3  25.3 999.0 99.0 99.00
2019 08 05 05 50 281  1.7  2.0  0.51 11.43  4.50 105 1013.2  25.3  25.3 999.0 99.0 99.00
2019 08 05 06 50 302  0.9  1.3  0.51  7.14  4.78 153 1013.4  25.0  25.2 999.0 99.0 99.00
2019 08 05 07 50  20  5.7  6.8  0.52 10.81  5.34 140 1013.4  25.4  25.1 999.0 99.0 99.00
2019 08 05 09 50  36  7.1  8.2  0.60 10.81  3.62 144 1013.9  24.3  25.1 999.0 99.0 99.00
2019 08 05 10 50  48  8.3  9.6  0.68  2.86  3.72  32 1014.3  23.8  25.1 999.0 99.0 99.00
2019 08 05 11 50  63  8.1  9.5  0.74  7.14  3.72 149 1014.9  23.6  25.0 999.0 99.0 99.00
2019 08 05 12 50  61  8.1  9.4  0.88  3.85  3.94  40 1015.3  23.2  24.9 999.0 99.0 99.00
2019 08 05 13 50  60  7.4  8.9  0.94  4.17  3.87  48 1015.4  22.8  24.9 999.0 99.0 99.00
2019 08 05 14 50  56  7.1  8.8  1.04  4.35  4.06  49 1015.5  22.7  25.0 999.0 99.0 99.00
2019 08 05 15 50  63  6.2  7.5  0.97  4.35  4.02  54 1015.4  22.7  25.0 999.0 99.0 99.00
2019 08 05 16 50  55  6.1  6.9  0.93  4.55  4.13  63 1015.4  22.8  25.1 999.0 99.0 99.00
2019 08 05 17 50  57  6.3  7.4  0.92  4.35  4.21  62 1015.1  22.9  25.1 999.0 99.0 99.00
2019 08 05 18 50  61  6.6  7.8  0.86  4.76  4.30  60 1014.8  23.5  25.2 999.0 99.0 99.00
2019 08 05 19 50  74  6.2  7.0  0.92  5.00  4.39  59 1014.5  23.8  25.2 999.0 99.0 99.00
2019 08 05 20 50  91  5.2  6.4  0.86  5.26  4.41  53 1014.3  24.7  25.2 999.0 99.0 99.00
2019 08 05 21 50  97  4.6  5.3  0.89  5.00  4.60  52 1014.1  24.7  25.1 999.0 99.0 99.00
2019 08 05 22 50 101  3.9  4.5  0.76  5.00  4.40  55 1014.1  24.6  25.1 999.0 99.0 99.00
2019 08 05 23 50 110  4.3  4.9  0.76  7.69  4.50 163 1014.3  24.6  25.0 999.0 99.0 99.00
2019 08 06 00 50  96  3.8  4.6  0.73  7.69  4.61 154 1014.4  24.6  25.0 999.0 99.0 99.00
2019 08 06 01 50 109  4.2  4.9  0.68  7.14  4.49 171 1014.4  24.7  25.0 999.0 99.0 99.00
2019 08 06 02 50 106  3.7  4.2  0.69  7.14  4.61 164 1014.4  24.6  25.0 999.0 99.0 99.00
2019 08 06 03 50 110  3.8  4.4  0.67  7.14  4.73 135 1013.9  24.7  24.9 999.0 99.0 99.00
2019 08 06 04 50 104  3.9  4.3  0.66  7.14  4.99 155 1013.7  24.6  25.0 999.0 99.0 99.00
2019 08 06 05 50 101  3.0  3.3  0.75  7.69  5.39 167 1012.9  24.7  25.0 999.0 99.0 99.00
2019 08 06 06 50 117  3.2  3.7  0.70  7.69  5.40 176 1012.4  24.7  25.0 999.0 99.0 99.00
2019 08 06 07 50  88  2.5  2.9  0.69  7.14  5.47 165 1012.3  24.8  25.1 999.0 99.0 99.00
2019 08 06 08 50  78  1.7  2.0  0.71  7.69  5.76 171 1012.3  24.9  25.1 999.0 99.0 99.00
2019 08 06 09 50  32  2.9  3.8  0.64  7.69  5.49 187 1012.4  24.8  25.1 999.0 99.0 99.00
2019 08 06 10 50  37  4.2  5.1  0.67  7.14  5.69 152 1012.6  24.3  25.1 999.0 99.0 99.00
2019 08 06 11 50  73  4.4  5.6  0.64  7.14  5.10 153 1012.2  23.8  25.0 999.0 99.0 99.00
2019 08 06 12 50  86  2.4  3.3  0.65  9.09  5.33 144 1012.3  24.4  25.0 999.0 99.0 99.00
2019 08 06 13 50 157  5.3  6.5  0.70  6.25  4.66 137 1012.6  22.3  25.0 999.0 99.0 99.00
2019 08 06 14 50 188  5.0  6.0  0.74  7.69  5.23 131 1012.8  22.6  25.0 999.0 99.0 99.00
2019 08 06 15 50 173  4.8  5.8  0.77  9.09  5.33 129 1012.9  22.6  25.1 999.0 99.0 99.00
2019 08 06 16 50 150  3.9  5.2  0.76  9.09  4.69 121 1012.3  22.9  25.1 999.0 99.0 99.00
2019 08 06 17 50 186  2.6  3.3  0.78  9.09  5.17 126 1011.7  23.5  25.2 999.0 99.0 99.00
2019 08 06 18 50 190  1.4  2.0  0.71  9.09  5.08 143 1011.3  23.9  25.3 999.0 99.0 99.00
2019 08 06 19 50 241  1.7  2.4  0.79  9.09  5.58 138 1011.1  24.5  25.5 999.0 99.0 99.00
2019 08 06 20 50 188  0.7  1.1  0.69  8.33  5.91 134 1010.7  24.9  25.8 999.0 99.0 99.00
2019 08 06 21 50 206  0.9  1.6  0.80  8.33  6.21 129 1010.7  25.1  25.9 999.0 99.0 99.00
2019 08 06 22 50 188  2.5  3.1  0.74  7.69  6.17 128 1010.6  25.1  25.8 999.0 99.0 99.00
2019 08 06 23 50 190  2.4  3.1  0.71  8.33  6.16 153 1010.9  24.9  25.6 999.0 99.0 99.00
2019 08 07 00 50 206  3.6  4.5  0.69  7.69  6.07 135 1011.0  25.1  25.4 999.0 99.0 99.00
2019 08 07 01 50 201  3.3  4.1  0.70  8.33  6.38 137 1011.2  25.1  25.2 999.0 99.0 99.00
2019 08 07 02 50 198  5.5  6.4  0.71 17.39  6.67 221 1011.3  25.1  25.2 999.0 99.0 99.00
2019 08 07 03 50 190  5.7  6.7  0.76  7.69  5.36 149 1010.9  25.0  25.1 999.0 99.0 99.00
2019 08 07 04 50 199  6.2  7.4  0.80  7.69  4.28 144 1010.8  25.0  25.1 999.0 99.0 99.00
2019 08 07 05 50 208  5.7  6.4  0.88 17.39  4.61 120 1010.8  25.0  25.0 999.0 99.0 99.00
2019 08 07 06 50 206  6.1  7.0  0.91 17.39  4.65 146 1010.6  25.1  25.0 999.0 99.0 99.00
2019 08 07 07 50 212  6.3  7.2  0.96 17.39  4.55 280 1010.5  25.4  25.0 999.0 99.0 99.00
2019 08 07 08 50 215  6.7  7.8  0.89 17.39  4.26 129 1010.4  25.6  25.0 999.0 99.0 99.00
2019 08 07 09 50 214  6.4  7.8  0.89 17.39  4.13 140 1010.9  25.6  24.9 999.0 99.0 99.00
2019 08 07 10 50 199  6.5  7.4  0.92  7.69  4.34 121 1010.7  25.7  24.8 999.0 99.0 99.00
2019 08 07 11 50 203  7.1  8.4  0.95  7.69  4.26 138 1010.9  25.6  24.9 999.0 99.0 99.00
2019 08 07 12 50 276  4.4  5.4  0.98 16.00  4.26  94 1012.3  24.6  24.9 999.0 99.0 99.00
2019 08 07 13 50 223  5.7  7.3  1.01 16.00  5.10 136 1011.9  24.0  24.8 999.0 99.0 99.00
2019 08 07 14 50 192  8.0  9.3  1.08  5.00  5.11 199 1011.0  24.8  24.8 999.0 99.0 99.00
2019 08 07 15 50 189  9.4 10.9  1.32  5.26  4.71 216 1010.7  23.6  24.8 999.0 99.0 99.00
2019 08 07 16 50 183  9.9 11.9  1.33  5.26  4.69 191 1010.4  24.7  24.8 999.0 99.0 99.00
2019 08 07 17 50 176  9.3 10.9  1.21  7.69  4.60 138 1009.7  24.4  24.9 999.0 99.0 99.00
2019 08 07 18 50 157  9.7 12.1  1.21 16.00  4.61 101 1009.1  25.3  24.9 999.0 99.0 99.00
2019 08 07 19 50 159  9.2 10.6  1.39  4.35  4.65 167 1008.5  25.4  24.9 999.0 99.0 99.00
2019 08 07 20 50 171  9.6 11.8  1.38  4.00  4.53 171 1007.9  25.6  24.9 999.0 99.0 99.00
2019 08 07 21 50 187  9.9 12.0  1.57  4.17  4.58 165 1008.4  26.1  24.9 999.0 99.0 99.00
2019 08 07 22 50 192 11.0 12.9  1.59  5.26  4.54 200 1007.9  26.1  24.8 999.0 99.0 99.00
2019 08 07 23 50 191 10.6 12.5  1.58  5.56  4.61 174 1008.2  26.3  24.9 999.0 99.0 99.00
2019 08 08 00 50 201 10.3 12.3  1.69  5.88  4.67 176 1008.2  26.2  25.0 999.0 99.0 99.00
2019 08 08 01 50 279  6.5  7.9  1.76  5.88  5.03 188 1010.2  21.3  25.0 999.0 99.0 99.00
2019 08 08 02 50  37  1.0  1.7  1.70  5.88  5.00 176 1008.3  21.5  24.9 999.0 99.0 99.00
2019 08 08 03 50 191  1.1  2.2  1.52  6.67  5.18 178 1008.1  22.7  24.8 999.0 99.0 99.00
2019 08 08 04 50 181  3.3  4.1  1.45  6.67  5.58 177 1007.6  23.4  24.8 999.0 99.0 99.00
2019 08 08 05 50 231  6.9  8.3  1.39  6.67  5.85 166 1007.6  24.0  24.5 999.0 99.0 99.00
2019 08 08 06 50 248  8.8 10.8  1.30 16.00  5.70  88 1007.1  23.9  24.3 999.0 99.0 99.00
2019 08 08 07 50 259  8.6  9.9  1.33  6.25  5.30 175 1007.1  23.4  24.2 999.0 99.0 99.00
2019 08 08 08 50 248  7.0  8.4  1.27  6.25  5.06 175 1007.1  22.8  24.1 999.0 99.0 99.00
2019 08 08 09 50 281  6.3  7.2  1.18  6.25  5.01 197 1007.3  21.9  24.1 999.0 99.0 99.00
2019 08 08 10 50 267  4.9  5.6  1.19  6.25  5.09 195 1007.5  22.2  24.2 999.0 99.0 99.00
2019 08 08 11 50 263  6.2  7.2  1.17  7.69  5.26 146 1008.1  22.5  24.3 999.0 99.0 99.00
2019 08 08 12 50 283  5.6  7.1  1.12  6.67  5.21 208 1008.0  22.5  24.4 999.0 99.0 99.00
2019 08 08 13 50 255  5.4  6.3  1.14  6.25  5.06 189 1008.2  22.4  24.4 999.0 99.0 99.00
2019 08 08 14 50 240  4.6  5.7  1.11 14.81  5.30 137 1008.0  22.4  24.5 999.0 99.0 99.00
2019 08 08 15 50 240  6.4  7.5  1.08 14.81  5.14  89 1007.5  22.3  24.5 999.0 99.0 99.00
2019 08 08 16 50 238  6.7  8.0  1.22 14.81  4.88 131 1007.3  22.9  24.5 999.0 99.0 99.00
2019 08 08 17 50 244  7.6  8.5  1.31 14.81  5.02 147 1006.7  23.2  24.5 999.0 99.0 99.00
2019 08 08 18 50 238  7.9  9.1  1.22  5.88  4.76 169 1006.0  23.8  24.4 999.0 99.0 99.00
2019 08 08 19 50 228  7.7  9.1  1.17 14.81  4.80 123 1005.9  24.5  24.5 999.0 99.0 99.00
2019 08 08 20 50 223  7.7  8.9  1.15  8.33  4.42 115 1005.6  25.2  24.6 999.0 99.0 99.00
2019 08 08 21 50 222  6.9  8.1  1.19 14.81  5.11 135 1005.5  25.4  24.6 999.0 99.0 99.00
2019 08 08 22 50 228  7.5  8.8  1.22  8.33  5.16 131 1006.0  25.7  24.6 999.0 99.0 99.00
2019 08 08 23 50 242  7.4  9.1  1.21  7.69  5.04 147 1006.4  25.5  24.5 999.0 99.0 99.00
2019 08 09 00 50 246  6.6  8.1  1.18  7.69  5.06 133 1007.2  25.2  24.5 999.0 99.0 99.00
2019 08 09 01 50 250  6.6  8.1  1.27  8.33  5.34 146 1007.2  25.1  24.5 999.0 99.0 99.00
2019 08 09 02 50 254  6.2  7.5  1.31  8.33  5.22 153 1006.5  24.9  24.5 999.0 99.0 99.00
2019 08 09 03 50 244  4.8  6.1  1.27  7.69  5.39 163 1005.9  24.8  24.6 999.0 99.0 99.00
2019 08 09 04 50 241  6.5  7.9  1.25  7.69  5.49 170 1005.6  24.8  24.6 999.0 99.0 99.00
2019 08 09 05 50 255  7.5  8.8  1.32  7.69  5.30 169 1005.9  24.9  24.6 999.0 99.0 99.00
2019 08 09 06 50 275  6.9  8.3  1.31  8.33  5.14 156 1005.9  25.6  24.5 999.0 99.0 99.00
2019 08 09 07 50 287  7.3  8.7  1.28 14.81  5.24 147 1006.0  25.1  24.5 999.0 99.0 99.00
2019 08 09 08 50 298  6.7  8.0  1.20  7.69  5.10 182 1006.1  24.2  24.4 999.0 99.0 99.00
2019 08 09 09 50 308  5.7  6.6  1.09  7.69  5.08 155 1007.0  23.8  24.4 999.0 99.0 99.00
2019 08 09 10 50 315  5.1  5.9  1.21  6.67  5.47 173 1007.3  23.8  24.4 999.0 99.0 99.00
2019 08 09 11 50 315  5.8  7.3  1.08  8.33  5.33 134 1007.7  23.6  24.3 999.0 99.0 99.00
2019 08 09 12 50 314  5.5  6.6  1.06  8.33  5.33 140 1008.1  23.4  24.3 999.0 99.0 99.00
2019 08 09 13 50 308  5.4  6.5  1.15  7.14  5.47 143 1008.3  23.2  24.4 999.0 99.0 99.00
2019 08 09 14 50 307  3.1  4.1  1.15  7.69  5.53 150 1008.4  23.3  24.4 999.0 99.0 99.00
2019 08 09 15 50 280  3.7  4.4  1.14  8.33  5.68 166 1008.5  23.6  24.6 999.0 99.0 99.00
2019 08 09 16 50 263  4.4  5.1  1.11  7.69  5.75 156 1008.2  24.1  24.7 999.0 99.0 99.00
2019 08 09 17 50 249  4.2  4.8  1.00  7.69  5.57 159 1008.1  24.0  24.8 999.0 99.0 99.00
2019 08 09 18 50 223  4.0  4.6  0.99  8.33  5.80 133 1007.5  24.7  24.9 999.0 99.0 99.00
2019 08 09 19 50 203  4.1  4.8  0.86  7.14  5.83 138 1007.2  25.0  25.0 999.0 99.0 99.00
2019 08 09 20 50 202  6.0  6.9  0.89 14.81  6.12 108 1006.8  25.5  24.9 999.0 99.0 99.00
2019 08 09 21 50 203  6.4  7.4  0.85 14.81  4.92 113 1006.5  25.3  24.8 999.0 99.0 99.00
2019 08 09 22 50 222  6.7  8.3  0.93  8.33  4.69 113 1007.1  25.5  24.7 999.0 99.0 99.00
2019 08 09 23 50 220  6.5  8.1  0.98 14.81  4.32 150 1007.4  25.4  24.6 999.0 99.0 99.00
2019 08 10 00 50 247  5.4  6.1  1.02 13.79  4.93 125 1007.7  25.0  24.6 999.0 99.0 99.00
2019 08 10 01 50 303  5.2  6.3  0.96 14.81  4.69  68 1008.3  24.9  24.5 999.0 99.0 99.00
2019 08 10 02 50 306  4.1  4.9  0.90  7.69  4.91 175 1008.7  25.0  24.5 999.0 99.0 99.00
2019 08 10 03 50 304  4.3  5.0  0.96  7.69  5.29 168 1008.7  24.5  24.4 999.0 99.0 99.00
2019 08 10 04 50 296  3.4  4.2  0.93 14.81  5.42 107 1008.9  24.5  24.3 999.0 99.0 99.00
2019 08 10 05 50 294  3.8  4.6  0.94 14.81  5.34  79 1008.9  24.4  24.3 999.0 99.0 99.00
2019 08 10 06 50 278  4.7  5.6  0.85  7.69  5.36 175 1008.9  24.3  24.3 999.0 99.0 99.00
2019 08 10 07 50 327  8.4 10.1  0.82 14.81  5.60 145 1009.2  23.7  24.2 999.0 99.0 99.00
2019 08 10 08 50 327  5.3  6.2  0.89 13.79  4.45 109 1009.4  23.0  24.1 999.0 99.0 99.00
2019 08 10 09 50 322  5.1  5.9  0.86 14.81  4.78  84 1009.9  22.7  24.0 999.0 99.0 99.00
2019 08 10 10 50 305  5.4  6.9  0.86 13.79  4.96 155 1010.1  23.0  23.9 999.0 99.0 99.00
2019 08 10 11 50 299  5.3  7.1  0.83  7.69  4.94 139 1010.5  23.3  23.9 999.0 99.0 99.00
2019 08 10 12 50 286  6.4  7.2  0.76 13.79  4.70 106 1010.5  22.8  23.9 999.0 99.0 99.00
2019 08 10 13 50 273  5.4  6.4  0.80 14.81  4.67  95 1010.7  22.5  23.9 999.0 99.0 99.00
2019 08 10 14 50 259  5.5  6.9  0.79 14.81  4.58 120 1011.1  22.5  23.9 999.0 99.0 99.00
2019 08 10 15 50 246  7.0  8.9  0.79  7.14  4.71 151 1010.6  22.8  24.0 999.0 99.0 99.00
2019 08 10 16 50 247  6.6  7.7  0.84 13.79  4.41 117 1010.4  23.0  24.1 999.0 99.0 99.00
2019 08 10 17 50 237  6.8  8.1  0.72  7.14  4.09 157 1009.9  23.7  24.1 999.0 99.0 99.00
2019 08 10 18 50 248  7.3  8.9  0.81  6.67  4.16 153 1009.5  24.4  24.2 999.0 99.0 99.00
2019 08 10 19 50 293  7.2  8.9  0.75  7.14  4.06 179 1009.1  24.9  24.2 999.0 99.0 99.00
2019 08 10 20 50 283  6.3  7.7  0.80 13.79  4.19 124 1009.3  25.1  24.2 999.0 99.0 99.00
2019 08 10 22 50 276  5.9  6.8  0.87 13.79  4.00  84 1010.0  25.1  24.0 999.0 99.0 99.00
2019 08 10 23 50 276  5.0  5.7  0.79 13.79  4.11  62 1010.6  24.7  23.8 999.0 99.0 99.00
2019 08 11 00 50 307  5.6  6.7  0.69 13.79  4.07  96 1011.4  24.3  23.5 999.0 99.0 99.00
2019 08 11 01 50 344  6.2  7.3  0.69 13.79  4.47  58 1012.5  23.8  23.3 999.0 99.0 99.00
2019 08 11 02 50 337  6.2  7.0  0.71  9.09  4.02 110 1013.2  23.6  23.1 999.0 99.0 99.00
2019 08 11 03 50 349  5.8  6.7  0.71 13.79  4.16 138 1013.7  23.1  23.0 999.0 99.0 99.00
2019 08 11 04 50 348  6.5  7.7  0.70 13.79  4.32 111 1013.9  23.0  22.9 999.0 99.0 99.00
2019 08 11 05 50 354  6.1  7.1  0.69  7.14  4.20 150 1013.8  22.6  22.9 999.0 99.0 99.00
2019 08 11 06 50 356  5.5  6.9  0.68 13.79  4.22 103 1013.5  22.5  22.9 999.0 99.0 99.00
2019 08 11 07 50   3  4.3  5.1  0.68 13.79  4.41 155 1013.8  22.3  22.9 999.0 99.0 99.00
2019 08 11 08 50 350  3.0  3.8  0.64 13.79  4.93 126 1014.3  22.2  22.9 999.0 99.0 99.00
2019 08 11 09 50 348  1.8  2.3  0.56 12.90  4.99 134 1015.0  22.1  22.9 999.0 99.0 99.00
2019 08 11 10 50 321  2.2  3.0  0.52 13.79  5.40 117 1016.0  22.2  22.8 999.0 99.0 99.00
2019 08 11 11 50 338  5.0  5.7  0.55 13.79  5.70  90 1016.3  22.6  22.8 999.0 99.0 99.00
2019 08 11 12 50 340  4.5  5.7  0.53  8.33  4.87 137 1016.7  21.8  22.9 999.0 99.0 99.00
2019 08 11 13 50 329  2.8  3.7  0.58 13.79  4.89 301 1017.1  21.3  23.0 999.0 99.0 99.00
2019 08 11 14 50 327  2.5  3.5  0.55 13.79  5.19 112 1017.3  21.2  23.2 999.0 99.0 99.00
2019 08 11 15 50 310  1.9  2.5  0.52 13.79  5.22 212 1017.3  21.3  23.5 999.0 99.0 99.00
2019 08 11 16 50 274  2.6  3.5  0.51  7.69  5.59 143 1017.3  21.7  23.7 999.0 99.0 99.00
2019 08 11 17 50 240  3.4  4.0  0.55 13.79  5.88 301 1017.1  22.4  23.9 999.0 99.0 99.00
2019 08 11 18 50 233  3.1  3.7  0.51 13.79  5.75  63 1016.6  22.9  24.0 999.0 99.0 99.00
2019 08 11 19 50 230  4.2  5.0  0.46  8.33  5.50 148 1016.1  23.3  24.1 999.0 99.0 99.00
2019 08 11 20 50 228  5.8  7.0  0.50 13.79  5.94 108 1015.8  23.7  24.0 999.0 99.0 99.00
2019 08 11 21 50 226  7.3  8.2  0.56 13.79  4.53 115 1015.6  23.7  23.7 999.0 99.0 99.00
2019 08 11 22 50 229  7.4  8.8  0.66 13.79  4.00 145 1015.6  23.9  23.5 999.0 99.0 99.00
2019 08 11 23 50 222  6.9  8.0  0.66 12.90  3.66 106 1015.5  24.1  23.3 999.0 99.0 99.00
2019 08 12 00 50 228  6.8  7.8  0.66  8.33  3.83 131 1015.6  24.1  23.2 999.0 99.0 99.00
2019 08 12 01 50 231  5.9  7.0  0.65  8.33  3.64 120 1016.2  24.2  23.1 999.0 99.0 99.00
2019 08 12 02 50 235  4.4  5.1  0.57 13.79  3.78 101 1016.2  23.9  23.0 999.0 99.0 99.00
2019 08 12 03 50 232  3.8  4.5  0.54 12.90  3.82   9 1016.1  23.8  23.1 999.0 99.0 99.00
2019 08 12 04 50 241  3.7  4.2  0.55  7.14  4.03 124 1016.1  24.0  23.1 999.0 99.0 99.00
2019 08 12 05 50 243  3.5  4.1  0.54  7.69  4.16 143 1016.1  23.8  23.0 999.0 99.0 99.00
2019 08 12 06 50 244  4.3  4.7  0.54 12.90  4.43 100 1015.9  23.8  22.9 999.0 99.0 99.00
2019 08 12 07 50 248  5.0  5.7  0.55 12.90  4.65 103 1015.7  23.7  22.9 999.0 99.0 99.00
2019 08 12 08 50 251  4.0  4.8  0.60  8.33  4.49 144 1015.7  23.7  22.9 999.0 99.0 99.00
2019 08 12 09 50 257  5.8  6.7  0.54  8.33  4.12 141 1015.8  23.3  22.8 999.0 99.0 99.00
2019 08 12 10 50 262  5.4  6.0  0.56 12.90  4.01 120 1015.9  22.8  22.8 999.0 99.0 99.00
2019 08 12 11 50 261  5.1  5.7  0.53  8.33  3.88 124 1016.1  22.8  22.7 999.0 99.0 99.00
2019 08 12 12 50 267  4.6  5.4  0.55  7.69  4.25 166 1016.2  23.0  22.8 999.0 99.0 99.00
2019 08 12 13 50 272  5.6  6.5  0.57  7.69  3.89 131 1016.2  22.9  22.8 999.0 99.0 99.00
2019 08 12 14 50 269  3.9  4.5  0.56  7.69  3.95 131 1016.3  22.8  22.9 999.0 99.0 99.00
2019 08 12 15 50 256  3.9  4.6  0.55  7.69  4.04 131 1016.0  23.0  23.0 999.0 99.0 99.00
2019 08 12 16 50 242  4.0  4.7  0.51  7.14  4.19 144 1015.7  23.6  23.0 999.0 99.0 99.00
2019 08 12 17 50 226  4.8  5.7  0.50  7.14  4.17 148 1015.3  23.9  23.2 999.0 99.0 99.00
2019 08 12 18 50 214  4.8  5.4  0.51  7.69  4.11 137 1014.5  24.3  23.4 999.0 99.0 99.00
2019 08 12 19 50 208  6.1  6.9  0.54  8.33  4.31 159 1013.7  24.6  23.4 999.0 99.0 99.00
2019 08 12 20 50 219  6.4  7.6  0.62  2.86  3.54 220 1013.3  24.7  23.5 999.0 99.0 99.00
2019 08 12 21 50 216  7.1  8.2  0.71  3.57  3.51 217 1012.5  24.9  23.4 999.0 99.0 99.00
2019 08 12 22 50 212  7.5  8.7  0.85  3.85  3.65 202 1012.7  25.0  23.3 999.0 99.0 99.00
2019 08 12 23 50 210  7.7  9.1  0.93  4.00  3.74 209 1012.8  24.8  23.2 999.0 99.0 99.00
2019 08 13 01 50 220  8.1  9.3  0.98  4.35  3.72 219 1012.7  24.8  23.1 999.0 99.0 99.00
2019 08 13 02 50 223  7.8  9.3  1.04  4.55  4.02 221 1012.5  24.7  23.2 999.0 99.0 99.00
2019 08 13 03 50 224  7.9  9.3  0.97  4.35  3.84 210 1012.4  24.7  23.1 999.0 99.0 99.00
2019 08 13 04 50 219  7.8  9.1  1.01  4.76  4.05 217 1012.0  24.6  23.0 999.0 99.0 99.00
2019 08 13 05 50 224  8.2  9.8  1.01  5.00  4.03 214 1011.7  24.5  23.0 999.0 99.0 99.00
2019 08 13 06 50 233  8.5 10.1  0.95  4.35  3.97 209 1011.3  24.4  22.9 999.0 99.0 99.00
2019 08 13 07 50 231  8.3  9.7  0.98  4.76  4.00 208 1010.9  24.5  22.8 999.0 99.0 99.00
2019 08 13 08 50 226  7.9  9.2  1.02  4.76  3.99 209 1010.5  24.4  22.7 999.0 99.0 99.00
2019 08 13 09 50 232  6.1  7.0  1.03  5.00  4.29 216 1010.9  24.3  22.6 999.0 99.0 99.00
2019 08 13 10 50 220  7.7  9.1  0.99  5.00  4.11 213 1010.4  24.4  22.6 999.0 99.0 99.00
2019 08 13 11 50 224  7.4  8.7  1.08  5.00  4.19 206 1010.4  24.4  22.5 999.0 99.0 99.00
2019 08 13 12 50 227  7.2  8.9  1.31  5.26  4.52 216 1010.5  24.3  22.5 999.0 99.0 99.00
2019 08 13 13 50 231  7.3  8.5  1.31  5.56  4.64 212 1010.4  24.2  22.4 999.0 99.0 99.00
2019 08 13 14 50 234  7.5  8.7  1.30  5.56  4.68 210 1010.3  24.2  22.4 999.0 99.0 99.00
2019 08 13 15 50 236  7.1  8.3  1.44  6.25  4.71 208 1010.3  24.0  22.4 999.0 99.0 99.00
2019 08 13 16 50 254  6.2  7.4  1.31  5.88  4.64 204 1010.5  23.5  22.4 999.0 99.0 99.00
2019 08 13 17 50 241  2.8  3.2  1.29  6.25  4.72 189 1010.2  23.1  22.4 999.0 99.0 99.00
2019 08 13 18 50 286  3.3  4.2  1.17  5.88  4.85 195 1009.9  22.6  22.4 999.0 99.0 99.00
2019 08 13 19 50 186  2.2  2.8  1.11  6.25  4.87 192 1009.1  22.4  22.4 999.0 99.0 99.00
2019 08 13 20 50 170  3.1  3.7  1.16  6.25  5.03 192 1008.8  22.5  22.4 999.0 99.0 99.00
2019 08 13 21 50 212  3.7  4.1  1.14  5.88  4.93 203 1008.4  22.9  22.4 999.0 99.0 99.00
2019 08 13 22 50 219  5.0  6.0  1.09  5.88  4.89 196 1008.3  22.8  22.4 999.0 99.0 99.00
2019 08 13 23 50 246  5.0  5.8  1.02  5.88  4.72 197 1008.4  23.0  22.4 999.0 99.0 99.00
2019 08 14 00 50 256  1.8  2.5  1.07  6.25  4.93 200 1008.6  22.7  22.4 999.0 99.0 99.00
2019 08 14 01 50 249  0.3  0.7  1.15  5.88  5.10 198 1008.4  22.7  22.4 999.0 99.0 99.00
2019 08 14 02 50 241  3.0  3.5  1.15  5.88  5.03 211 1008.8  22.8  22.4 999.0 99.0 99.00
2019 08 14 03 50 228  2.5  2.9  0.89  5.88  4.84 200 1008.9  22.7  22.4 999.0 99.0 99.00
2019 08 14 04 50 231  0.7  1.0  0.82  5.88  4.85 188 1008.4  22.7  22.5 999.0 99.0 99.00
2019 08 14 05 50 262  0.8  1.2  0.87  5.56  4.84 192 1008.1  22.6  22.5 999.0 99.0 99.00
2019 08 14 06 50 333  0.3  0.5  0.83  5.88  4.85 177 1007.9  22.5  22.4 999.0 99.0 99.00
2019 08 14 07 50 335  0.6  0.8  0.90  5.88  4.98 188 1007.7  22.4  22.4 999.0 99.0 99.00
2019 08 14 08 50 355  0.6  1.0  0.95  6.25  5.20 182 1007.9  22.3  22.4 999.0 99.0 99.00
2019 08 14 09 50  12  1.4  1.8  0.95  6.25  5.08 175 1007.9  22.2  22.4 999.0 99.0 99.00
2019 08 14 10 50   7  1.4  1.7  0.88  5.56  5.04 181 1008.5  22.0  22.3 999.0 99.0 99.00
2019 08 14 11 50  28  1.1  1.8  0.95  5.56  4.97 186 1009.1  22.0  22.3 999.0 99.0 99.00
2019 08 14 12 50  52  2.7  3.0  0.81  5.26  4.76 186 1009.3  21.8  22.3 999.0 99.0 99.00
2019 08 14 13 50  32  4.4  5.2  0.82  5.56  4.95 179 1009.4  21.8  22.3 999.0 99.0 99.00
2019 08 14 14 50  40  3.9  4.6  0.76  5.88  5.09 174 1010.0  21.6  22.3 999.0 99.0 99.00
2019 08 14 15 50  53  4.8  6.3  0.68  6.25  5.19 174 1009.8  22.1  22.3 999.0 99.0 99.00
2019 08 14 16 50  56  5.2  6.0  0.77  6.25  5.60 173 1010.2  22.1  22.4 999.0 99.0 99.00
2019 08 14 17 50  65  5.6  6.5  0.83  6.67  5.22 176 1010.4  21.9  22.5 999.0 99.0 99.00
2019 08 14 18 50  61  6.0  7.0  0.90  6.67  4.81 181 1010.3  21.8  22.5 999.0 99.0 99.00
2019 08 14 19 50  56  5.8  6.9  0.94  6.67  4.40 177 1010.4  21.8  22.5 999.0 99.0 99.00
2019 08 14 20 50  65  6.3  7.1  0.96  5.88  4.56 164 1010.5  21.8  22.5 999.0 99.0 99.00
2019 08 14 21 50  73  5.9  6.9  0.99  6.25  4.52 180 1010.6  22.0  22.5 999.0 99.0 99.00
2019 08 14 22 50  83  4.5  5.1  0.95  6.67  4.48 160 1010.9  22.3  22.5 999.0 99.0 99.00
2019 08 14 23 50 100  4.9  5.4  0.98  6.67  5.04 166 1011.1  22.3  22.5 999.0 99.0 99.00
2019 08 15 00 50  74  4.7  5.4  0.94  6.25  4.94 170 1011.4  22.3  22.5 999.0 99.0 99.00
2019 08 15 01 50  69  5.2  5.9  0.93  6.25  5.11 162 1012.3  22.3  22.5 999.0 99.0 99.00
2019 08 15 02 50  73  5.3  6.2  0.93  6.67  4.96 173 1012.7  22.3  22.5 999.0 99.0 99.00
2019 08 15 03 50  62  4.6  5.4  0.85  6.67  4.72 152 1013.1  22.2  22.5 999.0 99.0 99.00
2019 08 15 04 50  70  4.9  5.5  0.89  6.67  4.84 174 1013.2  22.0  22.4 999.0 99.0 99.00
2019 08 15 05 50  49  4.7  5.5  0.92  6.67  5.05 165 1013.3  22.1  22.4 999.0 99.0 99.00
2019 08 15 06 50  49  5.0  5.9  0.83  7.14  4.71 139 1013.3  22.0  22.4 999.0 99.0 99.00
2019 08 15 07 50  43  5.5  6.3  0.89  6.67  4.65 166 1013.2  21.8  22.4 999.0 99.0 99.00
2019 08 15 08 50  51  7.2  8.1  0.96  6.67  4.50 152 1013.3  21.5  22.4 999.0 99.0 99.00
2019 08 15 09 50  38  7.1  8.2  1.02  6.67  4.35 168 1013.7  21.4  22.4 999.0 99.0 99.00
2019 08 15 10 50  38  7.8  8.9  1.00  6.25  4.38 158 1014.3  21.2  22.3 999.0 99.0 99.00
2019 08 15 11 50  53  7.0  8.4  0.99  6.25  4.01 166 1014.7  20.9  22.3 999.0 99.0 99.00
2019 08 15 12 50  50  6.6  7.6  0.95  6.25  4.15 175 1015.4  20.8  22.1 999.0 99.0 99.00
2019 08 15 13 50  62  6.6  7.8  0.97  7.14  4.18 157 1016.0  20.9  22.1 999.0 99.0 99.00
2019 08 15 14 50  58  6.6  8.0  0.97  4.35  4.19  83 1016.4  21.0  22.1 999.0 99.0 99.00
2019 08 15 15 50  71  6.4  7.4  0.97  4.35  4.31  83 1016.6  21.2  22.2 999.0 99.0 99.00
2019 08 15 16 50  67  5.7  7.1  1.00  6.67  4.24 149 1016.4  21.4  22.4 999.0 99.0 99.00
2019 08 15 17 50  69  5.6  6.5  0.94  9.09  4.32 128 1016.3  21.7  22.6 999.0 99.0 99.00
2019 08 15 18 50  69  6.2  7.0  0.97  7.69  4.46 149 1015.8  21.9  22.7 999.0 99.0 99.00
2019 08 15 19 50  74  5.8  6.7  0.94  6.67  4.35 143 1015.7  22.1  22.8 999.0 99.0 99.00
2019 08 15 20 50  85  6.1  7.1  1.08  7.69  4.56 149 1015.8  22.5  22.9 999.0 99.0 99.00
2019 08 15 21 50  90  6.2  7.0  1.07  7.14  4.76 120 1015.5  22.6  22.9 999.0 99.0 99.00
2019 08 15 22 50 100  6.3  7.3  1.19  7.69  4.85 143 1015.5  22.5  23.0 999.0 99.0 99.00
2019 08 15 23 50 103  5.7  6.9  1.18  6.25  4.86 127 1015.9  22.6  22.9 999.0 99.0 99.00
2019 08 16 00 50  92  6.4  7.3  1.21  5.88  5.00 102 1015.7  22.5  22.9 999.0 99.0 99.00
2019 08 16 01 50  94  6.1  7.1  1.29  6.25  5.10 100 1015.7  22.3  23.0 999.0 99.0 99.00
2019 08 16 02 50 109  5.9  7.1  1.29  6.25  5.19  93 1016.0  22.5  22.8 999.0 99.0 99.00
2019 08 16 03 50  93  3.9  4.9  1.22  6.25  5.14 112 1017.0  22.5  22.8 999.0 99.0 99.00
2019 08 16 04 50  90  4.8  5.6  1.26  6.25  5.12  91 1016.5  22.4  22.8 999.0 99.0 99.00
2019 08 16 05 50  92  5.4  6.1  1.28  7.69  5.32 142 1015.6  22.3  22.7 999.0 99.0 99.00
2019 08 16 06 50  75  4.2  5.0  1.25  7.69  5.20 137 1015.6  22.4  22.6 999.0 99.0 99.00
2019 08 16 07 50  58  3.5  4.0  1.33  7.14  5.26 140 1016.0  22.3  22.5 999.0 99.0 99.00
2019 08 16 08 50  57  4.0  4.5  1.23  7.14  5.10 154 1015.8  22.0  22.6 999.0 99.0 99.00
2019 08 16 09 50  38  5.7  6.6  1.18  6.25  5.12 118 1015.8  21.9  22.6 999.0 99.0 99.00
2019 08 16 10 50  40  5.3  6.1  1.19  7.69  5.24 138 1016.4  21.8  22.5 999.0 99.0 99.00
2019 08 16 11 50  59  5.6  6.3  1.14  6.25  5.00 112 1016.5  21.7  22.5 999.0 99.0 99.00
2019 08 16 12 50  67  5.2  6.4  1.16  7.69  5.04 152 1016.5  22.3  22.5 999.0 99.0 99.00
2019 08 16 13 50  63  4.5  5.0  1.10  6.25  4.81 117 1016.8  22.4  22.7 999.0 99.0 99.00
2019 08 16 14 50  75  5.1  5.8  1.08  6.67  4.96 132 1017.1  22.5  22.9 999.0 99.0 99.00
2019 08 16 15 50  78  4.5  5.2  1.11  7.14  4.99 145 1017.0  22.7  23.1 999.0 99.0 99.00
2019 08 16 16 50  82  3.8  4.7  1.06  6.67  4.95 130 1017.1  23.0  23.4 999.0 99.0 99.00
2019 08 16 17 50  62  3.0  3.6  1.02  6.67  4.97 114 1017.3  23.2  23.7 999.0 99.0 99.00
2019 08 16 18 50  67  2.8  3.4  0.97  7.14  4.92 137 1017.7  23.4  23.9 999.0 99.0 99.00
2019 08 16 19 50  65  3.6  4.1  0.98  6.67  4.98 128 1017.3  23.2  24.0 999.0 99.0 99.00
2019 08 16 20 50  82  3.5  4.0  0.96  5.56  4.96 104 1016.9  23.6  24.1 999.0 99.0 99.00
2019 08 16 21 50  91  4.6  5.5  0.90  5.56  4.99 112 1016.4  23.7  24.1 999.0 99.0 99.00
2019 08 16 22 50  86  5.0  5.8  0.85  6.67  4.90 150 1016.1  23.6  24.1 999.0 99.0 99.00
2019 08 16 23 50 102  5.7  6.6  0.87  7.69  4.86 168 1016.0  23.7  24.1 999.0 99.0 99.00
2019 08 17 00 50 106  6.1  7.0  0.84  7.14  4.51 163 1015.8  23.8  24.0 999.0 99.0 99.00
2019 08 17 01 50 106  5.4  6.1  0.86  7.69  4.64 163 1016.3  23.9  23.9 999.0 99.0 99.00
2019 08 17 02 50 108  4.2  5.3  0.88  7.69  4.76 147 1016.9  24.1  23.9 999.0 99.0 99.00
2019 08 17 03 50 109  5.1  5.9  0.88  8.33  4.58 169 1016.7  24.1  23.9 999.0 99.0 99.00
2019 08 17 04 50  86  3.6  4.5  0.94  7.69  4.79 155 1017.1  23.9  23.9 999.0 99.0 99.00
2019 08 17 05 50  98  4.1  4.6  0.91  6.25  4.76 104 1016.6  24.0  23.9 999.0 99.0 99.00
2019 08 17 06 50  88  4.4  5.7  0.86  6.25  4.50 124 1016.4  24.1  23.9 999.0 99.0 99.00
2019 08 17 07 50  52  3.2  4.9  0.89  6.67  4.63 143 1016.4  24.1  23.9 999.0 99.0 99.00
2019 08 17 08 50  53  2.0  2.6  0.86  7.14  4.56 153 1015.9  24.2  23.9 999.0 99.0 99.00
2019 08 17 09 50  91  3.5  4.3  0.86  6.67  4.61 131 1015.9  24.0  23.9 999.0 99.0 99.00
2019 08 17 10 50  68  3.8  4.7  0.82  6.25  4.74 120 1015.6  23.6  24.0 999.0 99.0 99.00
2019 08 17 11 50  77  3.6  4.2  0.76  6.67  4.73 141 1016.2  23.8  24.0 999.0 99.0 99.00
2019 08 17 12 50  83  2.8  3.5  0.77  7.14  5.12 144 1016.2  24.0  24.1 999.0 99.0 99.00
2019 08 17 13 50  41  2.5  2.9  0.78  7.69  5.14 138 1016.2  23.8  24.3 999.0 99.0 99.00
2019 08 17 14 50  65  2.2  2.8  0.76  7.14  5.07 138 1016.5  24.2  24.5 999.0 99.0 99.00
2019 08 17 15 50  39  2.4  2.9  0.86  7.14  5.14 132 1016.4  23.9  24.7 999.0 99.0 99.00
2019 08 17 16 50   6  4.2  5.0  0.75  6.67  4.99 133 1016.2  23.7  25.0 999.0 99.0 99.00
2019 08 17 17 50  24  3.1  3.7  0.80  7.14  5.18 161 1016.6  24.0  25.1 999.0 99.0 99.00
2019 08 17 18 50  39  2.4  2.8  0.78  6.67  4.90 163 1016.3  24.0  25.3 999.0 99.0 99.00
2019 08 17 19 50  70  2.4  2.8  0.82  6.67  4.95 159 1015.4  24.1  25.4 999.0 99.0 99.00
2019 08 17 20 50  57  2.9  3.5  0.79  6.67  4.98 161 1014.9  24.1  25.6 999.0 99.0 99.00
2019 08 17 21 50  76  2.1  2.4  0.78  6.25  5.02 168 1015.0  24.3  25.5 999.0 99.0 99.00
2019 08 17 22 50  95  1.5  1.8  0.77  7.14  4.92 177 1014.6  24.7  25.5 999.0 99.0 99.00
2019 08 17 23 50 146  1.0  1.9  0.78  6.25  4.76 168 1014.6  25.1  25.4 999.0 99.0 99.00
2019 08 18 00 50  57  0.9  1.2  0.78  6.67  4.96 171 1015.1  24.4  25.3 999.0 99.0 99.00
2019 08 18 01 50  63  0.9  1.1  0.79  6.67  4.92 181 1015.5  24.2  25.1 999.0 99.0 99.00
2019 08 18 02 50  84  1.2  1.6  0.80  6.67  4.96 184 1015.6  24.2  25.1 999.0 99.0 99.00
2019 08 18 03 50 222  3.7  4.3  0.79  6.67  5.07 178 1015.7  25.0  25.1 999.0 99.0 99.00
2019 08 18 04 50 214  3.5  3.9  0.75  5.56  5.00 167 1015.8  25.0  25.2 999.0 99.0 99.00
2019 08 18 05 50 199  2.7  3.3  0.72  5.88  5.20 185 1015.6  25.0  25.3 999.0 99.0 99.00
2019 08 18 06 50 213  2.9  3.4  0.70  6.67  5.13 169 1015.6  25.0  25.2 999.0 99.0 99.00
2019 08 18 07 50  38  3.5  6.1  0.77  6.25  4.93 161 1015.9  23.9  25.1 999.0 99.0 99.00
2019 08 18 08 50  46  3.2  4.0  0.78  6.67  4.92 140 1015.7  23.7  25.0 999.0 99.0 99.00
2019 08 18 09 50 199  2.6  4.5  0.75  6.67  4.65 163 1016.0  24.6  24.9 999.0 99.0 99.00
2019 08 18 10 50 188  2.2  3.0  0.78  6.25  5.14 146 1016.4  24.0  24.8 999.0 99.0 99.00
2019 08 18 11 50 209  4.2  5.3  0.78  7.14  5.15 182 1016.9  24.9  24.7 999.0 99.0 99.00
2019 08 18 12 50 236  4.6  5.4  0.81  6.25  5.37 156 1016.9  25.3  24.6 999.0 99.0 99.00
2019 08 18 13 50 233  4.2  4.8  0.87  7.14  5.52 175 1016.5  25.4  24.4 999.0 99.0 99.00
2019 08 18 14 50 222  3.5  4.1  0.85  7.69  5.76 180 1016.6  25.3  24.3 999.0 99.0 99.00
2019 08 18 15 50 260  3.5  4.2  0.91  7.69  5.98 178 1016.9  25.1  24.2 999.0 99.0 99.00
2019 08 18 16 50 243  1.6  1.9  0.85  7.69  5.55 173 1016.6  25.2  24.4 999.0 99.0 99.00
2019 08 18 17 50 195  3.5  4.3  0.84  7.14  5.70 189 1016.8  25.5  24.7 999.0 99.0 99.00
2019 08 18 18 50 192  4.1  4.9  0.86  7.69  5.87 177 1016.6  25.7  25.0 999.0 99.0 99.00
2019 08 18 19 50 192  5.3  6.1  0.81  7.14  5.57 154 1015.8  25.7  24.8 999.0 99.0 99.00
2019 08 18 20 50 198  6.4  7.4  0.83  7.14  4.86 172 1016.0  25.8  24.5 999.0 99.0 99.00
2019 08 18 21 50 204  6.1  7.7  0.90  7.14  4.41 163 1015.5  25.8  24.3 999.0 99.0 99.00
2019 08 18 22 50 209  5.2  6.0  0.87  7.14  4.47 162 1015.7  25.7  24.4 999.0 99.0 99.00
2019 08 18 23 50 206  5.2  6.5  0.82  7.14  4.43 142 1014.9  25.5  24.4 999.0 99.0 99.00
2019 08 19 00 50 213  4.9  5.9  0.91  6.67  4.83 160 1015.8  25.4  24.5 999.0 99.0 99.00
2019 08 19 01 50 220  4.2  4.8  0.85  7.14  4.67 167 1016.3  25.3  24.6 999.0 99.0 99.00
2019 08 19 02 50 238  1.0  1.8  0.79  6.25  4.64 172 1016.2  25.1  24.7 999.0 99.0 99.00
2019 08 19 03 50 220  2.8  3.4  0.74  7.14  4.96 158 1015.3  25.1  24.7 999.0 99.0 99.00
2019 08 19 04 50 223  3.6  4.2  0.68  6.67  5.08 177 1015.1  25.0  24.3 999.0 99.0 99.00
2019 08 19 05 50 203  3.7  4.4  0.72  6.25  5.03 161 1014.9  24.8  24.1 999.0 99.0 99.00
2019 08 19 06 50 193  4.6  5.8  0.68  6.25  5.00 179 1014.4  24.7  24.0 999.0 99.0 99.00
2019 08 19 07 50 205  3.8  4.6  0.75  6.67  4.78 176 1014.3  24.6  23.9 999.0 99.0 99.00
2019 08 19 08 50 245  3.4  4.0  0.69  7.14  4.65 144 1015.1  24.4  23.8 999.0 99.0 99.00
2019 08 19 09 50 258  3.3  3.8  0.68  7.14  4.69 166 1015.8  24.2  23.6 999.0 99.0 99.00
2019 08 19 10 50 256  4.0  4.7  0.63  7.14  4.45 160 1016.0  24.1  23.6 999.0 99.0 99.00
2019 08 19 11 50 246  2.8  3.2  0.74  6.67  4.82 148 1016.2  24.2  23.6 999.0 99.0 99.00
2019 08 19 12 50 229  2.2  2.7  0.67  6.67  4.52 151 1015.7  24.2  23.7 999.0 99.0 99.00
2019 08 19 13 50 230  4.1  4.8  0.65  5.88  4.65 144 1015.7  24.3  23.9 999.0 99.0 99.00
2019 08 19 14 50 245  4.0  4.6  0.68  7.69  4.41 169 1016.1  23.9  24.0 999.0 99.0 99.00
2019 08 19 15 50 237  4.3  5.1  0.71  8.33  4.90 169 1016.0  24.1  24.1 999.0 99.0 99.00
2019 08 19 16 50 207  4.1  4.9  0.73  8.33  4.93 184 1015.9  24.4  24.2 999.0 99.0 99.00
2019 08 19 17 50 213  4.9  5.9  0.69  8.33  5.00 135 1015.6  24.6  24.4 999.0 99.0 99.00
2019 08 19 18 50 201  4.9  5.7  0.71  6.67  4.56 153 1015.1  25.1  24.6 999.0 99.0 99.00
2019 08 19 19 50 203  7.3  8.6  0.73  6.67  4.18 164 1014.7  25.4  24.7 999.0 99.0 99.00
2019 08 19 20 50 208  9.9 12.0  0.87  3.45  3.89 212 1013.5  25.5  24.6 999.0 99.0 99.00
2019 08 19 21 50 252  7.1  8.6  0.92  3.85  4.04 198 1015.1  25.2  24.5 999.0 99.0 99.00
2019 08 19 22 50 232  5.8  6.9  0.97  4.17  4.25 191 1014.9  24.0  24.3 999.0 99.0 99.00
2019 08 19 23 50 205  3.1  3.7  0.99  4.00  4.33 207 1015.0  24.7  24.2 999.0 99.0 99.00
2019 08 20 00 50 225  1.5  2.1  1.13  5.00  4.59 202 1015.2  24.6  24.2 999.0 99.0 99.00
2019 08 20 01 50 233  3.9  4.6  1.06  4.55  4.63 206 1015.7  24.6  24.2 999.0 99.0 99.00
2019 08 20 02 50 239  3.4  4.6  0.92  4.35  4.62 208 1016.2  24.5  24.1 999.0 99.0 99.00
2019 08 20 03 50 247  3.2  3.7  0.86  5.26  4.51 172 1016.3  24.4  24.0 999.0 99.0 99.00
2019 08 20 04 50 257  2.2  2.4  0.83  5.88  4.70 177 1016.2  24.1  23.9 999.0 99.0 99.00
2019 08 20 05 50 245  2.3  2.8  0.82  6.67  4.94 171 1016.2  23.9  23.8 999.0 99.0 99.00
2019 08 20 06 50 261  3.3  3.8  0.82  7.14  4.87 168 1016.5  23.8  23.7 999.0 99.0 99.00
2019 08 20 07 50 259  2.1  2.5  0.80  4.55  4.73 192 1016.7  23.7  23.9 999.0 99.0 99.00
2019 08 20 08 50 306  1.5  2.0  0.81  4.55  4.64 196 1017.0  23.8  23.9 999.0 99.0 99.00
2019 08 20 09 50 355  3.4  4.5  0.69  7.14  4.47 167 1017.7  23.8  24.0 999.0 99.0 99.00
2019 08 20 10 50  16  4.7  5.5  0.62  4.76  4.55 173 1018.5  24.2  23.9 999.0 99.0 99.00
2019 08 20 11 50  37  5.0  5.9  0.60  7.14  4.70 156 1018.9  24.3  23.9 999.0 99.0 99.00
2019 08 20 12 50  48  4.7  5.5  0.62  7.69  4.57 139 1019.0  24.3  23.8 999.0 99.0 99.00
2019 08 20 13 50  42  4.0  4.9  0.64  6.67  4.76 165 1019.2  24.2  23.8 999.0 99.0 99.00
2019 08 20 14 50  41  4.0  4.7  0.62  6.67  4.85 169 1019.2  24.4  24.0 999.0 99.0 99.00
2019 08 20 15 50  40  2.9  3.5  0.61  6.67  4.89 165 1019.3  24.5  24.2 999.0 99.0 99.00
2019 08 20 16 50  51  2.1  2.6  0.61  5.00  5.19 188 1019.2  24.6  24.5 999.0 99.0 99.00
2019 08 20 17 50  55  1.2  1.5  0.64  6.25  5.14 143 1019.0  24.8  24.9 999.0 99.0 99.00
2019 08 20 18 50  73  0.7  1.0  0.58  7.14  5.25 148 1018.9  25.2  25.3 999.0 99.0 99.00
2019 08 20 19 50  83  0.2  0.6  0.60  6.25  5.29 158 1018.4  25.7  25.5 999.0 99.0 99.00
2019 08 20 20 50 116  0.6  0.9  0.57  7.14  5.38 138 1018.4  26.1  25.3 999.0 99.0 99.00
2019 08 20 21 50 109  1.8  2.1  0.53  6.67  5.32 149 1018.1  26.0  26.1 999.0 99.0 99.00
2019 08 20 22 50 135  2.4  2.7  0.56 10.81  5.45 120 1017.6  25.9  25.7 999.0 99.0 99.00
2019 08 20 23 50 151  3.5  4.1  0.57  6.25  5.54 144 1017.4  25.7  25.3 999.0 99.0 99.00
2019 08 21 00 50 158  2.8  3.2  0.57  6.67  5.49 113 1017.4  25.5  25.2 999.0 99.0 99.00
2019 08 21 01 50 176  3.2  3.7  0.53 10.81  5.27 160 1017.9  25.4  25.0 999.0 99.0 99.00
2019 08 21 02 50 156  2.7  3.1  0.57  6.67  5.29 130 1017.4  25.3  24.9 999.0 99.0 99.00
2019 08 21 03 50 137  2.4  2.8  0.53  6.25  5.20 165 1017.1  25.1  24.9 999.0 99.0 99.00
2019 08 21 04 50 171  3.8  4.7  0.51 11.43  4.98  79 1017.4  25.1  24.8 999.0 99.0 99.00
2019 08 21 05 50 194  3.2  3.7  0.54 11.43  4.90  96 1017.4  25.2  24.8 999.0 99.0 99.00
2019 08 21 06 50 186  2.4  2.8  0.54 10.00  4.71 119 1017.0  25.0  24.7 999.0 99.0 99.00
2019 08 21 07 50 211  3.7  4.3  0.53 10.81  4.72 130 1016.3  25.0  24.7 999.0 99.0 99.00
2019 08 21 08 50 216  2.9  3.8  0.52 10.00  4.75 120 1015.7  24.8  24.7 999.0 99.0 99.00
2019 08 21 09 50 208  2.0  2.4  0.49 10.00  4.48  88 1015.1  25.0  24.6 999.0 99.0 99.00
2019 08 21 10 50 192  5.2  6.2  0.51 10.00  4.63 135 1015.7  25.0  24.5 999.0 99.0 99.00
2019 08 21 11 50 206  4.3  5.2  0.53 10.00  4.26 130 1015.5  25.1  24.5 999.0 99.0 99.00
2019 08 21 12 50 225  4.7  5.7  0.60  9.09  4.24 116 1015.3  24.9  24.6 999.0 99.0 99.00
2019 08 21 13 50 232  6.4  7.4  0.75  3.33  3.81 187 1015.1  24.9  24.6 999.0 99.0 99.00
2019 08 21 14 50 221  7.7  9.6  0.89  4.55  4.08 182 1014.6  25.1  24.6 999.0 99.0 99.00
2019 08 21 15 50 223  8.2  9.4  1.01  4.55  4.08 182 1014.2  25.1  24.7 999.0 99.0 99.00
2019 08 21 16 50 214  7.6  9.6  1.04  4.35  4.07 183 1013.9  25.4  24.7 999.0 99.0 99.00
2019 08 21 17 50 214  8.1  9.9  1.07  4.76  4.09 195 1013.4  25.6  24.8 999.0 99.0 99.00
2019 08 21 18 50 212  8.3  9.6  1.02  4.55  4.11 198 1012.9  25.8  24.8 999.0 99.0 99.00
2019 08 21 19 50 207  8.2  9.6  1.09  4.35  4.11 194 1012.1  25.8  24.8 999.0 99.0 99.00
2019 08 21 20 50 216  9.1 11.1  1.06  4.76  4.07 191 1011.8  26.0  24.8 999.0 99.0 99.00
2019 08 21 21 50 210 10.3 11.9  1.29  4.76  4.25 201 1011.6  25.9  24.6 999.0 99.0 99.00
2019 08 21 22 50 209 10.8 12.9  1.40  4.76  4.28 210 1011.0  25.7  24.3 999.0 99.0 99.00
2019 08 21 23 50 216 10.5 12.2  1.53  5.00  4.46 207 1011.6  25.7  24.1 999.0 99.0 99.00
2019 08 22 00 50 213  9.4 11.3  1.49  5.56  4.47 203 1011.9  25.5  24.0 999.0 99.0 99.00
2019 08 22 01 50 222  9.1 11.0  1.55  5.88  4.63 187 1011.8  25.2  23.9 999.0 99.0 99.00
2019 08 22 02 50 230  6.6  7.9  1.43  5.88  4.47 198 1012.2  24.8  23.6 999.0 99.0 99.00
2019 08 22 03 50 219  6.1  7.2  1.42  5.88  4.63 185 1012.0  24.7  23.4 999.0 99.0 99.00
2019 08 22 04 50 218  6.4  7.9  1.36  5.56  4.84 194 1011.6  24.6  23.3 999.0 99.0 99.00
2019 08 22 05 50 222  5.1  6.2  1.35  5.88  4.80 190 1011.1  24.4  23.2 999.0 99.0 99.00
2019 08 22 06 50 234  5.0  6.0  1.30  6.25  4.90 192 1010.4  24.0  23.2 999.0 99.0 99.00
2019 08 22 07 50 252  4.3  5.3  1.33  6.25  5.15 198 1010.6  23.4  23.2 999.0 99.0 99.00
2019 08 22 08 50 239  3.7  4.7  1.14  6.67  5.06 192 1010.4  23.1  23.2 999.0 99.0 99.00
2019 08 22 09 50 233  4.4  5.1  1.03  6.25  4.79 191 1010.7  23.5  23.2 999.0 99.0 99.00
2019 08 22 10 50 231  4.3  5.0  1.08  5.56  4.84 198 1011.2  23.5  23.2 999.0 99.0 99.00
2019 08 22 11 50 251  5.2  6.5  1.13  6.25  5.13 185 1011.4  23.5  23.2 999.0 99.0 99.00
2019 08 22 12 50 258  5.1  5.9  1.04  6.67  4.90 185 1011.7  23.4  23.2 999.0 99.0 99.00
2019 08 22 13 50 259  4.5  5.2  1.14  6.67  4.87 188 1012.1  23.4  23.2 999.0 99.0 99.00
2019 08 22 14 50 259  5.2  6.2  1.03  7.14  4.89 187 1012.1  23.4  23.3 999.0 99.0 99.00
2019 08 22 15 50 259  4.4  5.4  1.04  6.67  4.95 190 1012.1  23.7  23.4 999.0 99.0 99.00
2019 08 22 16 50 256  5.1  5.9  1.11  7.69  5.25 175 1012.0  23.7  23.7 999.0 99.0 99.00
2019 08 22 17 50 237  4.4  5.1  1.16  7.69  5.27 175 1011.9  24.3  23.9 999.0 99.0 99.00
2019 08 22 18 50 239  5.4  6.4  1.29  7.69  5.77 181 1012.1  24.7  24.1 999.0 99.0 99.00
2019 08 22 19 50 218  5.1  6.1  1.17  7.14  5.55 191 1011.4  25.0  24.2 999.0 99.0 99.00
2019 08 22 20 50 219  6.0  6.9  1.15  7.69  5.71 181 1011.3  25.3  24.3 999.0 99.0 99.00
2019 08 22 21 50 209  5.9  6.9  1.21  7.69  5.54 167 1011.3  25.4  24.1 999.0 99.0 99.00
2019 08 22 22 50 204  6.5  7.7  1.26  7.69  5.28 178 1011.0  25.4  24.0 999.0 99.0 99.00
2019 08 22 23 50 218  7.7  9.2  1.25  7.69  5.15 163 1011.4  25.3  23.8 999.0 99.0 99.00
2019 08 23 00 50 214  7.6  9.8  1.29  7.69  4.80 179 1011.6  25.1  23.9 999.0 99.0 99.00
2019 08 23 01 50 234  6.8  7.7  1.42  7.69  4.87 178 1012.3  25.1  23.8 999.0 99.0 99.00
2019 08 23 02 50 313  4.4  6.4  1.54  7.69  5.18 177 1012.8  24.1  23.7 999.0 99.0 99.00
2019 08 23 03 50 341  3.8  5.0  1.26  7.69  5.00 178 1013.4  23.1  23.7 999.0 99.0 99.00
2019 08 23 04 50  34  1.8  2.4  1.24  7.69  5.08 177 1012.9  23.1  23.6 999.0 99.0 99.00
2019 08 23 05 50  18  1.7  2.4  1.18  7.69  5.04 191 1012.8  23.3  23.7 999.0 99.0 99.00
2019 08 23 06 50   2  1.7  2.5  1.22  7.14  5.11 176 1012.1  23.3  23.6 999.0 99.0 99.00
2019 08 23 07 50 346  0.3  0.9  1.17  7.14  5.30 181 1012.5  23.4  23.6 999.0 99.0 99.00
2019 08 23 08 50 313  3.3  4.3  1.07  7.14  5.28 189 1012.8  23.4  23.6 999.0 99.0 99.00
2019 08 23 09 50 323  3.5  4.4  1.09  7.14  5.55 179 1013.2  23.1  23.6 999.0 99.0 99.00
2019 08 23 10 50 351  3.2  4.2  0.99  7.14  5.46 173 1014.4  23.1  23.7 999.0 99.0 99.00
2019 08 23 11 50  26  7.3  8.7  1.03  7.14  4.59 178 1015.0  22.1  23.6 999.0 99.0 99.00
2019 08 23 12 50   7  8.0  9.8  0.96  7.14  4.35 168 1015.2  21.8  23.5 999.0 99.0 99.00
2019 08 23 13 50   2  8.3  9.7  1.08  7.14  4.27 181 1015.6  21.3  23.4 999.0 99.0 99.00
2019 08 23 14 50  18  8.0  9.7  1.04  6.67  4.01 195 1015.7  21.1  23.4 999.0 99.0 99.00
2019 08 23 15 50   8  5.5  6.6  0.99  3.85  4.00  23 1015.7  20.8  23.4 999.0 99.0 99.00
2019 08 23 16 50 358  4.2  5.4  0.89  6.25  4.27 161 1015.7  20.6  23.5 999.0 99.0 99.00
2019 08 23 17 50 347  2.3  3.5  0.79  6.25  4.32 188 1015.4  20.8  23.7 999.0 99.0 99.00
2019 08 23 18 50 326  3.8  5.2  0.82  6.67  4.78 190 1015.5  21.0  23.7 999.0 99.0 99.00
2019 08 23 19 50 319  4.1  5.9  0.78  7.14  4.95 176 1015.6  21.1  23.7 999.0 99.0 99.00
2019 08 23 20 50 332  4.7  5.9  0.81  7.14  5.15 195 1015.2  21.4  23.6 999.0 99.0 99.00
2019 08 23 21 50 345  3.7  4.5  0.81  6.67  5.41 182 1015.4  22.1  23.6 999.0 99.0 99.00
2019 08 23 22 50  26  4.2  5.1  0.87  7.14  5.52 172 1014.6  22.4  23.5 999.0 99.0 99.00
2019 08 23 23 50 351  5.7  6.8  0.82  7.14  4.67 159 1015.7  22.9  23.5 999.0 99.0 99.00
2019 08 24 00 50 360  5.7  6.9  0.75  7.14  4.38 171 1015.5  23.0  23.3 999.0 99.0 99.00
2019 08 24 01 50 353  6.0  7.0  0.75  7.14  4.39 166 1016.1  22.8  23.2 999.0 99.0 99.00
2019 08 24 02 50 349  6.6  7.6  0.85  6.67  4.46 176 1016.5  22.7  23.2 999.0 99.0 99.00
2019 08 24 03 50 348  6.7  7.7  0.77  6.67  3.89 169 1016.8  22.3  23.2 999.0 99.0 99.00
2019 08 24 04 50 359  8.2  9.9  0.87  6.67  3.83 181 1016.8  22.1  23.2 999.0 99.0 99.00
2019 08 24 05 50   8  8.9 10.9  0.93  7.14  3.71 174 1016.6  21.7  23.1 999.0 99.0 99.00
2019 08 24 06 50  31  9.9 11.8  0.98  3.70  3.67 353 1016.8  21.7  22.9 999.0 99.0 99.00
2019 08 24 07 50  40  9.2 10.6  1.03  3.85  3.72  13 1017.2  21.6  22.8 999.0 99.0 99.00
2019 08 24 08 50  35 10.4 11.7  0.96  3.70  3.56  21 1017.6  21.1  22.8 999.0 99.0 99.00
2019 08 24 09 50  32  9.3 11.1  1.22  4.17  3.87  45 1018.4  20.7  22.6 999.0 99.0 99.00
2019 08 24 10 50  24  9.7 11.1  1.34  5.00  4.10  71 1019.2  20.6  22.5 999.0 99.0 99.00
2019 08 24 11 50  22  9.8 11.3  1.27  4.76  4.13  64 1019.9  20.4  22.5 999.0 99.0 99.00
2019 08 24 12 50  26  8.8 10.4  1.34  5.26  4.26  68 1020.5  20.3  22.2 999.0 99.0 99.00
2019 08 24 13 50  24  7.3  8.6  1.16  5.56  4.11  78 1021.1  20.3  21.9 999.0 99.0 99.00
2019 08 24 14 50  10  6.3  7.6  1.22  5.56  4.33  75 1021.2  20.5  21.8 999.0 99.0 99.00
2019 08 24 15 50   9  5.0  6.1  1.08  5.56  4.42  66 1021.3  20.7  21.8 999.0 99.0 99.00
2019 08 24 16 50   9  5.2  6.4  0.98  5.88  4.41  70 1021.3  21.1  21.7 999.0 99.0 99.00
2019 08 24 17 50  15  4.2  5.1  0.86  5.26  4.25  55 1021.5  21.2  21.9 999.0 99.0 99.00
2019 08 24 18 50  13  3.9  5.1  0.87  6.25  4.38  70 1021.4  21.3  22.1 999.0 99.0 99.00
2019 08 24 19 50  41  3.2  4.3  0.84  5.26  4.49  57 1021.3  21.4  22.2 999.0 99.0 99.00
2019 08 24 20 50  65  2.8  3.6  0.75  5.56  4.36  66 1021.7  21.5  22.2 999.0 99.0 99.00
2019 08 24 21 50  79  3.3  4.1  0.70  6.25  4.45 118 1021.9  21.5  22.2 999.0 99.0 99.00
2019 08 24 22 50  77  3.9  4.9  0.65  5.56  4.51  97 1022.0  21.4  22.2 999.0 99.0 99.00
2019 08 24 23 50  78  4.5  5.1  0.54  6.67  4.31 156 1022.4  21.4  22.1 999.0 99.0 99.00
2019 08 25 00 50  71  5.8  6.8  0.56  4.76  4.13  79 1022.9  21.7  22.1 999.0 99.0 99.00
2019 08 25 01 50  67  5.8  7.0  0.64  4.55  3.75  79 1023.2  21.8  22.1 999.0 99.0 99.00
2019 08 25 02 50  49  7.9  9.6  0.66  4.76  3.72  79 1023.4  21.5  22.1 999.0 99.0 99.00
2019 08 25 03 50  58  9.6 11.3  0.90  3.70  3.51  75 1023.3  21.3  22.1 999.0 99.0 99.00
2019 08 25 04 50  60  9.8 12.3  1.26  4.35  3.92  71 1023.2  21.0  21.9 999.0 99.0 99.00
2019 08 25 05 50  60 10.7 12.8  1.40  5.26  4.02  71 1022.4  20.5  21.7 999.0 99.0 99.00
2019 08 25 06 50  59 10.8 13.6  1.57  5.00  4.11  72 1022.0  20.3  21.4 999.0 99.0 99.00
2019 08 25 07 50  62 10.2 11.8  1.64  5.56  4.37  76 1022.2  20.5  21.0 999.0 99.0 99.00
2019 08 25 08 50  49  9.7 11.8  1.67  5.88  4.47  74 1022.2  19.9  20.7 999.0 99.0 99.00
2019 08 25 09 50  40 10.2 12.3  1.72  5.56  4.69  64 1022.3  19.3  20.6 999.0 99.0 99.00
2019 08 25 10 50  39 10.9 13.0  1.64  6.25  4.75  71 1022.6  19.3  20.8 999.0 99.0 99.00
2019 08 25 11 50  39 11.0 13.0  1.80  6.25  4.90  65 1022.9  19.4  21.0 999.0 99.0 99.00
2019 08 25 12 50  39 10.9 12.8  2.00  6.67  5.12  65 1023.2  19.3  21.1 999.0 99.0 99.00
2019 08 25 13 50  36 10.4 12.3  1.93  6.67  5.18  72 1023.4  19.4  21.1 999.0 99.0 99.00
2019 08 25 14 50  38  9.6 11.4  1.96  6.25  5.06  79 1023.8  19.7  21.2 999.0 99.0 99.00
2019 08 25 15 50  45 10.4 12.5  2.11  6.25  5.24  65 1023.7  20.0  21.2 999.0 99.0 99.00
2019 08 25 16 50  49 11.5 13.5  2.11  6.67  5.15  80 1023.3  20.3  21.1 999.0 99.0 99.00
2019 08 25 17 50  48 11.1 13.7  1.97  6.25  4.92  65 1023.0  20.5  21.0 999.0 99.0 99.00
2019 08 25 18 50  53 11.8 14.2  2.19  6.67  5.16  73 1022.6  20.6  21.0 999.0 99.0 99.00
2019 08 25 19 50  54 12.3 14.9  2.19  6.67  5.05  72 1022.3  20.4  20.9 999.0 99.0 99.00
2019 08 25 20 50  54 12.2 14.5  2.18  7.14  5.13  74 1021.9  20.7  20.9 999.0 99.0 99.00
2019 08 25 21 50  61 12.4 14.5  2.26  6.67  5.00  80 1021.8  20.7  20.9 999.0 99.0 99.00
2019 08 25 22 50  57 11.7 14.5  2.51  7.14  5.44  85 1022.0  20.4  20.8 999.0 99.0 99.00
2019 08 25 23 50  57 11.9 14.2  2.63  7.69  5.67  87 1022.2  20.3  20.8 999.0 99.0 99.00
2019 08 26 00 50  52 11.3 13.5  2.60  8.33  5.72  89 1022.7  20.2  20.7 999.0 99.0 99.00
2019 08 26 01 50  50 11.1 13.4  2.82  7.14  5.84  82 1022.5  20.0  20.8 999.0 99.0 99.00
2019 08 26 02 50  44 10.7 12.5  2.66  7.69  5.83  87 1022.6  19.7  20.6 999.0 99.0 99.00
2019 08 26 03 50  44 10.6 12.9  2.55  7.69  5.72  94 1022.3  19.3  20.6 999.0 99.0 99.00
2019 08 26 04 50  41  9.9 11.8  2.62  7.14  5.78  84 1022.4  19.1  20.5 999.0 99.0 99.00
2019 08 26 05 50  39  9.9 11.4  2.34  7.69  5.74  86 1021.8  18.8  20.3 999.0 99.0 99.00
2019 08 26 06 50  45  9.0 10.7  2.40  7.14  5.88  78 1021.7  18.9  20.2 999.0 99.0 99.00
2019 08 26 07 50  42  9.2 10.9  2.30  8.33  5.68  80 1021.3  19.1  20.2 999.0 99.0 99.00
2019 08 26 08 50  44  9.0 11.1  2.17  7.14  5.56  88 1021.2  19.1  20.1 999.0 99.0 99.00
2019 08 26 09 50  43  9.1 10.8  2.07  7.14  5.44  81 1021.5  18.6  20.1 999.0 99.0 99.00
2019 08 26 10 50  33  9.5 12.3  2.09  8.33  5.52  91 1021.8  18.4  20.2 999.0 99.0 99.00
2019 08 26 11 50  27  8.5 10.3  2.07  7.69  5.48  82 1022.4  18.3  20.2 999.0 99.0 99.00
2019 08 26 12 50  30  8.5 10.2  2.01  7.69  5.44  88 1022.6  18.0  20.2 999.0 99.0 99.00
2019 08 26 13 50  41  8.6 10.4  2.12  7.69  5.61  80 1022.5  18.2  20.3 999.0 99.0 99.00
2019 08 26 14 50  41  8.8 10.3  1.90  7.69  5.36  91 1022.4  18.5  20.4 999.0 99.0 99.00
2019 08 26 15 50  40  8.4 10.0  2.02  7.69  5.31  86 1022.5  19.0  20.5 999.0 99.0 99.00
2019 08 26 16 50  50  8.2  9.9  1.96  6.25  5.19  80 1022.4  19.3  20.7 999.0 99.0 99.00
2019 08 26 17 50  39  7.5  8.8  1.89  6.67  5.21  90 1022.4  19.6  20.8 999.0 99.0 99.00
2019 08 26 18 50  46  8.5 10.1  1.78  7.69  5.07  96 1021.6  19.9  20.8 999.0 99.0 99.00
2019 08 26 19 50  51  9.1 11.0  1.68  6.67  5.06  82 1021.1  20.1  20.9 999.0 99.0 99.00
2019 08 26 20 50  65  8.6 10.3  1.80  6.67  5.19  84 1020.8  20.4  20.9 999.0 99.0 99.00
2019 08 26 21 50  61  9.5 11.3  1.76  6.67  5.06  85 1020.1  20.4  20.9 999.0 99.0 99.00
2019 08 26 22 50  65  7.8  9.2  1.81  6.67  5.35  86 1020.2  20.5  20.9 999.0 99.0 99.00
2019 08 26 23 50  65  7.0  8.5  1.82  7.14  5.47  84 1020.2  20.6  20.9 999.0 99.0 99.00
2019 08 27 00 50  71  7.2  8.6  1.79  7.69  5.43  99 1020.6  20.7  20.8 999.0 99.0 99.00
2019 08 27 01 50  83  6.6  7.8  1.73  8.33  5.54  88 1020.9  20.7  20.8 999.0 99.0 99.00
2019 08 27 02 50  90  6.3  7.8  1.75  7.69  5.59  87 1020.9  20.5  20.7 999.0 99.0 99.00
2019 08 27 03 50  88  6.6  7.9  1.85  7.14  5.82  92 1020.7  20.5  20.7 999.0 99.0 99.00
2019 08 27 04 50  87  5.5  6.8  1.96  7.14  5.93  83 1020.5  20.4  20.7 999.0 99.0 99.00
2019 08 27 05 50  85  4.5  5.7  1.79  7.69  5.78  82 1020.0  20.2  20.7 999.0 99.0 99.00
2019 08 27 06 50  87  4.9  6.0  1.80  7.14  5.92  83 1019.6  20.1  20.7 999.0 99.0 99.00
2019 08 27 07 50  82  5.1  6.6  1.74  7.14  5.63  80 1019.3  19.9  20.7 999.0 99.0 99.00
2019 08 27 08 50  84  5.7  7.1  1.70  7.69  5.76  91 1018.7  19.7  20.7 999.0 99.0 99.00
2019 08 27 09 50  87  5.0  6.0  1.63  6.67  5.77  89 1018.6  19.6  20.6 999.0 99.0 99.00
2019 08 27 10 50  84  4.5  5.5  1.54 10.00  5.71  70 1018.8  19.5  20.6 999.0 99.0 99.00
2019 08 27 11 50  90  5.7  7.0  1.55 10.00  5.92  99 1018.8  19.7  20.6 999.0 99.0 99.00
2019 08 27 12 50  85  5.0  6.3  1.48 10.00  5.98  99 1019.4  19.9  20.7 999.0 99.0 99.00
2019 08 27 13 50  86  4.7  5.9  1.55 10.00  6.05 104 1019.4  20.0  20.7 999.0 99.0 99.00
2019 08 27 14 50  79  5.3  6.3  1.44 10.00  5.83 115 1019.2  20.0  20.8 999.0 99.0 99.00
2019 08 27 15 50  93  5.2  6.2  1.40 10.81  5.80  93 1018.9  20.1  20.9 999.0 99.0 99.00
2019 08 27 16 50  95  5.7  6.6  1.45 10.00  5.92  78 1018.2  20.1  20.9 999.0 99.0 99.00
2019 08 27 17 50  84  5.4  6.5  1.40  9.09  5.69  96 1017.7  20.2  20.9 999.0 99.0 99.00
2019 08 27 18 50  83  5.1  6.3  1.33 11.43  5.57  82 1017.4  20.2  21.0 999.0 99.0 99.00
2019 08 27 19 50  93  4.7  5.7  1.34 10.00  5.86  93 1016.9  20.2  21.0 999.0 99.0 99.00
2019 08 27 20 50  94  4.7  5.7  1.38 10.81  5.95  89 1016.9  20.3  21.0 999.0 99.0 99.00
2019 08 27 21 50  82  5.2  6.4  1.38 11.43  6.07  80 1016.7  20.4  21.0 999.0 99.0 99.00
2019 08 27 22 50  90  5.9  6.8  1.32 11.43  5.95  85 1016.0  20.5  21.0 999.0 99.0 99.00
2019 08 27 23 50  93  6.3  7.3  1.34 11.43  6.09  92 1016.0  20.7  20.9 999.0 99.0 99.00
2019 08 28 00 50  95  5.5  6.7  1.20 10.81  5.65 109 1016.5  21.1  20.9 999.0 99.0 99.00
2019 08 28 01 50 106  4.8  6.0  1.22 11.43  5.65  90 1016.6  21.2  20.8 999.0 99.0 99.00
2019 08 28 02 50 112  4.5  5.3  1.16  9.09  5.61  92 1016.6  21.3  20.8 999.0 99.0 99.00
2019 08 28 03 50  97  3.4  4.1  1.16 10.81  5.66  89 1016.5  21.4  20.9 999.0 99.0 99.00
2019 08 28 04 50  82  3.6  4.4  1.16 10.00  5.84 117 1015.8  21.4  20.9 999.0 99.0 99.00
2019 08 28 05 50 103  4.5  5.9  1.20 10.81  6.01 106 1015.1  21.4  20.9 999.0 99.0 99.00
2019 08 28 06 50  94  1.0  1.6  1.15 10.81  5.66 102 1015.2  21.5  21.0 999.0 99.0 99.00
2019 08 28 07 50  82  5.1  6.0  1.12 10.81  5.75  98 1014.0  19.3  21.0 999.0 99.0 99.00
2019 08 28 08 50  41  3.5  4.3  1.09 10.00  5.88 101 1013.4  20.4  20.9 999.0 99.0 99.00
2019 08 28 09 50  55  4.8  5.5  1.07  8.33  5.75 106 1013.2  20.8  21.0 999.0 99.0 99.00
2019 08 28 10 50  56  5.3  6.5  1.04 10.00  5.78  96 1013.6  21.4  21.0 999.0 99.0 99.00
2019 08 28 11 50  55  5.8  7.4  1.12 10.00  5.71 111 1013.4  21.3  21.0 999.0 99.0 99.00
2019 08 28 12 50  32  6.5  7.6  1.11 10.00  5.55  96 1012.5  20.5  21.0 999.0 99.0 99.00
2019 08 28 13 50  37  7.9  9.4  1.12  9.09  5.41 112 1012.2  21.1  21.0 999.0 99.0 99.00
2019 08 28 14 50  40  7.5  8.8  1.21 10.00  5.02 103 1011.9  21.1  21.0 999.0 99.0 99.00
2019 08 28 15 50  50  7.2  8.3  1.39  9.09  5.04 108 1011.7  21.3  21.0 999.0 99.0 99.00
2019 08 28 16 50  60  7.0  8.2  1.31 10.00  5.00 102 1010.3  21.6  21.0 999.0 99.0 99.00
2019 08 28 17 50  82  3.9  5.1  1.26 10.00  5.16 107 1009.8  21.9  21.1 999.0 99.0 99.00
2019 08 28 18 50 112  3.2  3.9  1.30  9.09  5.30 101 1009.1  22.3  21.3 999.0 99.0 99.00
2019 08 28 19 50 142  1.7  2.3  1.20 10.00  5.39  92 1008.9  23.0  21.7 999.0 99.0 99.00
2019 08 28 20 50 192  2.9  3.6  1.13 10.00  5.13 107 1008.8  22.7  21.8 999.0 99.0 99.00
2019 08 28 21 50 184  2.4  2.8  1.12  8.33  5.21 117 1008.7  21.8  21.6 999.0 99.0 99.00
2019 08 28 22 50 288  5.6  6.6  1.06  8.33  5.13 131 1008.7  21.0  21.5 999.0 99.0 99.00
2019 08 28 23 50 313  4.0  5.1  1.02  9.09  5.39 129 1009.1  20.9  21.4 999.0 99.0 99.00
2019 08 29 00 50 329  4.3  5.3  1.08 10.00  5.22 115 1009.1  21.0  21.4 999.0 99.0 99.00
2019 08 29 01 50   2  3.0  3.8  1.08 10.00  5.38 103 1009.2  20.9  21.3 999.0 99.0 99.00
2019 08 29 02 50 312  4.2  5.2  1.18 10.00  5.49 124 1009.7  21.1  21.3 999.0 99.0 99.00
2019 08 29 03 50 308  5.1  6.2  1.21  9.09  6.13 136 1009.5  21.1  21.2 999.0 99.0 99.00
2019 08 29 04 50 314  4.9  5.7  1.24  9.09  6.02 146 1009.0  21.3  21.2 999.0 99.0 99.00
2019 08 29 05 50 310  4.0  4.8  1.15  9.09  5.93 148 1009.3  21.3  21.2 999.0 99.0 99.00
2019 08 29 06 50 296  4.9  5.9  1.17  7.14  5.87 156 1008.8  21.3  21.3 999.0 99.0 99.00
2019 08 29 07 50 321  4.9  6.4  1.21  7.69  5.80 152 1008.6  21.3  21.3 999.0 99.0 99.00
2019 08 29 08 50 331  7.7  9.1  1.31  9.09  5.72 156 1008.7  21.2  21.3 999.0 99.0 99.00
2019 08 29 09 50 345  7.6  9.2  1.36  9.09  5.27 145 1009.5  21.3  21.3 999.0 99.0 99.00
2019 08 29 10 50 339  6.9  8.5  1.20 10.00  5.05 155 1009.9  20.9  21.3 999.0 99.0 99.00
2019 08 29 11 50 329  7.7  9.3  1.21  8.33  4.87 138 1009.6  20.8  21.3 999.0 99.0 99.00
2019 08 29 12 50 329  7.3  8.9  1.26  9.09  4.88 149 1010.4  20.8  21.4 999.0 99.0 99.00
2019 08 29 13 50 329  6.2  7.3  1.08  9.09  4.68 140 1011.6  21.1  21.4 999.0 99.0 99.00
2019 08 29 14 50 315  7.0  8.2  1.04  8.33  4.80 130 1011.7  21.4  21.5 999.0 99.0 99.00
2019 08 29 15 50 309  6.2  7.8  1.04  9.09  4.79 151 1012.1  21.7  21.5 999.0 99.0 99.00
2019 08 29 16 50 286  5.2  6.8  0.98  9.09  4.95 156 1012.1  21.9  21.6 999.0 99.0 99.00
2019 08 29 17 50 274  4.2  4.9  1.01 10.00  5.21 155 1012.1  22.3  21.7 999.0 99.0 99.00
2019 08 29 18 50 273  4.5  5.4  0.92 10.00  5.57 169 1011.8  22.7  21.8 999.0 99.0 99.00
2019 08 29 19 50 279  3.2  4.1  0.89  9.09  5.75 168 1011.6  23.3  21.9 999.0 99.0 99.00
2019 08 29 20 50 274  6.5  7.8  0.89 10.00  5.80 160 1011.3  23.9  22.0 999.0 99.0 99.00
2019 08 29 21 50 274  5.7  6.5  0.87  9.09  5.02 150 1011.7  24.2  22.0 999.0 99.0 99.00
2019 08 29 22 50 281  6.0  7.1  0.82  8.33  4.70 156 1012.3  24.1  21.9 999.0 99.0 99.00
2019 08 29 23 50 286  6.0  6.9  0.88  8.33  5.38 148 1013.3  23.9  21.8 999.0 99.0 99.00
2019 08 30 00 50 300  4.1  4.8  0.84  9.09  5.47 146 1014.6  23.1  21.8 999.0 99.0 99.00
2019 08 30 01 50 299  3.5  4.1  0.75  9.09  5.16 145 1015.2  22.8  21.7 999.0 99.0 99.00
2019 08 30 02 50 308  3.0  3.5  0.77  9.09  5.52 139 1015.7  22.7  21.7 999.0 99.0 99.00
2019 08 30 03 50 296  2.6  3.1  0.71  9.09  5.13 138 1015.7  22.5  21.7 999.0 99.0 99.00
2019 08 30 04 50 278  3.4  4.1  0.72  9.09  5.55 145 1016.0  22.5  21.6 999.0 99.0 99.00
2019 08 30 05 50 259  3.2  3.8  0.70  9.09  5.95 137 1016.0  22.0  21.6 999.0 99.0 99.00
2019 08 30 06 50 258  3.0  3.4  0.65 10.00  6.19 144 1016.1  21.9  21.6 999.0 99.0 99.00
2019 08 30 07 50 256  3.3  4.1  0.64  9.09  6.29 151 1016.2  21.8  21.5 999.0 99.0 99.00
2019 08 30 08 50 246  3.3  4.0  0.64  8.33  6.43 153 1016.3  21.9  21.5 999.0 99.0 99.00
2019 08 30 09 50 252  4.7  5.3  0.70  9.09  6.50 157 1016.6  21.9  21.5 999.0 99.0 99.00
2019 08 30 10 50 242  4.2  5.0  0.61  9.09  5.75 106 1017.1  22.0  21.5 999.0 99.0 99.00
2019 08 30 11 50 241  5.6  6.7  0.59  8.33  5.18 125 1017.3  22.2  21.5 999.0 99.0 99.00
2019 08 30 12 50 250  5.8  7.0  0.66  9.09  4.53 111 1017.4  22.2  21.6 999.0 99.0 99.00
2019 08 30 13 50 237  5.3  7.1  0.66  8.33  4.51 117 1017.5  22.1  21.6 999.0 99.0 99.00
2019 08 30 14 50 236  6.0  6.9  0.69  8.33  4.31 128 1017.7  22.3  21.7 999.0 99.0 99.00
2019 08 30 15 50 229  6.3  7.3  0.72  8.33  4.25 127 1017.7  22.3  21.7 999.0 99.0 99.00
2019 08 30 16 50 220  6.6  7.8  0.71  8.33  3.97 107 1017.3  22.6  21.8 999.0 99.0 99.00
2019 08 30 17 50 212  6.9  8.2  0.70  7.69  3.80 114 1017.1  22.7  21.8 999.0 99.0 99.00
2019 08 30 18 50 206  7.2  8.5  0.71  7.69  3.86 125 1016.3  22.7  21.8 999.0 99.0 99.00
2019 08 30 19 50 215  7.8  9.0  0.70  7.69  3.95 158 1016.0  23.2  21.9 999.0 99.0 99.00
2019 08 30 20 50 217  7.8  9.1  0.86  3.85  3.95 214 1015.8  23.7  21.8 999.0 99.0 99.00
2019 08 30 21 50 213  8.4 10.0  1.01  4.17  3.96 209 1015.9  23.5  21.8 999.0 99.0 99.00
2019 08 30 22 50 217  9.4 10.8  1.11  4.55  4.04 205 1016.1  23.5  21.8 999.0 99.0 99.00
2019 08 30 23 50 225  9.2 10.6  1.17  4.55  4.19 209 1016.6  23.2  21.8 999.0 99.0 99.00
2019 08 31 00 50 222  9.2 10.8  1.39  4.76  4.37 213 1016.8  23.3  21.8 999.0 99.0 99.00
2019 08 31 01 50 225  9.7 11.7  1.39  5.00  4.41 219 1017.4  23.2  21.7 999.0 99.0 99.00
2019 08 31 02 50 229  8.6 10.1  1.27  5.26  4.25 223 1018.1  22.9  21.7 999.0 99.0 99.00
2019 08 31 03 50 232  7.9  9.5  1.18  5.00  4.28 211 1018.4  22.7  21.6 999.0 99.0 99.00
2019 08 31 04 50 240  7.0  8.1  1.04  4.76  4.07 228 1018.8  22.5  21.6 999.0 99.0 99.00
2019 08 31 05 50 234  5.5  6.1  0.94  5.00  4.05 211 1019.0  22.3  21.6 999.0 99.0 99.00
2019 08 31 06 50 248  6.0  7.6  0.90  5.00  4.18 203 1019.2  22.2  21.5 999.0 99.0 99.00
2019 08 31 07 50 245  5.1  5.9  0.87  4.76  4.20 211 1019.4  22.4  21.5 999.0 99.0 99.00
2019 08 31 08 50 280  4.4  5.1  0.87  4.76  4.39 204 1019.9  22.4  21.5 999.0 99.0 99.00
2019 08 31 09 50 334  2.9  3.7  0.86  5.00  4.40 185 1020.6  22.1  21.5 999.0 99.0 99.00
2019 08 31 10 50  28  6.0  7.3  0.79  4.76  4.45 184 1020.9  22.2  21.5 999.0 99.0 99.00
2019 08 31 11 50  35  6.4  7.9  0.84  4.76  3.77 187 1021.5  22.5  21.5 999.0 99.0 99.00
2019 08 31 12 50  23  6.4  7.8  0.82  5.00  3.86 192 1022.0  22.4  21.6 999.0 99.0 99.00
2019 08 31 13 50  27  6.6  8.0  0.78  5.00  3.68 203 1022.5  22.2  21.6 999.0 99.0 99.00
2019 08 31 14 50  28  6.7  7.8  0.76  5.00  3.66 204 1022.9  22.2  21.6 999.0 99.0 99.00
2019 08 31 15 50  24  5.8  6.7  0.69  3.33  3.62  54 1023.0  22.1  21.6 999.0 99.0 99.00
2019 08 31 16 50   6  4.9  5.5  0.61  3.13  3.66  40 1023.2  22.3  21.7 999.0 99.0 99.00
2019 08 31 17 50  11  3.9  4.6  0.57  5.00  3.77 203 1023.2  22.4  21.8 999.0 99.0 99.00
2019 08 31 18 50  23  2.4  3.0  0.53  3.45  3.80  74 1023.2  22.7  22.0 999.0 99.0 99.00
2019 08 31 19 50  45  1.4  1.8  0.49 12.12  3.94 175 1023.3  22.9  22.2 999.0 99.0 99.00
2019 08 31 20 50  93  1.3  1.6  0.49  9.09  4.02 171 1023.2  23.2  22.6 999.0 99.0 99.00
2019 08 31 21 50 118  1.3  1.5  0.47  9.09  4.00 148 1023.1  23.1  22.6 999.0 99.0 99.00
2019 08 31 22 50 127  0.7  0.8  0.45  9.09  4.26 178 1023.6  22.9  22.5 999.0 99.0 99.00
