#YY  MM DD hh mm WDIR WSPD GST  WVHT   DPD   APD MWD   PRES  ATMP  WTMP  DEWP  VIS  TIDE
#yr  mo dy hr mn degT m/s  m/s     m   sec   sec deg    hPa  degC  degC  degC  nmi    ft
2019 09 30 23 50 123  5.4  7.1  1.35 14.81  5.82 123 1023.8  17.9  20.7 999.0 99.0 99.00
2019 10 01 00 50 115  4.1  5.5  1.55 13.79  6.46 119 1024.1  17.7  20.7 999.0 99.0 99.00
2019 10 01 01 50 128  4.1  5.3  1.26 12.90  5.73 121 1023.9  17.8  20.7 999.0 99.0 99.00
2019 10 01 02 50 127  3.5  4.6  1.54 14.81  6.77  96 1024.1  17.8  20.7 999.0 99.0 99.00
2019 10 01 03 50 146  3.7  5.1  1.54 14.81  7.14 146 1023.7  17.9  20.6 999.0 99.0 99.00
2019 10 01 04 50 144  5.1  6.6  1.39 14.81  6.93 132 1022.9  17.9  20.6 999.0 99.0 99.00
2019 10 01 05 50 155  4.7  6.2  1.34 16.00  6.84 138 1022.5  18.1  20.6 999.0 99.0 99.00
2019 10 01 06 50 170  4.6  5.8  1.37 14.81  6.85 117 1021.7  18.3  20.6 999.0 99.0 99.00
2019 10 01 07 50 200  2.7  3.8  1.41 14.81  6.92 154 1021.9  18.5  20.6 999.0 99.0 99.00
2019 10 01 08 50 207  3.3  4.1  1.39 14.81  6.94 115 1021.5  18.8  20.6 999.0 99.0 99.00
2019 10 01 09 50 204  4.8  6.1  1.42 14.81  7.12 105 1020.9  19.1  20.6 999.0 99.0 99.00
2019 10 01 10 50 209  5.7  7.0  1.60 14.81  7.88 145 1020.7  19.4  20.6 999.0 99.0 99.00
2019 10 01 11 50 232  6.2  7.4  1.47 14.81  6.95 125 1020.7  19.6  20.6 999.0 99.0 99.00
2019 10 01 12 50 222  6.2  7.5  1.35 13.79  6.14 107 1020.3  19.8  20.7 999.0 99.0 99.00
2019 10 01 13 50 236  6.2  7.2  1.64 14.81  7.04 136 1020.6  20.0  20.7 999.0 99.0 99.00
2019 10 01 14 50 232  6.6  7.8  1.54 14.81  6.89 128 1020.0  20.2  20.7 999.0 99.0 99.00
2019 10 01 15 50 230  7.5  8.8  1.43 13.79  6.55 125 1019.2  20.4  20.8 999.0 99.0 99.00
2019 10 01 16 50 230  7.0  8.8  1.51 14.81  6.49 122 1018.8  20.6  20.8 999.0 99.0 99.00
2019 10 01 17 50 226  8.9 10.3  1.46 14.81  6.21 117 1017.3  20.8  20.9 999.0 99.0 99.00
2019 10 01 18 50 221  9.3 11.3  1.66 14.81  5.91 114 1016.4  20.9  20.9 999.0 99.0 99.00
2019 10 01 19 50 218  9.6 11.4  1.62 13.79  5.80 106 1016.0  20.9  20.9 999.0 99.0 99.00
2019 10 01 20 50 214  9.3 10.8  1.60 14.81  5.38 123 1015.6  20.9  20.8 999.0 99.0 99.00
2019 10 01 21 50 215  9.2 11.2  1.83 13.79  5.75 115 1015.5  21.1  20.8 999.0 99.0 99.00
2019 10 01 22 50 218  9.2 10.9  1.81 16.00  5.77 106 1015.2  21.1  20.8 999.0 99.0 99.00
2019 10 01 23 50 219 10.0 11.6  1.88 16.00  5.74 105 1014.4  21.2  20.7 999.0 99.0 99.00
2019 10 02 00 50 220  9.9 11.6  2.03 14.81  5.79 128 1014.4  21.3  20.7 999.0 99.0 99.00
2019 10 02 01 50 227  9.6 11.3  1.95 14.81  5.77 119 1014.3  21.5  20.7 999.0 99.0 99.00
2019 10 02 02 50 231  9.7 11.4  2.00 14.81  5.62 125 1013.7  21.5  20.7 999.0 99.0 99.00
2019 10 02 04 50 233  9.4 11.0  2.10 14.81  6.00 120 1011.6  21.6  20.7 999.0 99.0 99.00
2019 10 02 05 50 232  8.9 10.9  1.91 13.79  5.48 116 1011.2  21.8  20.7 999.0 99.0 99.00
2019 10 02 06 50 243  9.5 11.2  1.88 14.81  5.61 123 1011.0  21.7  20.7 999.0 99.0 99.00
2019 10 02 07 50 244  8.3  9.8  1.73  5.56  5.23 212 1011.1  21.6  20.7 999.0 99.0 99.00
2019 10 02 08 50 240  7.1  8.5  1.87 14.81  5.78 121 1011.1  21.5  20.7 999.0 99.0 99.00
2019 10 02 09 50 244  7.6  9.0  1.68 12.90  5.68 125 1010.7  21.5  20.7 999.0 99.0 99.00
2019 10 02 10 50 243  6.4  7.6  1.66 10.81  5.71 106 1011.0  21.4  20.7 999.0 99.0 99.00
2019 10 02 11 50 247  5.6  6.7  1.63 14.81  5.92 114 1011.1  21.4  20.7 999.0 99.0 99.00
2019 10 02 12 50 247  4.8  5.6  1.58 14.81  5.75 124 1011.4  21.5  20.8 999.0 99.0 99.00
2019 10 02 13 50 234  5.2  6.2  1.54 12.90  6.14 101 1011.1  21.4  20.8 999.0 99.0 99.00
2019 10 02 14 50 237  5.8  6.7  1.53 14.81  6.23 109 1010.3  21.5  20.9 999.0 99.0 99.00
2019 10 02 15 50 232  6.0  7.1  1.43 13.79  5.68 105 1009.4  21.6  21.0 999.0 99.0 99.00
2019 10 02 16 50 233  6.1  6.9  1.37 12.12  5.64 127 1009.0  22.0  21.1 999.0 99.0 99.00
2019 10 02 17 50 229  5.7  6.5  1.44 13.79  5.92 132 1008.3  22.4  21.2 999.0 99.0 99.00
2019 10 02 18 50 225  6.1  7.0  1.32 13.79  5.55 106 1008.1  22.7  21.2 999.0 99.0 99.00
2019 10 02 19 50 222  6.4  7.7  1.34 12.90  5.81 113 1007.3  22.9  21.3 999.0 99.0 99.00
2019 10 02 20 50 225  6.4  7.3  1.27 13.79  5.39 104 1007.2  23.4  21.3 999.0 99.0 99.00
2019 10 02 21 50 284  4.4  6.6  1.29 12.90  5.29 125 1008.0  23.4  21.3 999.0 99.0 99.00
2019 10 02 22 50 253  0.5  1.2  1.24 12.90  5.59 140 1008.4  23.3  21.3 999.0 99.0 99.00
2019 10 02 23 50 340  8.3  9.7  1.24 13.79  5.87  91 1010.0  23.0  21.3 999.0 99.0 99.00
2019 10 03 00 50 360  7.5  8.7  1.18 11.43  5.33 131 1010.2  23.0  21.2 999.0 99.0 99.00
2019 10 03 01 50  63 10.1 12.1  1.24 13.79  4.42 120 1012.1  20.4  21.2 999.0 99.0 99.00
2019 10 03 02 50  59  9.8 11.5  1.32 12.12  4.65 116 1013.1  20.3  21.1 999.0 99.0 99.00
2019 10 03 03 50  57 10.8 12.6  1.37  4.35  4.53  61 1013.4  20.1  21.1 999.0 99.0 99.00
2019 10 03 04 50  63 10.7 12.7  1.66  5.26  4.95  60 1014.0  19.7  21.0 999.0 99.0 99.00
2019 10 03 05 50  61 10.7 13.0  1.74  5.56  4.74  59 1014.9  18.9  21.0 999.0 99.0 99.00
2019 10 03 06 50  59 13.2 15.3  2.03  5.88  5.02  62 1014.6  17.9  21.0 999.0 99.0 99.00
2019 10 03 07 50  68 11.9 14.5  2.22  6.25  5.11  64 1015.3  17.7  20.9 999.0 99.0 99.00
2019 10 03 08 50  70 12.3 14.6  2.38  6.67  5.43  71 1016.1  17.0  20.8 999.0 99.0 99.00
2019 10 03 09 50  73 12.0 14.2  2.35  6.67  5.24  79 1016.7  16.7  20.7 999.0 99.0 99.00
2019 10 03 10 50  73 11.2 14.1  2.28  7.14  5.33  73 1017.9  16.1  20.7 999.0 99.0 99.00
2019 10 03 11 50  61 12.2 14.5  2.51  7.14  5.57  77 1019.1  15.0  20.6 999.0 99.0 99.00
2019 10 03 12 50  70 10.6 13.1  2.53  7.14  5.63  75 1019.5  15.5  20.6 999.0 99.0 99.00
2019 10 03 13 50  70 11.7 14.0  2.52  7.69  5.63  83 1019.3  15.2  20.5 999.0 99.0 99.00
2019 10 03 14 50  68 11.5 14.0  2.28  7.69  5.46  71 1019.4  15.4  20.5 999.0 99.0 99.00
2019 10 03 15 50  77 11.2 13.2  2.38  7.69  5.62  85 1019.2  15.5  20.5 999.0 99.0 99.00
2019 10 03 16 50  88 10.8 13.0  2.48  7.14  5.74  72 1018.4  15.9  20.4 999.0 99.0 99.00
2019 10 03 17 50  88 10.3 12.3  2.32  8.33  5.74  79 1018.3  15.8  20.4 999.0 99.0 99.00
2019 10 03 18 50  85  9.6 12.1  2.21  7.69  5.63  91 1018.6  15.6  20.4 999.0 99.0 99.00
2019 10 03 19 50  82  9.1 11.4  2.25  8.33  5.48 100 1018.2  15.6  20.4 999.0 99.0 99.00
2019 10 03 20 50  89  9.6 12.0  2.26  7.69  5.82  97 1017.6  15.1  20.4 999.0 99.0 99.00
2019 10 03 21 50  94  8.7 10.6  2.12  7.69  5.66  92 1017.3  15.5  20.4 999.0 99.0 99.00
2019 10 03 22 50 104  7.8  9.6  2.05  7.14  5.60  87 1017.0  15.9  20.4 999.0 99.0 99.00
2019 10 03 23 50 113  8.4 10.1  1.96  7.14  5.49  86 1016.0  16.6  20.4 999.0 99.0 99.00
2019 10 04 00 50 139  8.1  9.8  1.86  7.69  5.40  95 1015.2  17.8  20.4 999.0 99.0 99.00
2019 10 04 01 50 135  6.5  7.9  1.70  6.67  5.20  87 1015.0  18.7  20.3 999.0 99.0 99.00
2019 10 04 02 50 157  6.2  7.6  1.71  7.69  5.25 100 1014.3  19.7  20.3 999.0 99.0 99.00
2019 10 04 03 50 171  6.4  7.5  1.50  6.67  5.05  89 1013.1  20.4  20.3 999.0 99.0 99.00
2019 10 04 04 50 190  6.1  8.3  1.50  7.14  5.15  94 1012.3  20.5  20.3 999.0 99.0 99.00
2019 10 04 05 50 219  5.5  6.6  1.36  7.69  5.01  89 1012.6  20.2  20.3 999.0 99.0 99.00
2019 10 04 06 50 250  6.2  7.2  1.25  7.14  5.16 106 1012.0  20.2  20.3 999.0 99.0 99.00
2019 10 04 07 50 278  6.3  7.6  1.21  5.88  4.99 101 1011.7  19.8  20.3 999.0 99.0 99.00
2019 10 04 08 50 305  6.0  7.4  1.19  6.25  4.91  96 1012.1  18.5  20.3 999.0 99.0 99.00
2019 10 04 09 50 312 10.2 12.2  1.16  7.14  4.88 112 1012.5  17.8  20.3 999.0 99.0 99.00
2019 10 04 10 50 322 11.2 13.6  1.17  6.25  4.31 112 1012.9  17.7  20.3 999.0 99.0 99.00
2019 10 04 11 50 323 10.6 12.2  1.25  4.17  4.27 314 1013.5  17.7  20.2 999.0 99.0 99.00
2019 10 04 12 50 316 12.1 14.9  1.34  4.76  4.21 306 1013.9  18.0  20.2 999.0 99.0 99.00
2019 10 04 13 50 318 11.2 13.0  1.56  5.00  4.42 301 1014.8  17.7  20.2 999.0 99.0 99.00
2019 10 04 14 50 316 10.5 12.4  1.25  5.00  4.32 294 1015.0  18.4  20.2 999.0 99.0 99.00
2019 10 04 15 50 331 11.7 14.2  1.36  5.00  4.31 299 1015.8  18.4  20.2 999.0 99.0 99.00
2019 10 04 16 50 349 10.3 12.3  1.47  5.00  4.38 301 1016.6  17.8  20.2 999.0 99.0 99.00
2019 10 04 17 50 355 10.5 14.0  1.50  5.26  4.33 299 1017.1  17.8  20.2 999.0 99.0 99.00
2019 10 04 18 50 349 11.7 15.1  1.65  5.00  4.31 324 1017.5  17.5  20.2 999.0 99.0 99.00
2019 10 04 19 50 352 13.3 15.6  1.82  4.76  4.48 343 1018.2  16.4  20.2 999.0 99.0 99.00
2019 10 04 20 50 347 11.7 14.8  1.82  5.00  4.55 348 1019.5  15.5  20.2 999.0 99.0 99.00
2019 10 04 21 50 355 11.0 14.0  1.71  5.00  4.49 359 1020.3  15.6  20.1 999.0 99.0 99.00
2019 10 04 22 50 346  9.9 11.7  1.49  4.76  4.22 354 1021.4  15.6  20.1 999.0 99.0 99.00
2019 10 04 23 50 349 11.3 14.1  1.44  4.76  4.21 348 1022.2  15.6  20.1 999.0 99.0 99.00
2019 10 05 00 50 359 11.1 13.7  1.52  4.55  4.30  14 1023.4  15.2  20.0 999.0 99.0 99.00
2019 10 05 01 50  10 10.8 14.1  1.36  5.00  4.22 359 1024.5  14.9  20.0 999.0 99.0 99.00
2019 10 05 02 50  21 10.0 13.6  1.48  5.00  4.35  23 1025.2  14.4  19.9 999.0 99.0 99.00
2019 10 05 03 50  28 10.1 12.9  1.50  5.26  4.38  53 1025.8  14.2  19.9 999.0 99.0 99.00
2019 10 05 04 50  23  9.8 11.9  1.40  5.56  4.33  56 1026.4  13.5  19.9 999.0 99.0 99.00
2019 10 05 05 50  16 10.3 13.7  1.47  5.00  4.40  46 1027.1  12.9  19.8 999.0 99.0 99.00
2019 10 05 06 50  32 10.8 13.8  1.50  5.88  4.48  64 1027.3  12.3  19.8 999.0 99.0 99.00
2019 10 05 07 50  28 10.5 12.6  1.69  5.26  4.56  55 1027.6  11.9  19.8 999.0 99.0 99.00
2019 10 05 08 50  23  9.2 11.8  1.51  5.56  4.56  61 1028.4  11.5  19.7 999.0 99.0 99.00
2019 10 05 09 50  42  8.8 11.2  1.46  5.88  4.48  65 1028.7  11.0  19.7 999.0 99.0 99.00
2019 10 05 10 50  47  8.6 11.1  1.51  6.25  4.57  70 1029.3  11.1  19.7 999.0 99.0 99.00
2019 10 05 11 50  50  8.1  9.9  1.44  6.25  4.48  63 1029.7  11.2  19.7 999.0 99.0 99.00
2019 10 05 12 50  50  8.8 11.2  1.42  5.88  4.47  62 1030.1  11.6  19.7 999.0 99.0 99.00
2019 10 05 13 50  55  8.2 11.4  1.39  6.25  4.35  77 1030.6  11.8  19.6 999.0 99.0 99.00
2019 10 05 14 50  52  7.5 10.1  1.25  5.26  4.26  62 1031.0  12.1  19.6 999.0 99.0 99.00
2019 10 05 15 50  69  6.2  8.7  1.30  5.26  4.41  64 1031.2  12.4  19.7 999.0 99.0 99.00
2019 10 05 16 50  65  5.7  6.9  1.14  6.67  4.51  73 1031.0  12.4  19.7 999.0 99.0 99.00
2019 10 05 17 50  68  3.9  6.0  1.14  6.25  4.67  71 1030.8  12.6  19.7 999.0 99.0 99.00
2019 10 05 18 50  69  3.6  5.2  0.96  5.88  4.71  57 1030.3  12.8  19.7 999.0 99.0 99.00
2019 10 05 19 50  73  4.0  5.3  0.92  5.88  4.75  58 1029.8  13.1  19.7 999.0 99.0 99.00
2019 10 05 20 50  86  4.2  5.4  0.86  5.56  4.73  71 1029.5  13.3  19.7 999.0 99.0 99.00
2019 10 05 21 50  75  4.5  5.9  0.84  5.88  4.82  71 1029.5  13.5  19.6 999.0 99.0 99.00
2019 10 05 22 50 100  4.7  5.9  0.85  5.88  4.78  61 1029.3  13.6  19.6 999.0 99.0 99.00
2019 10 05 23 50 127  3.6  5.4  0.78  5.88  4.56  73 1029.5  13.9  19.6 999.0 99.0 99.00
2019 10 06 00 50 118  4.7  6.4  0.82  6.25  4.79  91 1029.4  14.2  19.6 999.0 99.0 99.00
2019 10 06 01 50 133  5.9  8.1  0.83  7.69  4.57  95 1029.3  14.5  19.6 999.0 99.0 99.00
2019 10 06 02 50 126  5.8  7.9  0.82  5.56  4.51  80 1029.1  15.0  19.6 999.0 99.0 99.00
2019 10 06 03 50 187  7.3  9.8  0.84  5.56  4.35  86 1028.7  16.1  19.6 999.0 99.0 99.00
2019 10 06 04 50 164  8.0 10.2  0.88  5.26  4.06  95 1028.3  16.4  19.6 999.0 99.0 99.00
2019 10 06 05 50 176  6.0  7.8  0.80  6.25  4.05  86 1028.2  16.6  19.6 999.0 99.0 99.00
2019 10 06 06 50 178  5.9  7.7  0.90  9.09  4.25 110 1028.3  17.0  19.6 999.0 99.0 99.00
2019 10 06 07 50 172  6.3  7.7  0.87  9.09  4.25 111 1027.9  17.4  19.6 999.0 99.0 99.00
2019 10 06 08 50 167  7.9  9.4  0.87  3.85  4.04 150 1027.2  17.7  19.6 999.0 99.0 99.00
2019 10 06 09 50 159  7.1  8.6  0.90  4.00  4.06 138 1027.4  17.9  19.6 999.0 99.0 99.00
2019 10 06 10 50 167  7.1  8.6  0.94  3.85  4.16 148 1027.3  17.9  19.6 999.0 99.0 99.00
2019 10 06 11 50 158  7.5  8.8  0.94  4.17  4.04 157 1027.3  18.3  19.6 999.0 99.0 99.00
2019 10 06 12 50 165  7.7  9.3  1.04  4.55  4.09 136 1027.5  18.6  19.6 999.0 99.0 99.00
2019 10 06 13 50 171  8.6 10.1  1.06  4.35  4.14 161 1027.3  19.1  19.6 999.0 99.0 99.00
2019 10 06 14 50 170 10.0 11.9  1.14  4.55  4.26 166 1026.9  19.5  19.6 999.0 99.0 99.00
2019 10 06 15 50 176  9.6 11.4  1.31  4.76  4.25 164 1026.8  19.8  19.7 999.0 99.0 99.00
2019 10 06 16 50 186 10.0 12.1  1.45  4.76  4.42 164 1026.5  20.1  19.7 999.0 99.0 99.00
2019 10 06 17 50 186  9.7 11.5  1.58  5.26  4.54 167 1025.9  20.3  19.7 999.0 99.0 99.00
2019 10 06 18 50 186  9.4 11.5  1.48  5.00  4.55 162 1025.5  20.4  19.7 999.0 99.0 99.00
2019 10 06 19 50 187  9.7 12.2  1.55  5.00  4.61 163 1024.7  20.7  19.8 999.0 99.0 99.00
2019 10 06 20 50 188  9.5 11.1  1.59  5.88  4.73 164 1024.8  20.8  19.8 999.0 99.0 99.00
2019 10 06 21 50 192  8.2  9.8  1.48  5.56  4.79 166 1025.2  20.9  19.8 999.0 99.0 99.00
2019 10 06 22 50 192  8.1  9.4  1.66  6.25  4.99 155 1024.9  20.8  19.8 999.0 99.0 99.00
2019 10 06 23 50 196  7.7  9.3  1.52  6.25  4.80 150 1024.9  20.9  19.8 999.0 99.0 99.00
2019 10 07 00 50 193  8.0  9.4  1.43  6.25  4.96 141 1024.9  20.8  19.8 999.0 99.0 99.00
2019 10 07 01 50 196  8.4 10.4  1.52  6.25  4.83 155 1025.0  20.9  19.8 999.0 99.0 99.00
2019 10 07 02 50 193  8.5 10.5  1.36  6.25  4.72 153 1024.9  21.0  19.8 999.0 99.0 99.00
2019 10 07 03 50 193  8.4  9.7  1.46  6.25  4.75 145 1024.6  20.8  19.8 999.0 99.0 99.00
2019 10 07 04 50 197  7.9  9.3  1.48  4.76  4.62 190 1024.4  20.8  19.8 999.0 99.0 99.00
2019 10 07 05 50 195  8.3  9.7  1.53  5.88  4.66 142 1024.1  20.8  19.8 999.0 99.0 99.00
2019 10 07 06 50 188  8.8 10.5  1.55  5.88  4.71 147 1023.1  20.8  19.8 999.0 99.0 99.00
2019 10 07 07 50 185  8.8 10.4  1.53  5.88  4.80 138 1022.6  20.8  19.8 999.0 99.0 99.00
2019 10 07 08 50 192  8.6 10.4  1.47  5.88  4.78 156 1022.5  21.0  19.8 999.0 99.0 99.00
2019 10 07 09 50 190  9.0 10.6  1.46  6.25  4.72 139 1022.5  21.0  19.8 999.0 99.0 99.00
2019 10 07 10 50 194  8.2  9.8  1.38  5.56  4.72 144 1022.6  20.9  19.8 999.0 99.0 99.00
2019 10 07 11 50 192  8.4  9.8  1.57  6.25  4.91 138 1022.4  21.0  19.8 999.0 99.0 99.00
2019 10 07 12 50 190  8.5 10.2  1.57  6.25  4.95 149 1022.4  20.9  19.8 999.0 99.0 99.00
2019 10 07 13 50 190  8.1  9.7  1.38  6.25  4.62 157 1022.3  21.0  19.8 999.0 99.0 99.00
2019 10 07 14 50 189  7.6  8.7  1.43  6.25  4.71 148 1022.1  21.1  19.8 999.0 99.0 99.00
2019 10 07 15 50 192  8.4  9.9  1.24  5.88  4.52 155 1021.6  21.1  19.9 999.0 99.0 99.00
2019 10 07 16 50 197  8.5  9.9  1.37  6.25  4.59 150 1021.0  21.4  19.9 999.0 99.0 99.00
2019 10 07 17 50 196  8.6 10.1  1.33  5.88  4.59 153 1020.2  21.2  20.0 999.0 99.0 99.00
2019 10 07 18 50 194  8.6 10.0  1.30  5.56  4.54 148 1019.6  21.1  20.0 999.0 99.0 99.00
2019 10 07 19 50 185  9.1 10.6  1.37  6.25  4.46 141 1019.3  21.0  20.0 999.0 99.0 99.00
2019 10 07 20 50 189  8.1  9.4  1.31  5.56  4.52 151 1019.0  21.0  20.0 999.0 99.0 99.00
2019 10 07 21 50 195  7.5  8.8  1.37  5.88  4.68 164 1018.8  20.9  19.9 999.0 99.0 99.00
2019 10 07 22 50 199  7.3  8.5  1.42  6.25  4.68 149 1019.1  21.1  19.9 999.0 99.0 99.00
2019 10 07 23 50 207  5.1  5.9  1.31  5.88  4.81 149 1019.1  20.8  19.9 999.0 99.0 99.00
2019 10 08 00 50 205  5.2  6.0  1.23  7.14  4.90 149 1019.6  20.8  19.8 999.0 99.0 99.00
2019 10 08 01 50 210  6.3  7.2  1.28  5.88  4.83 160 1019.7  21.0  19.9 999.0 99.0 99.00
2019 10 08 02 50 178  4.7  5.5  1.23  6.67  4.82 141 1019.9  20.7  19.9 999.0 99.0 99.00
2019 10 08 03 50 350  8.7 10.2  1.25  6.25  5.10 148 1020.6  18.9  19.9 999.0 99.0 99.00
2019 10 08 04 50   7  9.2 11.0  1.22  6.67  4.50 146 1020.7  18.1  19.9 999.0 99.0 99.00
2019 10 08 05 50 353  9.0 10.9  1.52  7.69  4.55 154 1021.3  17.9  19.8 999.0 99.0 99.00
2019 10 08 06 50  18  9.7 11.6  1.65  4.55  4.74   1 1020.7  17.8  19.8 999.0 99.0 99.00
2019 10 08 07 50  32 10.1 11.9  1.48  4.55  4.55  16 1020.5  17.7  19.8 999.0 99.0 99.00
2019 10 08 08 50  17 10.0 11.5  1.50  7.69  4.69 159 1021.4  17.8  19.8 999.0 99.0 99.00
2019 10 08 09 50  24  9.1 10.9  1.53  6.67  4.74 133 1021.8  17.4  19.7 999.0 99.0 99.00
2019 10 08 10 50  31  9.6 11.6  1.51  7.69  4.85 160 1022.3  17.1  19.7 999.0 99.0 99.00
2019 10 08 11 50  23 10.7 12.5  1.64  8.33  4.83 144 1022.3  17.5  19.7 999.0 99.0 99.00
2019 10 08 12 50  33 10.8 12.7  1.76  4.76  4.94  48 1022.8  17.7  19.6 999.0 99.0 99.00
2019 10 08 13 50  34 10.8 13.5  1.83  4.76  5.05  52 1022.8  17.6  19.6 999.0 99.0 99.00
2019 10 08 14 50  37 10.0 12.3  1.91  7.69  5.09 136 1023.2  17.6  19.6 999.0 99.0 99.00
2019 10 08 15 50  42 10.4 12.6  1.91  8.33  5.10 140 1022.6  17.5  19.6 999.0 99.0 99.00
2019 10 08 16 50  39  9.8 11.9  1.89  7.69  5.09 146 1022.4  17.5  19.6 999.0 99.0 99.00
2019 10 08 17 50  46  9.4 11.4  1.89  8.33  5.24 145 1021.9  17.4  19.6 999.0 99.0 99.00
2019 10 08 18 50  37  9.7 12.0  1.88  8.33  5.25 152 1021.3  17.4  19.6 999.0 99.0 99.00
2019 10 08 19 50  42 10.1 12.2  1.92  8.33  5.28 139 1020.9  17.4  19.6 999.0 99.0 99.00
2019 10 08 20 50  32 10.6 12.3  1.85  8.33  5.23 134 1021.0  17.5  19.6 999.0 99.0 99.00
2019 10 08 21 50  36 10.9 13.2  2.06  5.88  5.50  79 1021.2  17.5  19.6 999.0 99.0 99.00
2019 10 08 22 50  46 10.7 12.8  2.03  6.25  5.34  73 1021.4  17.6  19.6 999.0 99.0 99.00
2019 10 08 23 50  42 12.6 15.4  2.16  8.33  5.56 136 1020.7  17.6  19.5 999.0 99.0 99.00
2019 10 09 00 50  37 13.0 15.7  2.50  7.69  5.68 114 1020.6  17.5  19.5 999.0 99.0 99.00
2019 10 09 01 50  41 12.4 14.6  2.40  7.14  5.62  92 1021.2  17.5  19.5 999.0 99.0 99.00
2019 10 09 02 50  37 12.7 15.7  2.40  7.69  5.74 114 1021.0  17.4  19.5 999.0 99.0 99.00
2019 10 09 03 50  43 12.7 15.4  2.70  7.69  5.77  98 1020.7  17.5  19.5 999.0 99.0 99.00
2019 10 09 04 50  41 12.0 14.3  2.78  7.69  5.89  96 1020.9  17.4  19.5 999.0 99.0 99.00
2019 10 09 05 50  44 12.0 14.3  2.93  8.33  6.10 107 1020.6  17.4  19.4 999.0 99.0 99.00
2019 10 09 06 50  43 12.2 14.9  3.21  7.69  6.31  94 1020.0  17.1  19.4 999.0 99.0 99.00
2019 10 09 07 50  50 13.4 17.1  3.07  7.14  6.08  87 1019.9  17.3  19.4 999.0 99.0 99.00
2019 10 09 08 50  49 13.4 16.6  3.29  7.69  6.38  95 1020.3  17.1  19.3 999.0 99.0 99.00
2019 10 09 09 50  41 13.8 16.8  3.22  8.33  6.28  83 1020.2  16.2  19.3 999.0 99.0 99.00
2019 10 09 10 50  56 13.6 16.3  3.41  9.09  6.39 105 1020.9  15.6  19.2 999.0 99.0 99.00
2019 10 09 11 50  37 12.6 16.7  3.72  9.09  6.73 104 1021.3  15.5  19.2 999.0 99.0 99.00
2019 10 09 12 50  35 13.2 15.6  3.64  9.09  6.57 106 1021.8  15.2  19.2 999.0 99.0 99.00
2019 10 09 13 50  29 13.7 16.0  3.76  9.09  6.65  94 1022.1  15.0  19.3 999.0 99.0 99.00
2019 10 09 14 50  35 13.6 16.4  3.93 10.00  6.81 119 1022.4  14.8  19.3 999.0 99.0 99.00
2019 10 09 15 50  30 14.3 17.6  3.50  9.09  6.36  97 1022.1  15.1  19.2 999.0 99.0 99.00
2019 10 09 16 50  31 14.0 17.2  3.85  8.33  6.87  83 1021.7  15.0  19.1 999.0 99.0 99.00
2019 10 09 17 50  38 15.0 17.9  3.93 10.00  6.64  99 1021.0  15.1  19.0 999.0 99.0 99.00
2019 10 09 18 50  27 13.3 16.4  3.80 10.00  6.76 107 1020.9  15.2  19.0 999.0 99.0 99.00
2019 10 09 19 50  31 14.6 17.9  3.54 10.00  6.86 105 1020.5  15.1  19.0 999.0 99.0 99.00
2019 10 09 20 50  29 13.8 17.9  3.79 10.00  6.81 103 1020.6  15.1  19.0 999.0 99.0 99.00
2019 10 09 21 50  37 14.6 17.9  4.06 10.00  7.03 105 1020.8  15.0  19.0 999.0 99.0 99.00
2019 10 09 22 50  30 13.3 16.5  3.89 10.00  6.81 106 1021.1  15.2  19.0 999.0 99.0 99.00
2019 10 09 23 50  34 13.1 16.0  4.01 10.00  7.08 109 1021.2  15.2  19.0 999.0 99.0 99.00
2019 10 10 00 50  32 12.3 15.7  4.04 10.81  7.41 115 1021.6  15.2  18.9 999.0 99.0 99.00
2019 10 10 01 50  30 12.9 15.8  4.09 10.00  7.17 106 1021.7  15.3  18.9 999.0 99.0 99.00
2019 10 10 02 50  24 12.6 14.8  4.06 10.00  7.33 105 1021.6  14.9  18.9 999.0 99.0 99.00
2019 10 10 03 50  26 12.6 15.2  3.61 10.81  6.95  97 1021.6  14.8  18.9 999.0 99.0 99.00
2019 10 10 04 50  21 12.5 15.2  3.61 11.43  7.04 109 1021.4  14.9  18.8 999.0 99.0 99.00
2019 10 10 05 50  15 12.6 14.7  3.46  9.09  6.82  90 1021.1  14.7  18.8 999.0 99.0 99.00
2019 10 10 06 50  14 13.2 15.4  3.24  9.09  6.55  94 1020.6  14.7  18.8 999.0 99.0 99.00
2019 10 10 07 50  14 13.1 15.3  3.17 10.81  6.59  95 1020.3  14.8  18.8 999.0 99.0 99.00
2019 10 10 08 50  16 13.8 15.9  3.10 10.81  6.37 104 1020.5  15.0  18.8 999.0 99.0 99.00
2019 10 10 09 50  10 13.4 15.7  3.37 10.81  6.75  88 1020.3  15.1  18.8 999.0 99.0 99.00
2019 10 10 10 50  13 13.2 17.4  3.72 12.12  7.04  96 1020.4  15.3  18.8 999.0 99.0 99.00
2019 10 10 11 50  11 13.8 16.0  3.74 11.43  7.30  97 1020.0  15.2  18.7 999.0 99.0 99.00
2019 10 10 12 50  10 14.1 16.2  3.66 11.43  7.14  86 1020.1  15.6  18.5 999.0 99.0 99.00
2019 10 10 13 50  16 14.2 17.2  3.77 11.43  7.18  90 1020.0  15.7  18.4 999.0 99.0 99.00
2019 10 10 14 50  12 14.9 17.7  3.69 12.90  7.00  85 1019.8  15.8  18.4 999.0 99.0 99.00
2019 10 10 15 50  14 13.9 18.1  4.12 12.12  7.45  91 1020.2  16.5  18.4 999.0 99.0 99.00
2019 10 10 16 50  11 12.6 15.2  3.62 13.79  6.86 100 1020.0  16.3  18.3 999.0 99.0 99.00
2019 10 10 17 50  19 13.2 15.7  3.83 13.79  6.99 102 1019.0  16.3  18.2 999.0 99.0 99.00
2019 10 10 18 50  21 14.7 17.6  3.38 10.00  6.59  89 1018.8  16.2  18.2 999.0 99.0 99.00
2019 10 10 19 50  22 15.0 17.9  3.22 10.81  6.37  89 1018.9  15.9  18.2 999.0 99.0 99.00
2019 10 10 20 50   9 15.4 18.5  3.29 10.81  6.52  80 1018.8  16.5  18.1 999.0 99.0 99.00
2019 10 10 21 50  16 15.0 18.1  3.43 10.81  6.65  91 1019.3  16.2  18.0 999.0 99.0 99.00
2019 10 10 22 50  16 16.0 20.1  3.78 11.43  7.15  89 1018.8  14.4  17.7 999.0 99.0 99.00
2019 10 10 23 50  18 15.1 18.5  3.87 13.79  7.30  90 1018.7  14.4  17.7 999.0 99.0 99.00
2019 10 11 00 50  21 16.4 20.0  4.31 14.81  7.53 102 1018.9  14.2  17.7 999.0 99.0 99.00
2019 10 11 01 50  27 16.2 19.3  3.96 14.81  7.38 100 1018.5  14.1  17.7 999.0 99.0 99.00
2019 10 11 02 50  25 14.2 17.2  4.08 14.81  7.46  98 1018.8  14.5  17.6 999.0 99.0 99.00
2019 10 11 03 50  24 14.0 17.5  4.04 12.90  7.59 101 1018.8  15.0  17.6 999.0 99.0 99.00
2019 10 11 04 50  31 14.3 18.1  4.52 14.81  8.03  96 1018.6  15.1  17.6 999.0 99.0 99.00
2019 10 11 05 50  24 14.1 17.0  4.55 12.90  7.95  96 1018.0  15.0  17.5 999.0 99.0 99.00
2019 10 11 06 50  17 14.5 16.7  4.59 13.79  8.05 100 1017.4  14.9  17.4 999.0 99.0 99.00
2019 10 11 07 50  19 14.0 17.1  4.60 12.90  7.99  98 1016.9  15.0  17.5 999.0 99.0 99.00
2019 10 11 08 50  19 14.2 16.7  4.25 12.90  7.67  99 1016.8  14.9  17.5 999.0 99.0 99.00
2019 10 11 09 50  17 14.0 17.7  4.07 12.90  7.51 100 1017.2  14.8  17.4 999.0 99.0 99.00
2019 10 11 10 50  18 14.5 17.2  4.03 13.79  7.45 100 1016.7  14.7  17.4 999.0 99.0 99.00
2019 10 11 11 50  12 14.2 17.4  3.86 12.12  7.45  98 1016.8  14.6  17.5 999.0 99.0 99.00
2019 10 11 12 50  11 14.1 17.6  3.89 12.12  7.13 103 1017.0  14.4  17.5 999.0 99.0 99.00
2019 10 11 13 50  21 14.0 18.1  3.76  9.09  7.02  93 1016.8  14.8  17.5 999.0 99.0 99.00
2019 10 11 14 50  22 14.1 17.1  3.50  9.09  6.75  93 1016.8  14.7  17.5 999.0 99.0 99.00
2019 10 11 15 50  19 13.6 16.8  3.76 10.81  6.92 109 1016.4  14.8  17.5 999.0 99.0 99.00
2019 10 11 16 50  21 13.5 16.3  3.54 10.00  6.71  91 1016.4  15.3  17.5 999.0 99.0 99.00
2019 10 11 17 50  20 13.8 17.3  3.48 10.81  6.73  97 1016.2  15.5  17.6 999.0 99.0 99.00
2019 10 11 18 50  22 13.8 16.2  3.40 13.79  6.54 112 1015.7  15.5  17.6 999.0 99.0 99.00
2019 10 11 19 50  17 13.7 17.5  3.18 10.81  6.41  87 1015.8  15.4  17.6 999.0 99.0 99.00
2019 10 11 20 50  16 14.2 17.8  3.52 10.00  6.77 105 1015.7  15.1  17.6 999.0 99.0 99.00
2019 10 11 21 50  19 13.8 17.0  3.32 10.00  6.62  93 1015.9  14.8  17.5 999.0 99.0 99.00
2019 10 11 22 50  11 13.4 15.7  3.31 10.00  6.71  97 1016.0  14.5  17.5 999.0 99.0 99.00
2019 10 11 23 50  14 13.5 16.2  3.38 12.90  6.87 106 1015.9  14.6  17.5 999.0 99.0 99.00
2019 10 12 00 50  19 12.7 15.2  3.45  9.09  6.98  94 1015.9  14.9  17.5 999.0 99.0 99.00
2019 10 12 01 50  21 12.2 14.0  3.34 11.43  6.80  96 1015.8  14.7  17.4 999.0 99.0 99.00
2019 10 12 02 50  18 11.8 14.5  3.59 11.43  6.90  97 1015.3  14.7  17.4 999.0 99.0 99.00
2019 10 12 03 50  13 11.5 14.2  3.40  9.09  7.04 100 1014.9  14.7  17.4 999.0 99.0 99.00
2019 10 12 04 50  17 10.9 13.6  3.57 10.00  7.38  95 1014.7  14.8  17.4 999.0 99.0 99.00
2019 10 12 05 50  22 12.0 15.0  3.58 12.12  7.43 107 1013.6  14.6  17.4 999.0 99.0 99.00
2019 10 12 06 50   9  9.7 12.2  3.91 10.00  7.54 100 1013.7  14.7  17.4 999.0 99.0 99.00
2019 10 12 07 50  13  9.9 12.2  3.36  9.09  7.22  96 1013.4  14.8  17.4 999.0 99.0 99.00
2019 10 12 08 50  12  9.5 11.0  3.24  9.09  7.14  99 1013.1  14.5  17.4 999.0 99.0 99.00
2019 10 12 09 50  10  9.0 11.6  3.03 10.00  6.77 100 1013.3  14.5  17.4 999.0 99.0 99.00
2019 10 12 10 50 357  8.5 10.7  2.94  9.09  6.81 102 1013.5  14.4  17.4 999.0 99.0 99.00
2019 10 12 11 50 359  7.1  9.5  2.55 10.00  6.66 103 1013.9  14.2  17.4 999.0 99.0 99.00
2019 10 12 12 50 357  6.6  8.8  2.66  9.09  6.78  96 1014.6  13.9  17.4 999.0 99.0 99.00
2019 10 12 13 50 353  6.9  8.5  2.62  9.09  6.97  95 1014.6  14.0  17.4 999.0 99.0 99.00
2019 10 12 14 50 351  6.8  8.5  2.43  9.09  6.71  96 1014.9  14.0  17.4 999.0 99.0 99.00
2019 10 12 15 50 353  6.3  8.3  2.33  9.09  6.83  95 1014.7  14.0  17.4 999.0 99.0 99.00
2019 10 12 16 50 351  5.9  7.3  2.61  9.09  7.23  95 1014.5  14.2  17.4 999.0 99.0 99.00
2019 10 12 17 50 339  5.4  6.7  2.11  9.09  6.82  97 1014.2  14.4  17.4 999.0 99.0 99.00
2019 10 12 18 50 330  5.0  6.4  1.92 12.12  6.53  84 1014.0  14.6  17.4 999.0 99.0 99.00
2019 10 12 19 50 322  4.0  5.2  2.17 11.43  7.40  73 1013.9  15.0  17.4 999.0 99.0 99.00
2019 10 12 20 50 329  3.1  4.4  1.83 10.00  6.86  97 1013.9  15.4  17.4 999.0 99.0 99.00
2019 10 12 21 50 340  2.0  2.6  1.64 11.43  6.78  85 1014.0  15.5  17.4 999.0 99.0 99.00
2019 10 12 22 50  62  1.5  2.6  1.57 11.43  6.94  99 1014.0  15.7  17.4 999.0 99.0 99.00
2019 10 12 23 50 161  1.2  1.7  1.49 12.12  6.89 100 1014.6  15.8  17.4 999.0 99.0 99.00
2019 10 13 00 50 218  1.7  2.6  1.50 12.12  7.28 117 1015.2  16.0  17.3 999.0 99.0 99.00
2019 10 13 01 50 226  3.7  4.7  1.32 12.12  7.25 107 1015.6  16.2  17.3 999.0 99.0 99.00
2019 10 13 02 50 223  3.8  4.7  1.37 12.90  7.57 105 1015.6  16.6  17.3 999.0 99.0 99.00
2019 10 13 03 50 215  5.0  6.0  1.50 12.12  8.13  99 1015.3  16.8  17.3 999.0 99.0 99.00
2019 10 13 04 50 284  4.9  6.5  1.66 12.90  8.19  81 1015.3  17.3  17.3 999.0 99.0 99.00
2019 10 13 05 50 298  5.5  7.2  1.68 12.90  7.58  90 1015.3  17.4  17.3 999.0 99.0 99.00
2019 10 13 06 50 307  6.6  8.0  1.61 10.81  6.56 101 1015.3  17.4  17.3 999.0 99.0 99.00
2019 10 13 07 50 312  7.8  9.6  1.52 10.00  5.70 102 1015.5  17.3  17.3 999.0 99.0 99.00
2019 10 13 08 50 318  6.8  8.3  1.52 10.00  5.86 112 1015.9  16.5  17.3 999.0 99.0 99.00
2019 10 13 09 50 330  7.3  8.7  1.54 11.43  6.05 121 1016.6  16.2  17.3 999.0 99.0 99.00
2019 10 13 10 50 349  6.8  8.3  1.33 12.12  5.45  80 1017.3  15.9  17.3 999.0 99.0 99.00
2019 10 13 11 50 356  6.9  8.1  1.32 10.81  5.56 100 1018.2  15.7  17.3 999.0 99.0 99.00
2019 10 13 12 50   2  6.2  7.4  1.30 11.43  5.25 100 1018.9  15.8  17.3 999.0 99.0 99.00
2019 10 13 13 50   2  5.6  6.7  1.31 11.43  5.50  78 1019.5  15.4  17.3 999.0 99.0 99.00
2019 10 13 14 50  21  5.0  6.1  1.25 12.12  5.42 107 1019.6  15.1  17.3 999.0 99.0 99.00
2019 10 13 15 50  11  4.9  5.7  1.08 11.43  5.13  92 1019.6  14.8  17.4 999.0 99.0 99.00
2019 10 13 16 50  17  3.7  4.6  1.17 12.12  5.68  94 1019.2  14.9  17.4 999.0 99.0 99.00
2019 10 13 17 50  33  2.8  3.9  1.11 11.43  6.13 105 1018.6  15.1  17.5 999.0 99.0 99.00
2019 10 13 18 50   7  1.6  2.9  1.22 12.12  7.37  97 1018.6  15.3  17.6 999.0 99.0 99.00
2019 10 13 19 50  31  0.7  2.1  1.08 11.43  6.93  95 1018.3  15.6  17.7 999.0 99.0 99.00
2019 10 13 20 50 276  0.8  1.6  1.09 10.81  7.45 106 1018.5  15.5  17.8 999.0 99.0 99.00
2019 10 13 21 50 157  1.2  2.0  1.02 11.43  7.56 100 1018.0  15.5  17.7 999.0 99.0 99.00
2019 10 13 22 50 173  3.0  4.1  0.96 10.81  7.63  86 1017.7  15.7  17.7 999.0 99.0 99.00
2019 10 13 23 50 167  2.9  4.2  1.03 10.81  8.09  84 1017.9  15.8  17.6 999.0 99.0 99.00
2019 10 14 00 50 177  4.4  5.1  0.98 11.43  7.97  79 1017.7  16.0  17.6 999.0 99.0 99.00
2019 10 14 01 50 178  5.3  6.7  0.91 10.81  7.71  78 1017.5  15.5  17.5 999.0 99.0 99.00
2019 10 14 02 50 175  2.6  3.2  0.88 11.43  7.00  59 1017.1  15.1  17.5 999.0 99.0 99.00
2019 10 14 03 50 181  1.1  2.0  0.93 10.00  7.91  90 1017.1  13.7  17.3 999.0 99.0 99.00
2019 10 14 04 50  61  2.0  3.1  0.83 10.81  7.60  89 1016.7  13.7  17.2 999.0 99.0 99.00
2019 10 14 05 50  55  3.6  4.5  0.94 10.00  8.08 106 1016.1  13.5  17.0 999.0 99.0 99.00
2019 10 14 06 50  48  3.2  4.0  0.86 11.43  7.88 107 1015.5  14.2  17.0 999.0 99.0 99.00
2019 10 14 07 50  55  4.3  5.1  0.85 12.12  7.84 102 1014.3  15.0  17.1 999.0 99.0 99.00
2019 10 14 08 50  51  4.7  5.4  0.84 12.12  7.28 116 1014.4  15.5  17.1 999.0 99.0 99.00
2019 10 14 09 50  49  4.4  5.2  0.85 12.12  6.48 101 1014.6  15.7  17.3 999.0 99.0 99.00
2019 10 14 10 50  59  5.3  6.2  0.86 11.43  6.44  91 1014.2  15.9  17.4 999.0 99.0 99.00
2019 10 14 11 50  69  4.0  4.9  0.80 11.43  5.35 104 1014.6  16.0  17.3 999.0 99.0 99.00
2019 10 14 12 50  30  1.3  1.8  0.94 11.43  6.25 109 1016.1  16.1  17.3 999.0 99.0 99.00
2019 10 14 13 50 337  2.1  2.8  0.98 10.81  6.42  92 1015.8  16.3  17.3 999.0 99.0 99.00
2019 10 14 14 50 319  1.4  1.9  0.88 11.43  5.90 122 1016.0  16.5  17.4 999.0 99.0 99.00
2019 10 14 15 50 272  0.7  1.5  0.90 10.00  6.04  91 1015.7  16.9  17.6 999.0 99.0 99.00
2019 10 14 16 50 313  2.9  3.8  0.98 11.43  6.16 100 1015.3  17.0  17.7 999.0 99.0 99.00
2019 10 14 17 50 285  1.5  2.2  0.96 11.43  5.87 101 1014.3  17.2  18.0 999.0 99.0 99.00
2019 10 14 18 50 257  3.3  4.4  0.88 10.81  5.90 103 1013.7  17.4  18.3 999.0 99.0 99.00
2019 10 14 19 50 223  2.8  3.4  1.02 10.00  6.48 109 1013.8  17.7  18.3 999.0 99.0 99.00
2019 10 14 20 50 199  4.5  5.3  0.99 10.81  6.34  84 1013.7  17.7  18.3 999.0 99.0 99.00
2019 10 14 21 50 193  6.0  6.9  0.82 10.00  5.86  92 1013.6  17.5  18.2 999.0 99.0 99.00
2019 10 14 22 50 206  6.8  7.8  0.91 10.00  5.16  85 1014.1  17.5  18.1 999.0 99.0 99.00
2019 10 14 23 50 213  8.1  9.7  0.95  6.25  4.66 155 1014.9  17.6  18.0 999.0 99.0 99.00
2019 10 15 00 50 214  7.9  8.9  1.05 10.81  4.75  76 1015.5  17.7  17.9 999.0 99.0 99.00
2019 10 15 01 50 218  6.7  8.5  1.06  6.67  4.84 157 1015.9  17.9  17.8 999.0 99.0 99.00
2019 10 15 02 50 232  5.7  6.8  1.04 10.81  4.61  85 1016.4  18.3  17.9 999.0 99.0 99.00
2019 10 15 03 50 258  5.1  6.2  0.97  6.25  4.86 173 1016.5  18.5  17.9 999.0 99.0 99.00
2019 10 15 04 50 294  5.4  6.3  0.92 10.00  4.88 117 1016.9  18.7  17.9 999.0 99.0 99.00
2019 10 15 05 50 331  8.5 10.1  0.89 10.00  5.21 107 1017.5  18.5  17.9 999.0 99.0 99.00
2019 10 15 06 50   1  8.3  9.7  0.87 10.00  4.21 115 1018.4  16.1  17.8 999.0 99.0 99.00
2019 10 15 07 50   9  7.5  9.0  0.95 10.81  4.08 110 1018.7  15.3  17.7 999.0 99.0 99.00
2019 10 15 08 50  13  6.9  8.2  1.04 10.00  4.19  99 1019.1  14.9  17.6 999.0 99.0 99.00
2019 10 15 09 50  16  5.9  7.3  0.95 10.81  4.25 110 1019.6  14.7  17.5 999.0 99.0 99.00
2019 10 15 10 50  15  5.6  7.1  0.91  4.17  4.20  37 1020.2  14.5  17.5 999.0 99.0 99.00
2019 10 15 11 50   2  5.6  6.8  0.91  4.00  4.20  42 1020.8  14.4  17.4 999.0 99.0 99.00
2019 10 15 12 50   4  4.6  6.2  0.89 10.81  4.25  93 1021.4  14.5  17.4 999.0 99.0 99.00
2019 10 15 13 50   6  4.9  6.5  0.85 10.81  4.64 102 1021.7  14.5  17.4 999.0 99.0 99.00
2019 10 15 14 50  19  4.8  6.7  0.84 10.81  4.58 106 1021.8  14.3  17.4 999.0 99.0 99.00
2019 10 15 15 50   9  4.8  5.9  0.82 10.81  4.62 102 1021.7  14.2  17.5 999.0 99.0 99.00
2019 10 15 16 50  13  3.5  4.9  0.82  9.09  4.65 107 1021.4  14.2  17.6 999.0 99.0 99.00
2019 10 15 17 50  29  3.5  4.6  0.79 10.81  4.61 109 1020.8  14.3  17.6 999.0 99.0 99.00
2019 10 15 18 50  30  0.8  2.1  0.74 10.00  4.50 104 1020.8  14.5  17.7 999.0 99.0 99.00
2019 10 15 19 50  71  0.4  1.1  0.68 10.00  4.86 110 1020.1  14.8  17.8 999.0 99.0 99.00
2019 10 15 20 50 149  0.8  1.3  0.63 10.00  4.98 108 1019.6  14.8  17.8 999.0 99.0 99.00
2019 10 15 21 50 189  2.2  3.1  0.58  9.09  4.86  86 1019.5  14.7  17.8 999.0 99.0 99.00
2019 10 15 22 50 179  2.8  4.1  0.55 10.00  5.17 111 1019.5  14.5  17.7 999.0 99.0 99.00
2019 10 15 23 50 179  3.0  4.0  0.57 10.81  5.66  33 1019.8  14.8  17.6 999.0 99.0 99.00
2019 10 16 00 50 169  3.9  4.6  0.55  9.09  5.95  97 1019.8  14.8  17.6 999.0 99.0 99.00
2019 10 16 01 50 168  3.3  4.4  0.52 10.00  5.81 104 1019.6  14.9  17.6 999.0 99.0 99.00
2019 10 16 02 50 164  4.4  5.4  0.54 10.00  6.22 114 1019.3  15.1  17.5 999.0 99.0 99.00
2019 10 16 03 50 152  4.2  5.3  0.53 10.00  5.34 100 1018.8  15.3  17.5 999.0 99.0 99.00
2019 10 16 04 50 153  4.9  5.9  0.51  9.09  5.44 100 1018.9  15.4  17.4 999.0 99.0 99.00
2019 10 16 05 50 142  4.5  5.7  0.57  9.09  4.97 102 1018.7  15.4  17.4 999.0 99.0 99.00
2019 10 16 06 50 129  5.0  5.7  0.56  9.09  4.77 127 1018.2  15.5  17.3 999.0 99.0 99.00
2019 10 16 07 50 129  5.0  5.8  0.57  9.09  4.26 118 1017.4  15.6  17.3 999.0 99.0 99.00
2019 10 16 08 50 118  6.5  7.4  0.62  9.09  4.29 102 1016.6  15.8  17.3 999.0 99.0 99.00
2019 10 16 09 50 123  7.5  8.7  0.67  9.09  3.92 134 1016.0  15.7  17.3 999.0 99.0 99.00
2019 10 16 10 50 118  7.2  8.4  0.80  8.33  3.77 117 1015.7  16.2  17.3 999.0 99.0 99.00
2019 10 16 11 50 123  8.4  9.7  0.81  3.45  3.84 118 1014.6  16.6  17.3 999.0 99.0 99.00
2019 10 16 12 50 123  8.3  9.8  0.89  3.70  3.80 112 1013.8  17.1  17.3 999.0 99.0 99.00
2019 10 16 13 50 131  7.5  8.9  0.93  4.00  3.99 120 1013.5  17.4  17.4 999.0 99.0 99.00
2019 10 16 14 50 125  8.5 10.2  0.92  3.85  4.05 118 1011.8  17.7  17.5 999.0 99.0 99.00
2019 10 16 15 50 127  8.8 11.0  0.99  4.17  3.94 116 1010.6  18.0  17.6 999.0 99.0 99.00
2019 10 16 16 50 134  9.4 11.8  1.08  4.17  4.05 127 1009.5  18.2  17.6 999.0 99.0 99.00
2019 10 16 17 50 126  9.8 12.0  1.08  4.17  4.15 124 1007.3  18.2  17.7 999.0 99.0 99.00
2019 10 16 18 50 127 10.6 12.5  1.31  4.55  4.16 124 1005.7  18.4  17.7 999.0 99.0 99.00
2019 10 16 19 50 126 11.3 13.3  1.50  4.76  4.36 133 1003.7  18.6  17.7 999.0 99.0 99.00
2019 10 16 20 50 117 11.8 14.1  1.77  6.25  4.60 158 1000.4  18.5  17.7 999.0 99.0 99.00
2019 10 16 21 50 128 11.9 14.2  1.96  6.25  4.90 149  998.4  18.3  17.7 999.0 99.0 99.00
2019 10 16 22 50 129 12.6 15.6  2.38  6.67  5.27 147  996.0  17.9  17.7 999.0 99.0 99.00
2019 10 16 23 50  52  5.9  8.2  2.66  6.67  5.57 130  993.0  17.4  17.6 999.0 99.0 99.00
2019 10 17 00 50 137 19.8 24.4  3.77  7.69  6.30 134  987.0  17.7  17.6 999.0 99.0 99.00
2019 10 17 01 50 175 13.0 17.7  4.38  7.69  6.78 135  987.3  17.6  17.6 999.0 99.0 99.00
2019 10 17 02 50 259 12.3 16.3  3.75  9.09  6.63 116  986.3  17.2  17.6 999.0 99.0 99.00
2019 10 17 03 50 287 20.3 26.9  3.01  8.33  5.57 135  985.6  14.7  17.6 999.0 99.0 99.00
2019 10 17 04 50 289 18.9 25.0  4.46  7.14  6.48 255  987.4  14.2  17.5 999.0 99.0 99.00
2019 10 17 05 50 291 18.9 23.4  4.02  7.69  6.61 290  988.3  14.0  17.4 999.0 99.0 99.00
2019 10 17 06 50 287 17.5 21.5  3.98  7.14  6.54 291  989.1  14.0  17.3 999.0 99.0 99.00
2019 10 17 07 50 280 16.5 20.7  3.37  7.14  6.12 275  989.9  13.5  17.2 999.0 99.0 99.00
2019 10 17 08 50 281 16.5 19.8  3.24  6.67  6.04 284  990.4  13.4  17.2 999.0 99.0 99.00
2019 10 17 09 50 278 16.6 22.7  3.41  7.14  6.14 283  991.0  13.4  17.1 999.0 99.0 99.00
2019 10 17 10 50 273 15.7 19.6  2.96  7.69  5.92 254  992.1  13.5  17.0 999.0 99.0 99.00
2019 10 17 11 50 269 16.2 20.5  3.19  7.14  5.98 264  992.2  13.5  16.9 999.0 99.0 99.00
2019 10 17 12 50 273 15.7 19.0  3.51  7.14  6.24 260  992.4  13.6  16.9 999.0 99.0 99.00
2019 10 17 13 50 274 16.9 20.2  3.67  6.67  6.32 267  992.6  13.3  16.9 999.0 99.0 99.00
2019 10 17 14 50 265 17.1 21.4  3.55  6.25  6.07 272  992.4  13.6  16.9 999.0 99.0 99.00
2019 10 17 15 50 264 16.7 20.2  3.36  6.67  6.12 274  992.6  13.7  16.9 999.0 99.0 99.00
2019 10 17 16 50 268 17.2 20.8  3.58  6.25  5.95 277  992.5  14.2  17.0 999.0 99.0 99.00
2019 10 17 17 50 266 16.3 20.4  3.57  7.14  6.18 259  992.7  14.9  17.1 999.0 99.0 99.00
2019 10 17 18 50 268 17.6 21.2  3.76  7.14  6.13 267  993.2  15.1  17.1 999.0 99.0 99.00
2019 10 17 19 50 271 15.8 19.3  3.43  7.69  6.19 233  994.3  15.1  17.1 999.0 99.0 99.00
2019 10 17 20 50 283 16.2 21.1  3.69  6.67  6.18 279  995.2  15.3  17.1 999.0 99.0 99.00
2019 10 17 21 50 278 15.3 18.2  3.72  7.14  6.07 266  996.1  15.2  17.1 999.0 99.0 99.00
2019 10 17 22 50 270 14.9 17.8  3.24  6.67  5.92 273  997.2  14.9  17.0 999.0 99.0 99.00
2019 10 17 23 50 278 14.8 18.2  2.83  6.25  5.73 280  998.5  14.8  17.0 999.0 99.0 99.00
2019 10 18 00 50 277 14.8 19.1  3.13  6.25  5.72 259  999.3  14.5  16.9 999.0 99.0 99.00
2019 10 18 01 50 284 14.2 17.8  2.86  6.25  5.51 283 1000.7  14.4  16.9 999.0 99.0 99.00
2019 10 18 02 50 285 13.9 17.2  2.79  6.25  5.43 276 1001.9  14.2  16.9 999.0 99.0 99.00
2019 10 18 03 50 291 13.1 16.2  2.80  6.25  5.49 277 1002.4  14.2  16.9 999.0 99.0 99.00
2019 10 18 04 50 308 14.4 17.7  2.79  5.88  5.56 278 1002.6  14.0  16.9 999.0 99.0 99.00
2019 10 18 05 50 311 14.8 17.4  2.51  5.88  5.23 292 1003.2  13.8  16.9 999.0 99.0 99.00
2019 10 18 06 50 305 12.6 16.9  2.41  5.88  5.23 294 1003.8  13.3  16.9 999.0 99.0 99.00
2019 10 18 07 50 304 13.2 15.4  2.13  6.25  5.02 286 1004.0  13.0  16.9 999.0 99.0 99.00
2019 10 18 08 50 310 11.4 15.1  2.05  5.88  5.05 277 1005.2  13.0  16.9 999.0 99.0 99.00
2019 10 18 09 50 312 10.9 13.5  1.93  5.88  4.88 293 1005.9  13.0  16.8 999.0 99.0 99.00
2019 10 18 10 50 313 12.2 14.4  1.59  5.88  4.82 281 1006.5  12.8  16.8 999.0 99.0 99.00
2019 10 18 11 50 311 11.9 14.2  1.60  5.56  4.67 293 1007.5  12.6  16.8 999.0 99.0 99.00
2019 10 18 12 50 314 10.7 13.5  1.50  5.26  4.53 293 1008.5  12.6  16.8 999.0 99.0 99.00
2019 10 18 13 50 309  9.8 12.1  1.46  5.56  4.48 267 1008.8  12.6  16.7 999.0 99.0 99.00
2019 10 18 14 50 310 10.1 12.5  1.48  5.56  4.47 263 1009.1  12.5  16.8 999.0 99.0 99.00
2019 10 18 15 50 307 10.0 12.3  1.39  5.00  4.27 293 1009.0  12.9  16.8 999.0 99.0 99.00
2019 10 18 16 50 299  8.3 10.2  1.25  4.76  4.25 280 1009.3  13.3  16.8 999.0 99.0 99.00
2019 10 18 17 50 299  8.7 11.4  1.18  4.55  4.10 286 1009.5  13.8  16.9 999.0 99.0 99.00
2019 10 18 18 50 308  9.7 12.2  1.14  4.55  4.03 293 1010.0  14.2  16.9 999.0 99.0 99.00
2019 10 18 19 50 301 10.2 12.8  1.25  4.76  4.16 291 1010.8  14.5  17.0 999.0 99.0 99.00
2019 10 18 20 50 311  9.1 11.8  1.22  5.00  4.18 282 1011.3  14.5  16.9 999.0 99.0 99.00
2019 10 18 21 50 313  8.5 10.8  1.14  4.76  4.20 285 1011.6  14.2  16.9 999.0 99.0 99.00
2019 10 18 22 50 317  9.3 11.2  1.12  4.76  4.01 292 1012.2  13.7  16.9 999.0 99.0 99.00
2019 10 18 23 50 319 10.7 12.7  1.18  5.00  4.15 288 1013.5  13.0  16.9 999.0 99.0 99.00
2019 10 19 00 50 322 10.3 12.0  1.34  4.76  4.22 294 1014.2  12.7  16.8 999.0 99.0 99.00
2019 10 19 01 50 324  9.3 11.0  1.28  5.00  4.18 293 1014.8  12.4  16.8 999.0 99.0 99.00
2019 10 19 02 50 327  8.0 10.3  1.08  5.00  4.10 300 1015.4  12.1  16.8 999.0 99.0 99.00
2019 10 19 03 50 328  8.0  9.3  0.97  4.76  3.99 299 1015.7  11.7  16.7 999.0 99.0 99.00
2019 10 19 04 50 327  7.3  9.5  0.89  3.57  3.64 316 1015.8  11.4  16.7 999.0 99.0 99.00
2019 10 19 05 50 333  7.1  8.7  0.81  4.17  3.56 298 1016.4  11.1  16.7 999.0 99.0 99.00
2019 10 19 06 50 349  7.2  9.7  0.80  4.17  3.56 300 1016.4  10.6  16.7 999.0 99.0 99.00
2019 10 19 07 50 360  7.4  9.7  0.73  3.85  3.42 291 1016.4  10.4  16.7 999.0 99.0 99.00
2019 10 19 08 50 359  8.0  9.6  0.72  3.23  3.39 357 1016.5  10.6  16.7 999.0 99.0 99.00
2019 10 19 09 50 359  8.0  9.5  0.82  3.57  3.48 358 1016.7  10.5  16.7 999.0 99.0 99.00
2019 10 19 10 50 354  5.7  7.1  0.85  4.00  3.69  15 1017.4  10.5  16.6 999.0 99.0 99.00
2019 10 19 11 50 353  4.7  5.8  0.72  3.57  3.53   7 1018.2  10.6  16.6 999.0 99.0 99.00
2019 10 19 12 50 335  4.1  5.4  0.57  3.45  3.56 340 1018.5  10.6  16.6 999.0 99.0 99.00
2019 10 19 13 50 335  4.4  6.0  0.53  3.45  3.41 356 1019.0  10.7  16.5 999.0 99.0 99.00
2019 10 19 14 50 321  3.5  4.7  0.46  3.33  3.39 351 1019.1  10.9  16.6 999.0 99.0 99.00
2019 10 19 15 50 318  3.0  4.5  0.43  2.94  3.59 338 1018.8  11.1  16.6 999.0 99.0 99.00
2019 10 19 16 50 319  2.9  4.1  0.41  2.74  3.58 342 1018.7  11.2  16.8 999.0 99.0 99.00
2019 10 19 17 50 275  3.3  4.6  0.39 14.81  3.71 357 1018.3  11.6  16.9 999.0 99.0 99.00
2019 10 19 18 50 229  3.7  5.4  0.31 10.00  3.85  92 1017.8  12.1  17.0 999.0 99.0 99.00
2019 10 19 19 50 247  5.0  6.3 99.00 99.00 99.00 999 1017.7  12.5  17.1 999.0 99.0 99.00
2019 10 19 20 50 243  4.2  5.7  0.38 13.79  3.39 130 1017.5  13.0  17.1 999.0 99.0 99.00
2019 10 19 21 50 240  4.0  5.4  0.37 13.79  3.44 184 1017.3  13.3  17.0 999.0 99.0 99.00
2019 10 19 22 50 246  3.6  5.4  0.36 10.81  3.52  93 1017.3  13.8  16.9 999.0 99.0 99.00
2019 10 19 23 50 235  3.4  4.3  0.36  2.86  3.38 243 1017.5  14.2  16.8 999.0 99.0 99.00
2019 10 20 00 50 224  2.9  3.8 99.00 99.00 99.00 999 1017.5  14.7  16.8 999.0 99.0 99.00
2019 10 20 01 50 230  3.6  4.7  0.41 12.90  3.78 136 1017.7  15.1  16.7 999.0 99.0 99.00
2019 10 20 02 50 237  4.3  5.5  0.42  3.13  3.47 242 1017.8  15.6  16.7 999.0 99.0 99.00
2019 10 20 03 50 240  3.9  4.6  0.39  9.09  3.80  21 1017.7  15.8  16.7 999.0 99.0 99.00
2019 10 20 04 50 234  2.6  3.3  0.40  2.94  3.63 236 1017.5  15.7  16.7 999.0 99.0 99.00
2019 10 20 05 50 225  2.6  3.9  0.37 12.90  3.73   9 1017.8  15.7  16.7 999.0 99.0 99.00
2019 10 20 06 50 228  3.5  4.5  0.40 13.79  4.01 186 1017.6  15.4  16.6 999.0 99.0 99.00
2019 10 20 07 50 228  2.2  2.9  0.42 10.00  4.20  89 1016.9  15.2  16.6 999.0 99.0 99.00
2019 10 20 08 50 207  2.1  2.8  0.41 13.79  3.93 324 1017.2  15.3  16.7 999.0 99.0 99.00
2019 10 20 09 50 166  2.0  2.6  0.42 10.00  4.34  53 1017.0  15.4  16.6 999.0 99.0 99.00
2019 10 20 10 50 160  3.1  3.8  0.44 13.79  4.52  99 1016.9  15.4  16.6 999.0 99.0 99.00
2019 10 20 11 50 142  3.5  3.9  0.40 13.79  4.55 216 1017.2  15.5  16.7 999.0 99.0 99.00
2019 10 20 12 50 144  4.5  5.3  0.38  9.09  4.38 201 1017.8  15.6  16.7 999.0 99.0 99.00
2019 10 20 13 50 153  5.0  6.0  0.39 10.00  4.28 124 1017.9  15.6  16.7 999.0 99.0 99.00
2019 10 20 14 50 133  5.3  6.4  0.42 14.81  3.86 103 1017.6  15.7  16.7 999.0 99.0 99.00
2019 10 20 15 50 130  5.8  7.2  0.48 14.81  3.68  95 1017.3  15.8  16.8 999.0 99.0 99.00
2019 10 20 16 50 117  4.9  6.1  0.45 13.79  3.58 172 1017.1  15.7  16.8 999.0 99.0 99.00
2019 10 20 17 50  85  4.8  5.5  0.46 12.90  3.65 256 1016.7  15.8  16.8 999.0 99.0 99.00
2019 10 20 18 50  71  6.5  7.4  0.41 10.00  3.57 147 1015.8  15.7  16.8 999.0 99.0 99.00
2019 10 20 19 50  66  7.5  8.8 99.00 99.00 99.00 999 1015.4  15.7  16.8 999.0 99.0 99.00
2019 10 20 20 50  65  9.0 10.3  0.62  2.86  3.15  89 1015.1  15.2  16.8 999.0 99.0 99.00
2019 10 20 21 50  60  9.7 11.0  0.74  3.23  3.30  87 1014.6  14.8  16.8 999.0 99.0 99.00
2019 10 20 22 50  64 10.6 12.3  0.89  3.57  3.49  71 1014.2  14.7  16.8 999.0 99.0 99.00
2019 10 20 23 50  67 10.7 12.3  1.08  4.35  3.72  76 1013.7  14.7  16.8 999.0 99.0 99.00
2019 10 21 00 50  62 11.3 13.1  1.26  4.76  3.98  84 1013.3  14.7  16.8 999.0 99.0 99.00
2019 10 21 01 50  54 11.8 13.9  1.41  5.00  4.15  79 1013.3  14.3  16.8 999.0 99.0 99.00
2019 10 21 02 50  46 11.6 14.0  1.59  5.00  4.32  77 1013.2  13.6  16.8 999.0 99.0 99.00
2019 10 21 03 50  29 12.3 14.4  1.74  5.56  4.42  69 1013.1  13.8  16.8 999.0 99.0 99.00
2019 10 21 04 50  30 12.6 15.2  2.09  5.56  4.77  72 1012.6  14.6  16.7 999.0 99.0 99.00
2019 10 21 05 50  47 12.1 14.5  2.18  5.56  4.88  71 1011.8  14.9  16.7 999.0 99.0 99.00
2019 10 21 06 50  23 11.8 13.9  2.11  5.56  4.85  67 1011.9  14.5  16.7 999.0 99.0 99.00
2019 10 21 07 50  21 13.7 15.9  2.28  6.25  5.18  75 1011.9  14.0  16.7 999.0 99.0 99.00
2019 10 21 08 50  26 12.9 15.7  2.41  5.88  5.57  74 1012.8  13.8  16.7 999.0 99.0 99.00
2019 10 21 09 50  26 12.6 15.3  2.59  7.14  5.74 109 1013.3  14.3  16.7 999.0 99.0 99.00
2019 10 21 10 50  22 12.1 14.2  2.61  7.14  5.79 103 1014.0  14.4  16.6 999.0 99.0 99.00
2019 10 21 11 50  19 11.3 13.9  2.62  6.67  5.74  94 1015.0  14.3  16.6 999.0 99.0 99.00
2019 10 21 12 50  32 12.3 15.3  2.62  7.69  5.79 108 1015.6  14.1  16.6 999.0 99.0 99.00
2019 10 21 13 50  33 11.1 13.6  2.77  7.69  6.09 109 1016.0  14.1  16.6 999.0 99.0 99.00
2019 10 21 14 50  34 10.2 12.3  2.87  7.69  6.04 101 1016.3  14.3  16.6 999.0 99.0 99.00
2019 10 21 15 50  25  9.3 11.4  2.92  7.69  6.36  94 1016.8  14.4  16.5 999.0 99.0 99.00
2019 10 21 16 50  25  8.8 10.5  2.85  8.33  6.39 108 1017.1  14.9  16.5 999.0 99.0 99.00
2019 10 21 17 50  31  8.0 10.1  2.99  8.33  6.81 101 1017.3  15.0  16.6 999.0 99.0 99.00
2019 10 21 18 50  34  6.9  8.8  3.01  9.09  6.81 106 1017.1  15.4  16.6 999.0 99.0 99.00
2019 10 21 19 50  39  6.5  7.8  2.67  9.09  6.70 116 1017.7  15.8  16.6 999.0 99.0 99.00
2019 10 21 20 50  35  6.6  7.9  2.88  9.09  6.91 104 1018.0  16.1  16.5 999.0 99.0 99.00
2019 10 21 21 50  44  5.5  6.5  2.47  9.09  6.79 119 1018.6  16.4  16.5 999.0 99.0 99.00
2019 10 21 22 50  45  4.8  6.1  2.51  9.09  6.90 115 1018.9  16.4  16.5 999.0 99.0 99.00
2019 10 21 23 50  64  6.0  7.7  2.66  9.09  7.21  93 1019.0  16.6  16.5 999.0 99.0 99.00
2019 10 22 00 50  66  7.3  8.7  2.39  9.09  6.81 103 1018.9  16.6  16.5 999.0 99.0 99.00
2019 10 22 01 50  76  7.6  9.3  2.44  9.09  6.69 105 1019.1  16.4  16.5 999.0 99.0 99.00
2019 10 22 02 50  67  6.4  8.1  2.72  9.09  6.92 105 1019.8  16.2  16.5 999.0 99.0 99.00
2019 10 22 03 50  61  6.6  7.9  2.53  9.09  6.68 108 1019.7  16.1  16.4 999.0 99.0 99.00
2019 10 22 04 50  70  6.4  8.3  2.41 10.00  6.61 102 1019.3  15.8  16.4 999.0 99.0 99.00
2019 10 22 05 50  70  6.2  7.7  2.41  9.09  6.64 100 1019.3  15.5  16.4 999.0 99.0 99.00
2019 10 22 06 50  74  5.6  7.5  2.20 10.00  6.31  99 1018.8  15.5  16.4 999.0 99.0 99.00
2019 10 22 07 50  75  8.3 10.3  1.95  9.09  6.04 108 1017.5  15.5  16.4 999.0 99.0 99.00
2019 10 22 08 50  91  7.8  9.4  2.24 10.00  6.40 107 1017.7  15.4  16.4 999.0 99.0 99.00
2019 10 22 09 50  84  5.0  6.3  2.03  9.09  6.08 102 1018.2  15.6  16.4 999.0 99.0 99.00
2019 10 22 10 50  89  6.6  7.9  1.83  9.09  5.72 113 1017.5  15.5  16.3 999.0 99.0 99.00
2019 10 22 11 50  97  6.5  7.9  1.80  9.09  5.77  99 1018.2  15.6  16.3 999.0 99.0 99.00
2019 10 22 12 50  94  5.7  7.2  1.99  9.09  6.06 110 1018.5  15.8  16.3 999.0 99.0 99.00
2019 10 22 13 50  85  7.0  8.0  1.90  8.33  5.92  95 1017.5  15.5  16.2 999.0 99.0 99.00
2019 10 22 14 50  66  5.0  5.9  1.78  9.09  5.81 112 1017.9  15.6  16.2 999.0 99.0 99.00
2019 10 22 15 50  93  6.3  7.5  1.79  8.33  5.74 104 1017.3  15.8  16.2 999.0 99.0 99.00
2019 10 22 16 50  81  5.7  7.1  1.90  8.33  6.19 123 1016.6  15.8  16.2 999.0 99.0 99.00
2019 10 22 17 50  85  7.0  8.1  1.89  9.09  6.01 103 1015.0  15.8  16.3 999.0 99.0 99.00
2019 10 22 18 50  85  8.0  9.4  1.91  9.09  6.15  96 1013.9  16.0  16.3 999.0 99.0 99.00
2019 10 22 19 50  92 10.4 12.7  2.17 10.00  6.37  92 1012.7  15.6  16.3 999.0 99.0 99.00
2019 10 22 20 50  96 10.5 12.3  1.81 10.00  5.56 113 1012.3  15.6  16.3 999.0 99.0 99.00
2019 10 22 21 50 100  9.8 12.2  1.93 10.00  5.56 106 1012.0  16.0  16.3 999.0 99.0 99.00
2019 10 22 22 50 103 10.6 12.5  2.11  9.09  5.70  96 1011.4  16.2  16.3 999.0 99.0 99.00
2019 10 22 23 50 106  9.0 10.8  1.86  9.09  5.43 102 1011.4  16.3  16.3 999.0 99.0 99.00
2019 10 23 00 50 110  8.3 10.2  1.81  8.33  5.37 100 1011.4  16.5  16.3 999.0 99.0 99.00
2019 10 23 01 50 107  7.1  8.6  1.85  9.09  5.56  91 1011.0  16.6  16.3 999.0 99.0 99.00
2019 10 23 02 50 120  6.4  7.6  1.73  9.09  5.74  98 1010.1  16.6  16.3 999.0 99.0 99.00
2019 10 23 03 50 129  5.5  6.4  1.62  8.33  5.69  94 1009.3  16.9  16.3 999.0 99.0 99.00
2019 10 23 04 50 136  6.1  7.2  1.67  8.33  5.85 103 1008.1  17.1  16.3 999.0 99.0 99.00
2019 10 23 05 50 158  7.0  9.2  1.49  9.09  5.57 106 1007.1  17.3  16.4 999.0 99.0 99.00
2019 10 23 06 50 212  6.3  7.4  1.46  9.09  5.50 120 1007.1  17.3  16.4 999.0 99.0 99.00
2019 10 23 07 50 286  7.1  8.8  1.60  8.33  5.91 113 1006.9  16.4  16.4 999.0 99.0 99.00
2019 10 23 08 50 307  8.9 11.4  1.51 11.43  5.66 127 1007.2  16.5  16.4 999.0 99.0 99.00
2019 10 23 09 50 304  7.9  9.6  1.52 11.43  5.33 128 1008.4  16.4  16.4 999.0 99.0 99.00
2019 10 23 10 50 296  8.3 10.0  1.41  8.33  5.05 112 1009.1  16.5  16.4 999.0 99.0 99.00
2019 10 23 11 50 302  9.6 11.5  1.49  9.09  5.11 112 1010.0  16.3  16.3 999.0 99.0 99.00
2019 10 23 12 50 305 10.5 12.9  1.68  4.17  4.91 296 1011.3  16.2  16.2 999.0 99.0 99.00
2019 10 23 13 50 300  9.7 11.3  1.64  9.09  5.03 101 1012.6  16.0  16.3 999.0 99.0 99.00
2019 10 23 14 50 298  8.5 10.6  1.62  5.26  4.93 289 1013.2  16.2  16.3 999.0 99.0 99.00
2019 10 23 15 50 286 10.1 11.9  1.60  5.26  4.99 282 1013.7  15.9  16.3 999.0 99.0 99.00
2019 10 23 16 50 284  8.6 10.5  1.60  5.56  5.01 281 1013.7  16.2  16.4 999.0 99.0 99.00
2019 10 23 17 50 284 10.0 12.1  1.39  4.76  4.69 281 1013.6  16.9  16.4 999.0 99.0 99.00
2019 10 23 18 50 282 10.0 12.6  1.47  5.00  4.70 288 1013.9  17.0  16.4 999.0 99.0 99.00
2019 10 23 19 50 279  9.7 11.3  1.42  4.76  4.55 295 1014.6  17.1  16.4 999.0 99.0 99.00
2019 10 23 20 50 277  8.1  9.4  1.35  4.76  4.44 291 1015.2  17.5  16.4 999.0 99.0 99.00
2019 10 23 21 50 282  8.2  9.6  1.23  4.76  4.40 292 1016.2  17.5  16.4 999.0 99.0 99.00
2019 10 23 22 50 279  6.9  8.6  1.08  4.55  4.23 292 1017.5  17.5  16.4 999.0 99.0 99.00
2019 10 23 23 50 279  7.9  9.8  1.04  4.35  4.19 297 1018.8  17.4  16.4 999.0 99.0 99.00
2019 10 24 00 50 278  8.1  9.7  1.07  4.35  4.17 287 1019.8  17.3  16.4 999.0 99.0 99.00
2019 10 24 01 50 277  7.6  9.3  1.10  4.35  4.25 291 1020.7  17.1  16.4 999.0 99.0 99.00
2019 10 24 02 50 281  8.0 10.1  1.08  4.17  4.26 294 1021.3  16.9  16.3 999.0 99.0 99.00
2019 10 24 03 50 292  7.4  8.8  1.04  4.17  4.41 279 1021.6  16.7  16.3 999.0 99.0 99.00
2019 10 24 04 50 299  7.4  9.2  0.99  4.35  4.26 268 1022.0  16.5  16.2 999.0 99.0 99.00
2019 10 24 05 50 308  8.3 10.2  1.01  4.00  4.16 290 1022.3  16.1  16.2 999.0 99.0 99.00
2019 10 24 06 50 319  7.6  9.6  1.04  4.35  4.22 287 1022.6  15.8  16.2 999.0 99.0 99.00
2019 10 24 07 50 326  7.4  8.7  1.04  4.17  4.08 291 1023.3  15.5  16.1 999.0 99.0 99.00
2019 10 24 08 50 329  6.0  7.7  0.94  4.00  4.11 283 1024.2  15.1  16.1 999.0 99.0 99.00
2019 10 24 09 50 330  6.3  7.5  0.83  9.09  4.13  60 1025.2  15.2  16.1 999.0 99.0 99.00
2019 10 24 10 50 328  5.1  6.1  0.75  9.09  4.33  92 1025.8  15.3  16.1 999.0 99.0 99.00
2019 10 24 11 50 324  4.0  4.7  0.71  9.09  4.45 106 1026.4  15.5  16.1 999.0 99.0 99.00
2019 10 24 12 50 307  1.9  2.5  0.75  9.09  5.28  81 1027.4  15.7  16.1 999.0 99.0 99.00
2019 10 24 13 50 285  1.3  2.0  0.71  9.09  5.32 107 1027.7  15.8  16.1 999.0 99.0 99.00
2019 10 24 14 50 272  2.1  2.6  0.70  8.33  5.73 103 1027.7  15.8  16.3 999.0 99.0 99.00
2019 10 24 15 50 259  1.8  2.6  0.72  9.09  6.53  96 1027.7  15.8  16.5 999.0 99.0 99.00
2019 10 24 16 50 272  2.2  3.1  0.68  9.09  6.41  99 1027.2  15.8  16.6 999.0 99.0 99.00
2019 10 24 18 50 210  3.8  4.6  0.61  9.09  6.61  93 1025.9  16.1  16.8 999.0 99.0 99.00
2019 10 24 19 50 221  4.5  5.3  0.64  9.09  7.11  86 1026.4  16.3  16.8 999.0 99.0 99.00
2019 10 24 20 50 213  5.4  6.2  0.62  9.09  5.88  96 1026.1  16.4  16.7 999.0 99.0 99.00
2019 10 24 21 50 211  6.0  7.0  0.62  8.33  4.51  93 1025.9  16.3  16.6 999.0 99.0 99.00
2019 10 24 22 50 213  6.8  8.1  0.69 10.00  4.09 104 1026.1  16.2  16.5 999.0 99.0 99.00
2019 10 24 23 50 213  7.3  8.5  0.73  9.09  4.08  96 1026.3  16.2  16.4 999.0 99.0 99.00
2019 10 25 00 50 219  7.4  8.3  0.79  9.09  3.93  95 1026.4  16.2  16.4 999.0 99.0 99.00
2019 10 25 01 50 217  7.9  9.1  0.85  9.09  4.04  97 1026.6  16.3  16.3 999.0 99.0 99.00
2019 10 25 02 50 217  7.6  9.0  0.98  4.00  4.29 240 1026.3  16.3  16.2 999.0 99.0 99.00
2019 10 25 03 50 224  7.6  8.8  0.98 10.00  4.32  91 1026.4  16.3  16.2 999.0 99.0 99.00
2019 10 25 04 50 232  7.3  8.7  0.96  9.09  4.37 101 1026.3  16.3  16.2 999.0 99.0 99.00
2019 10 25 05 50 237  6.1  7.1  1.01  4.35  4.34 238 1026.2  16.4  16.2 999.0 99.0 99.00
2019 10 25 06 50 244  5.0  5.8  0.89  4.17  4.40 238 1025.9  16.4  16.2 999.0 99.0 99.00
2019 10 25 07 50 256  5.1  6.2  0.85  4.35  4.33 238 1026.1  16.5  16.1 999.0 99.0 99.00
2019 10 25 08 50 278  5.4  6.4  0.82  9.09  4.38  92 1026.6  16.2  16.2 999.0 99.0 99.00
2019 10 25 09 50 298  4.0  4.5  0.79  9.09  4.47 123 1026.6  15.6  16.2 999.0 99.0 99.00
2019 10 25 10 50 286  3.3  3.9  0.68  3.85  4.14 224 1026.3  15.1  16.1 999.0 99.0 99.00
2019 10 25 11 50 256  2.1  2.5  0.67  9.09  4.56 118 1026.9  15.2  16.1 999.0 99.0 99.00
2019 10 25 12 50 251  2.3  2.8  0.62  3.85  4.42 227 1027.2  15.4  16.1 999.0 99.0 99.00
2019 10 25 13 50 225  3.2  3.8  0.61  9.09  4.73 113 1027.0  15.6  16.1 999.0 99.0 99.00
2019 10 25 14 50 221  2.8  3.3  0.56  8.33  4.86 106 1026.8  15.8  16.2 999.0 99.0 99.00
2019 10 25 15 50 228  3.8  4.3  0.58  9.09  5.12 111 1026.4  16.0  16.3 999.0 99.0 99.00
2019 10 25 16 50 245  4.4  5.2  0.59  8.33  5.10 103 1025.5  16.1  16.4 999.0 99.0 99.00
2019 10 25 17 50 238  3.6  4.3  0.53  8.33  4.79 128 1024.5  16.3  16.5 999.0 99.0 99.00
2019 10 25 18 50 210  3.0  3.6  0.57  9.09  5.15 111 1023.8  16.1  16.5 999.0 99.0 99.00
2019 10 25 19 50 192  3.9  4.5  0.53  9.09  5.36 111 1022.9  16.2  16.5 999.0 99.0 99.00
2019 10 25 20 50 205  5.0  5.8  0.50  9.09  5.16  90 1022.8  16.3  16.5 999.0 99.0 99.00
2019 10 25 21 50 200  4.9  5.5  0.51  8.33  4.68 105 1022.4  16.3  16.5 999.0 99.0 99.00
2019 10 25 22 50 202  5.4  6.2  0.51  9.09  4.24 110 1022.4  16.4  16.4 999.0 99.0 99.00
2019 10 25 23 50 210  6.4  7.2  0.57  9.09  3.94  88 1022.2  16.6  16.4 999.0 99.0 99.00
2019 10 26 00 50 207  5.3  6.2  0.61  8.33  3.91 112 1022.0  16.5  16.3 999.0 99.0 99.00
2019 10 26 01 50 214  6.5  8.0  0.58  8.33  3.92 110 1022.0  16.7  16.3 999.0 99.0 99.00
2019 10 26 02 50 225  5.5  6.5  0.68  8.33  4.08 105 1022.2  16.8  16.2 999.0 99.0 99.00
2019 10 26 03 50 231  5.9  6.7  0.67  7.69  4.15 115 1021.9  16.9  16.2 999.0 99.0 99.00
2019 10 26 04 50 239  5.3  6.4  0.64  8.33  4.13 127 1021.6  16.9  16.3 999.0 99.0 99.00
2019 10 26 05 50 263  4.7  5.4  0.62  8.33  4.29 127 1021.2  16.8  16.3 999.0 99.0 99.00
2019 10 26 06 50 294  5.8  6.7  0.60  8.33  4.06 135 1020.9  16.6  16.3 999.0 99.0 99.00
2019 10 26 07 50 288  5.6  6.6  0.60  7.69  4.06 107 1020.6  16.5  16.2 999.0 99.0 99.00
2019 10 26 08 50 302  6.0  7.3  0.64  8.33  3.96 139 1021.0  16.5  16.2 999.0 99.0 99.00
2019 10 26 09 50 327  6.3  7.4  0.62  9.09  3.69 129 1021.2  16.3  16.2 999.0 99.0 99.00
2019 10 26 10 50 342  7.1  8.1  0.65  3.03  3.52 298 1021.8  15.4  16.2 999.0 99.0 99.00
2019 10 26 11 50 356  6.8  8.0  0.64  2.94  3.45 317 1022.4  15.3  16.1 999.0 99.0 99.00
2019 10 26 12 50  12  7.7  9.6  0.63  3.13  3.31 312 1023.6  15.2  16.1 999.0 99.0 99.00
2019 10 26 13 50  14  8.3  9.8  0.74  3.33  3.41 348 1023.9  14.9  16.1 999.0 99.0 99.00
2019 10 26 14 50  22  7.6  9.0  0.78  3.57  3.46 360 1024.2  14.7  16.2 999.0 99.0 99.00
2019 10 26 15 50  30  7.5  8.8  0.80  3.85  3.55  19 1024.3  14.8  16.2 999.0 99.0 99.00
2019 10 26 16 50  31  7.0  8.8  0.85  4.00  3.67  22 1023.7  15.0  16.2 999.0 99.0 99.00
2019 10 26 17 50  50  5.2  6.3  0.87  3.85  3.74  34 1023.5  15.1  16.3 999.0 99.0 99.00
2019 10 26 18 50  63  4.3  5.7  0.74  4.00  3.77  52 1023.4  15.0  16.3 999.0 99.0 99.00
2019 10 26 19 50  58  4.1  4.8  0.72  3.70  3.87  43 1023.7  15.0  16.3 999.0 99.0 99.00
2019 10 26 20 50  70  3.7  4.6  0.62  4.00  3.94  52 1023.6  15.1  16.2 999.0 99.0 99.00
2019 10 26 21 50  82  3.5  4.5  0.55  3.70  3.88  41 1024.3  15.0  16.2 999.0 99.0 99.00
2019 10 26 22 50 104  3.8  4.7  0.50  3.85  3.96  64 1024.4  15.2  16.1 999.0 99.0 99.00
2019 10 26 23 50 115  5.2  6.4  0.53 12.90  4.12 106 1024.4  15.1  16.1 999.0 99.0 99.00
2019 10 27 00 50 100  5.8  6.9  0.57  3.70  3.83  60 1024.1  15.0  16.1 999.0 99.0 99.00
2019 10 27 01 50 109  5.9  6.8  0.59 16.00  3.71  70 1024.2  15.0  16.1 999.0 99.0 99.00
2019 10 27 02 50 121  6.7  7.6  0.63 16.00  3.65  87 1024.4  15.2  16.1 999.0 99.0 99.00
2019 10 27 03 50 107  6.5  7.9  0.70 14.81  3.86  93 1024.2  15.3  16.2 999.0 99.0 99.00
2019 10 27 04 50 108  8.1  9.3  0.76 14.81  3.76 113 1023.3  15.4  16.2 999.0 99.0 99.00
2019 10 27 05 50 105  7.8  9.0  0.85  3.57  3.73  91 1023.2  15.5  16.2 999.0 99.0 99.00
2019 10 27 06 50 111  9.9 11.3  0.95  3.85  3.81  98 1021.8  15.6  16.2 999.0 99.0 99.00
2019 10 27 07 50 109 10.1 12.0  1.17  4.00  3.98  93 1020.7  15.7  16.2 999.0 99.0 99.00
2019 10 27 08 50 108 10.2 12.9  1.37  5.00  4.31  89 1019.7  15.9  16.1 999.0 99.0 99.00
2019 10 27 09 50 116 10.0 11.5  1.52  4.76  4.49  95 1019.3  16.5  16.1 999.0 99.0 99.00
2019 10 27 10 50 125 11.4 13.7  1.51  5.00  4.59 106 1017.4  16.8  16.2 999.0 99.0 99.00
2019 10 27 11 50 125 11.4 13.7  1.75  5.26  4.68 100 1016.7  16.9  16.2 999.0 99.0 99.00
2019 10 27 12 50 126 13.2 15.6  1.81  5.56  4.82 105 1015.5  16.7  16.2 999.0 99.0 99.00
2019 10 27 13 50 129 13.1 15.2  1.90  5.88  5.04 102 1014.3  16.8  16.2 999.0 99.0 99.00
2019 10 27 14 50 134 12.9 15.4  2.47  6.25  5.41 120 1013.0  16.9  16.2 999.0 99.0 99.00
2019 10 27 15 50 136 13.9 16.9  2.68  7.14  5.70 124 1011.0  17.1  16.2 999.0 99.0 99.00
2019 10 27 16 50 131 11.0 13.5  2.88  7.14  5.88 123 1008.8  17.3  16.2 999.0 99.0 99.00
2019 10 27 17 50 161 12.2 16.2  2.92  7.69  5.87 122 1006.1  18.0  16.2 999.0 99.0 99.00
2019 10 27 18 50 193 11.5 15.0  3.23  7.69  6.07 131 1005.8  18.5  16.3 999.0 99.0 99.00
2019 10 27 19 50 207 10.4 13.1  2.80  7.69  6.10 125 1005.0  18.6  16.3 999.0 99.0 99.00
2019 10 27 20 50 218  7.5  9.7  2.86  7.69  6.02 126 1004.9  18.0  16.3 999.0 99.0 99.00
2019 10 27 21 50 256  7.7  9.7  2.74  8.33  6.12 116 1006.2  17.9  16.3 999.0 99.0 99.00
2019 10 27 22 50 266  5.5  6.8  2.36  8.33  5.72 115 1007.7  17.7  16.3 999.0 99.0 99.00
2019 10 27 23 50 269  4.8  5.7  2.53  8.33  6.11 115 1008.3  17.3  16.3 999.0 99.0 99.00
2019 10 28 00 50 315  5.9  7.5  2.40  8.33  6.22 113 1009.3  16.8  16.3 999.0 99.0 99.00
2019 10 28 01 50 317  5.7  7.0  2.11  6.67  5.99 178 1010.4  16.4  16.3 999.0 99.0 99.00
2019 10 28 02 50 317  4.8  6.3  2.14  8.33  6.16 143 1011.3  16.2  16.3 999.0 99.0 99.00
2019 10 28 03 50 319  6.6  7.7  2.05  7.14  6.28 164 1012.0  16.0  16.2 999.0 99.0 99.00
2019 10 28 04 50 333  6.0  7.7  1.94  7.69  6.18 157 1012.7  15.7  16.2 999.0 99.0 99.00
2019 10 28 05 50 349  5.9  7.0  2.21  8.33  6.53 170 1013.3  15.3  16.2 999.0 99.0 99.00
2019 10 28 06 50 344  4.7  6.1  2.04  8.33  6.38 170 1014.3  15.2  16.2 999.0 99.0 99.00
2019 10 28 07 50 336  5.4  6.7  1.92  9.09  6.49 178 1014.8  15.3  16.2 999.0 99.0 99.00
2019 10 28 08 50 350  5.8  7.6  2.03  9.09  6.71 173 1015.7  15.2  16.1 999.0 99.0 99.00
2019 10 28 09 50   4  6.3  7.6  1.85  9.09  6.43 173 1016.6  15.0  16.0 999.0 99.0 99.00
2019 10 28 10 50   4  5.3  6.7  1.83  8.33  6.15 170 1017.9  14.7  16.0 999.0 99.0 99.00
2019 10 28 11 50   9  5.7  7.6  1.71  8.33  6.23 159 1018.9  14.7  16.0 999.0 99.0 99.00
2019 10 28 12 50  17  6.6  8.4  1.65  9.09  6.28 155 1020.1  15.1  16.0 999.0 99.0 99.00
2019 10 28 13 50   5  8.1  9.9  1.53  7.69  5.73 169 1020.6  15.2  16.1 999.0 99.0 99.00
2019 10 28 14 50  13  8.2  9.7  1.41  8.33  5.14 166 1021.2  15.5  16.1 999.0 99.0 99.00
2019 10 28 15 50  48  6.6  8.2  1.34  8.33  4.96 154 1021.9  15.0  16.2 999.0 99.0 99.00
2019 10 28 16 50  42  6.0  7.3  1.23  8.33  5.20 167 1022.3  15.1  16.2 999.0 99.0 99.00
2019 10 28 17 50  58  5.3  6.4  1.13  8.33  4.85 157 1022.6  14.8  16.2 999.0 99.0 99.00
2019 10 28 18 50  73  5.3  6.4  1.10  8.33  4.96 159 1022.6  14.2  16.3 999.0 99.0 99.00
2019 10 28 19 50  88  6.4  7.6  1.00  8.33  5.10 153 1022.9  14.2  16.3 999.0 99.0 99.00
2019 10 28 20 50  79  9.1 10.4  1.11  8.33  4.77 148 1022.9  14.1  16.2 999.0 99.0 99.00
2019 10 28 21 50  64  6.5  8.6  1.15  7.69  4.66 160 1023.8  14.2  16.2 999.0 99.0 99.00
2019 10 28 22 50  73  6.1  7.7  1.19  7.69  4.76 152 1024.1  14.5  16.1 999.0 99.0 99.00
2019 10 28 23 50  80  6.4 10.3  1.21  7.69  4.57 143 1024.3  14.8  16.1 999.0 99.0 99.00
2019 10 29 00 50  82  8.0  9.4  1.28  7.14  4.77 142 1024.2  14.5  16.1 999.0 99.0 99.00
2019 10 29 01 50  77  8.3  9.7  1.37  7.14  4.68 103 1024.5  14.3  16.1 999.0 99.0 99.00
2019 10 29 02 50  67  8.1  9.7  1.40  4.17  4.58  64 1025.0  14.2  16.1 999.0 99.0 99.00
2019 10 29 03 50  70  8.4  9.9  1.43  6.67  4.64 102 1025.0  13.7  16.1 999.0 99.0 99.00
2019 10 29 04 50  78  8.4  9.7  1.36  5.56  4.55  84 1025.1  14.1  16.1 999.0 99.0 99.00
2019 10 29 05 50  77  7.1  9.4  1.36  7.14  4.67 104 1025.4  14.1  16.1 999.0 99.0 99.00
2019 10 29 06 50  60  6.4  7.5  1.30  6.25  4.80  82 1025.6  13.5  16.0 999.0 99.0 99.00
2019 10 29 07 50  64  6.9  8.1  1.40  6.25  4.95  89 1025.4  14.0  16.0 999.0 99.0 99.00
2019 10 29 08 50  55  6.5  7.6  1.38  5.88  4.79  82 1025.2  13.9  16.0 999.0 99.0 99.00
2019 10 29 09 50  75  6.5  7.7  1.33 10.81  4.91  80 1024.8  14.4  16.0 999.0 99.0 99.00
2019 10 29 10 50  85  6.5  7.9  1.30 10.00  5.17  52 1024.9  14.6  16.0 999.0 99.0 99.00
2019 10 29 11 50  60  6.8  8.2  1.21 10.81  4.92  69 1025.2  14.2  16.0 999.0 99.0 99.00
2019 10 29 12 50  71  7.6  9.1  1.33  6.25  5.12  86 1025.2  14.3  16.0 999.0 99.0 99.00
2019 10 29 13 50  76  8.2  9.9  1.36 11.43  5.03  68 1025.3  14.6  16.0 999.0 99.0 99.00
2019 10 29 14 50  79  9.0 11.4  1.40 10.81  4.75  77 1025.3  15.0  16.0 999.0 99.0 99.00
2019 10 29 15 50  91  8.0  9.6  1.45  5.88  4.90  88 1025.2  15.2  16.1 999.0 99.0 99.00
2019 10 29 16 50  94  7.8  9.2  1.48 10.81  5.09 119 1025.0  15.6  16.1 999.0 99.0 99.00
2019 10 29 17 50  95  7.9  9.5  1.52 10.00  5.13  85 1024.3  15.8  16.1 999.0 99.0 99.00
2019 10 29 18 50  91  7.1  9.2  1.55 10.00  5.09  94 1023.9  15.7  16.2 999.0 99.0 99.00
2019 10 29 19 50  85  6.7  8.0  1.51 10.00  5.39  74 1024.1  15.8  16.2 999.0 99.0 99.00
2019 10 29 20 50  89  5.1  6.4  1.54  6.67  5.39  92 1024.2  15.8  16.2 999.0 99.0 99.00
2019 10 29 21 50  94  4.9  6.1  1.46  6.67  5.34 100 1024.3  16.0  16.2 999.0 99.0 99.00
2019 10 29 22 50  98  4.5  5.5  1.29  8.33  5.43  85 1024.2  16.1  16.2 999.0 99.0 99.00
2019 10 29 23 50 104  3.7  4.5  1.39  6.25  5.53  92 1024.5  16.3  16.2 999.0 99.0 99.00
2019 10 30 00 50 111  3.1  3.7  1.36  6.25  5.72  91 1024.6  16.4  16.2 999.0 99.0 99.00
2019 10 30 01 50 138  4.2  5.3  1.21  9.09  5.56  93 1024.8  16.5  16.2 999.0 99.0 99.00
2019 10 30 02 50 149  2.3  3.4  1.13  8.33  5.50 103 1024.9  16.6  16.2 999.0 99.0 99.00
2019 10 30 03 50 126  3.4  4.0  1.15  8.33  5.72  91 1024.5  16.6  16.2 999.0 99.0 99.00
2019 10 30 04 50 134  3.6  4.1  1.24 10.00  6.09 100 1024.7  16.5  16.2 999.0 99.0 99.00
2019 10 30 05 50 122  4.3  5.4  1.18 10.00  5.98 104 1024.5  16.7  16.2 999.0 99.0 99.00
2019 10 30 06 50 115  4.4  5.1  1.27  7.69  5.86  87 1024.5  16.6  16.2 999.0 99.0 99.00
2019 10 30 07 50 106  2.8  3.5  1.35  8.33  6.42  93 1024.1  16.4  16.2 999.0 99.0 99.00
2019 10 30 08 50 108  1.6  3.4  1.24  7.14  5.73 109 1024.1  16.4  16.2 999.0 99.0 99.00
2019 10 30 09 50 114  3.6  5.1  1.26 10.00  5.89 111 1024.2  16.9  16.2 999.0 99.0 99.00
2019 10 30 10 50 108  5.1  6.4  1.17 10.00  5.91 105 1024.1  16.7  16.2 999.0 99.0 99.00
2019 10 30 11 50  94  5.5  6.5  1.18  7.69  5.56 112 1024.5  16.6  16.2 999.0 99.0 99.00
2019 10 30 12 50  79  5.1  6.3  1.20  9.09  5.77  93 1025.0  16.6  16.2 999.0 99.0 99.00
2019 10 30 13 50  84  5.7  6.9  1.14 10.00  5.83  95 1024.4  16.5  16.2 999.0 99.0 99.00
2019 10 30 14 50  77  6.1  7.2  1.12 10.00  5.23 115 1024.4  16.3  16.3 999.0 99.0 99.00
2019 10 30 15 50  78  6.3  7.2  1.19 10.00  5.52 117 1024.0  16.2  16.3 999.0 99.0 99.00
2019 10 30 16 50  71  7.0  8.1  1.21 10.00  5.30 106 1023.0  16.1  16.3 999.0 99.0 99.00
2019 10 30 17 50  58  6.2  7.6  1.23  9.09  5.25 116 1022.3  16.1  16.3 999.0 99.0 99.00
2019 10 30 18 50  50  5.9  6.8  1.22  9.09  5.22 110 1021.6  16.0  16.3 999.0 99.0 99.00
2019 10 30 19 50  70  3.5  4.3  1.26 10.00  5.55 124 1021.3  16.3  16.3 999.0 99.0 99.00
2019 10 30 20 50 106  3.3  4.0  1.29  9.09  5.82 101 1020.8  16.3  16.3 999.0 99.0 99.00
2019 10 30 21 50 166  3.5  4.2  1.24  9.09  6.07  95 1020.6  16.5  16.4 999.0 99.0 99.00
2019 10 30 22 50 195  5.2  6.1  1.21  8.33  6.03  99 1020.8  16.6  16.3 999.0 99.0 99.00
2019 10 30 23 50 207  5.3  6.4  1.22  9.09  6.09 108 1020.8  16.1  16.3 999.0 99.0 99.00
2019 10 31 00 50 207  6.8  8.3  1.23  9.09  5.56 103 1020.3  15.8  16.3 999.0 99.0 99.00
2019 10 31 01 50 214  7.0  8.5  1.22  8.33  5.30  97 1020.2  15.7  16.3 999.0 99.0 99.00
2019 10 31 02 50 218  6.7  8.0  1.23 13.79  5.13 116 1020.2  15.9  16.3 999.0 99.0 99.00
2019 10 31 03 50 213  5.3  6.3  1.26 12.90  5.56 102 1019.8  15.9  16.3 999.0 99.0 99.00
2019 10 31 04 50 205  3.9  4.5  1.28 12.90  5.66 145 1019.8  16.0  16.3 999.0 99.0 99.00
2019 10 31 05 50 196  3.9  4.6  1.26 13.79  6.17 118 1019.6  16.1  16.3 999.0 99.0 99.00
2019 10 31 06 50 186  4.2  5.1  1.28 13.79  6.35 106 1018.8  16.0  16.3 999.0 99.0 99.00
2019 10 31 07 50 162  3.6  4.2  1.34 12.90  6.67 107 1017.6  16.3  16.3 999.0 99.0 99.00
2019 10 31 08 50 154  5.2  6.0  1.37 13.79  6.70 122 1016.8  16.7  16.3 999.0 99.0 99.00
2019 10 31 09 50 172  6.9  8.2  1.51 12.90  6.81 113 1016.5  17.2  16.3 999.0 99.0 99.00
2019 10 31 10 50 183  8.0  9.3  1.51 12.90  6.36  68 1015.6  17.6  16.3 999.0 99.0 99.00
2019 10 31 11 50 190  9.3 10.7  1.68 13.79  5.87  90 1015.1  17.8  16.3 999.0 99.0 99.00
2019 10 31 12 50 193 10.5 11.7  1.65 13.79  5.63 103 1015.2  18.1  16.3 999.0 99.0 99.00
2019 10 31 13 50 195 10.7 13.2  1.80 12.12  5.40 101 1014.8  18.2  16.3 999.0 99.0 99.00
2019 10 31 14 50 197 12.2 14.6  1.94 13.79  5.41  96 1014.1  18.5  16.3 999.0 99.0 99.00
2019 10 31 15 50 196 11.3 13.5  2.10  5.56  5.42 152 1013.4  18.5  16.3 999.0 99.0 99.00
2019 10 31 16 50 195 11.3 13.2  2.08  5.00  5.34 195 1012.6  18.6  16.4 999.0 99.0 99.00
2019 10 31 17 50 193 12.1 15.2  2.30  5.56  5.60 181 1011.2  18.8  16.4 999.0 99.0 99.00
2019 10 31 18 50 195 12.4 14.6  2.46  5.88  5.62 189 1010.3  18.9  16.4 999.0 99.0 99.00
2019 10 31 19 50 192 12.5 14.9  2.67  5.88  5.70 188 1009.4  18.9  16.4 999.0 99.0 99.00
2019 10 31 20 50 190 13.0 15.8  2.39  5.88  5.45 191 1008.5  19.1  16.4 999.0 99.0 99.00
2019 10 31 21 50 191 14.3 16.5  2.62  5.88  5.56 185 1007.8  19.1  16.4 999.0 99.0 99.00
2019 10 31 22 50 191 14.0 17.1  3.02  6.67  5.94 192 1007.3  19.2  16.4 999.0 99.0 99.00
