#YY  MM DD hh mm WDIR WSPD GST  WVHT   DPD   APD MWD   PRES  ATMP  WTMP  DEWP  VIS  TIDE
#yr  mo dy hr mn degT m/s  m/s     m   sec   sec deg    hPa  degC  degC  degC  nmi    ft
2019 08 31 23 50  60  0.4  0.7  0.43 13.79  4.17 137 1023.7  22.1  22.3 999.0 99.0 99.00
2019 09 01 00 50  26  1.5  1.7  0.43  3.57  4.13  51 1024.2  22.3  22.1 999.0 99.0 99.00
2019 09 01 01 50  33  3.8  4.4  0.45 13.79  5.07 155 1024.6  22.9  22.0 999.0 99.0 99.00
2019 09 01 02 50  33  5.5  6.9  0.43 12.90  4.46 136 1024.6  22.8  21.9 999.0 99.0 99.00
2019 09 01 03 50  50  6.2  7.1  0.50 12.90  3.57 132 1024.9  22.7  21.8 999.0 99.0 99.00
2019 09 01 04 50  58  5.9  7.0  0.57 12.90  3.60 155 1025.3  22.5  21.9 999.0 99.0 99.00
2019 09 01 05 50  54  6.5  7.4  0.63 12.90  3.71 173 1025.5  22.4  21.9 999.0 99.0 99.00
2019 09 01 06 50  41  7.0  8.0  0.70 12.12  3.50 181 1025.7  22.1  21.8 999.0 99.0 99.00
2019 09 01 07 50  40  6.5  7.3  0.66 12.12  3.59 162 1025.6  21.7  21.9 999.0 99.0 99.00
2019 09 01 08 50  40  6.1  7.4  0.74 12.12  3.84 167 1025.6  21.5  21.9 999.0 99.0 99.00
2019 09 01 09 50  43  5.4  6.6  0.78 11.43  4.09 152 1025.8  21.2  21.8 999.0 99.0 99.00
2019 09 01 10 50  50  5.7  6.4  0.74 11.43  4.10 155 1026.4  21.1  21.8 999.0 99.0 99.00
2019 09 01 11 50  57  6.3  7.3  0.84 11.43  4.45 144 1026.5  21.5  21.8 999.0 99.0 99.00
2019 09 01 12 50  91  6.4  7.3  0.91 11.43  4.53 154 1026.5  22.2  21.8 999.0 99.0 99.00
2019 09 01 13 50  91  7.5  8.7  0.94 11.43  4.42 154 1026.5  22.5  21.9 999.0 99.0 99.00
2019 09 01 14 50  86  7.7  9.0  1.08 10.81  4.77 163 1026.9  22.4  21.9 999.0 99.0 99.00
2019 09 01 15 50  84  7.4  8.5  1.04 11.43  4.42 154 1027.1  22.1  21.9 999.0 99.0 99.00
2019 09 01 16 50  88  7.3  8.4  1.18 12.12  4.75 148 1026.8  22.0  21.9 999.0 99.0 99.00
2019 09 01 17 50  93  6.9  8.0  1.15 12.12  4.65 145 1026.6  22.0  22.0 999.0 99.0 99.00
2019 09 01 18 50 101  6.9  8.1  1.12 10.00  4.51 155 1026.3  22.0  22.0 999.0 99.0 99.00
2019 09 01 19 50 106  7.0  8.3  1.15 11.43  4.72 155 1025.9  22.2  22.1 999.0 99.0 99.00
2019 09 01 20 50 108  7.1  8.0  1.10 10.81  4.35 174 1025.7  22.2  22.1 999.0 99.0 99.00
2019 09 01 21 50 110  6.9  8.4  1.13 10.81  4.58 150 1025.6  22.3  22.1 999.0 99.0 99.00
2019 09 01 22 50 114  7.3  8.4  1.17 10.81  4.73 162 1025.3  22.2  22.1 999.0 99.0 99.00
2019 09 01 23 50 115  7.0  8.1  1.26 10.81  4.80 151 1025.0  22.1  22.1 999.0 99.0 99.00
2019 09 02 00 50 118  7.0  8.1  1.26 10.81  4.81 172 1025.0  22.2  22.1 999.0 99.0 99.00
2019 09 02 01 50 119  6.9  8.0  1.23 10.00  4.84 178 1024.6  22.1  22.1 999.0 99.0 99.00
2019 09 02 02 50 121  7.5  8.5  1.20 10.00  4.79 159 1024.0  22.0  22.0 999.0 99.0 99.00
2019 09 02 03 50 122  7.3  8.5  1.16 10.00  4.65 167 1023.4  22.0  22.0 999.0 99.0 99.00
2019 09 02 04 50 130  6.4  7.6  1.15  9.09  4.68 155 1023.3  21.9  22.0 999.0 99.0 99.00
2019 09 02 05 50 131  6.3  7.4  1.09 10.81  4.81 147 1022.7  21.9  22.0 999.0 99.0 99.00
2019 09 02 06 50 138  5.7  6.8  1.09 10.00  4.68 154 1022.2  22.0  22.0 999.0 99.0 99.00
2019 09 02 07 50 142  6.2  7.4  1.10  9.09  4.82 161 1021.4  22.0  22.0 999.0 99.0 99.00
2019 09 02 08 50 150  6.1  7.1  1.01  9.09  4.48 151 1020.9  22.1  22.0 999.0 99.0 99.00
2019 09 02 09 50 144  5.5  6.7  1.00 10.00  4.69 172 1020.6  22.1  22.0 999.0 99.0 99.00
2019 09 02 10 50 146  5.5  6.4  1.00  9.09  4.68 160 1020.7  22.2  21.9 999.0 99.0 99.00
2019 09 02 11 50 150  5.0  5.8  0.96  8.33  4.60 160 1020.5  22.3  22.0 999.0 99.0 99.00
2019 09 02 12 50 155  5.6  6.7  0.93  8.33  4.82 155 1019.8  22.4  22.0 999.0 99.0 99.00
2019 09 02 13 50 158  5.5  6.5  1.04  9.09  4.89 177 1019.3  22.6  22.0 999.0 99.0 99.00
2019 09 02 14 50 159  6.3  7.3  0.98  9.09  4.83 163 1018.5  22.8  22.1 999.0 99.0 99.00
2019 09 02 15 50 160  6.0  6.9  0.90 10.00  4.70 144 1018.0  22.9  22.2 999.0 99.0 99.00
2019 09 02 16 50 161  5.4  6.2  0.94 12.12  4.84 150 1017.3  23.0  22.3 999.0 99.0 99.00
2019 09 02 17 50 165  5.9  7.0  0.97 11.43  4.74 190 1016.7  23.2  22.3 999.0 99.0 99.00
2019 09 02 18 50 182  7.4  8.9  0.93  8.33  4.57 147 1015.7  23.3  22.3 999.0 99.0 99.00
2019 09 02 19 50 188  6.8  8.1  0.97  8.33  4.36 151 1015.5  23.3  22.2 999.0 99.0 99.00
2019 09 02 20 50 212  3.9  4.8  1.02 11.43  4.73 160 1015.7  23.0  22.2 999.0 99.0 99.00
2019 09 02 21 50 199  4.7  5.8  1.02  4.17  4.45 137 1015.3  22.9  22.2 999.0 99.0 99.00
2019 09 02 22 50 230  6.9 11.2  1.07  4.00  4.70 154 1015.4  22.6  22.2 999.0 99.0 99.00
2019 09 02 23 50 152  4.1  6.5  1.17 10.81  4.58 194 1016.0  21.3  22.1 999.0 99.0 99.00
2019 09 03 00 50 168  4.3  5.3  1.09 10.00  5.10 187 1015.3  22.6  22.1 999.0 99.0 99.00
2019 09 03 01 50 194  4.6  5.3  1.12 10.00  5.08 200 1015.0  22.8  22.0 999.0 99.0 99.00
2019 09 03 02 50 210  5.7  6.7  1.12 10.81  5.06 161 1014.6  22.6  22.0 999.0 99.0 99.00
2019 09 03 03 50 257  5.2  6.2  0.99 10.00  5.01 142 1014.6  22.4  22.0 999.0 99.0 99.00
2019 09 03 04 50 258  5.8  7.0  1.02 10.00  5.20 160 1015.0  22.2  22.0 999.0 99.0 99.00
2019 09 03 05 50 290  5.5  6.5  1.08 10.00  5.02 163 1015.1  22.2  22.0 999.0 99.0 99.00
2019 09 03 06 50 297  4.8  5.6  1.06 10.00  5.44 167 1014.8  22.2  21.9 999.0 99.0 99.00
2019 09 03 07 50 309  2.9  3.5  0.97 10.00  5.35 176 1014.9  21.9  21.9 999.0 99.0 99.00
2019 09 03 08 50 353  1.9  2.6  0.97  9.09  5.48 176 1014.7  21.6  21.8 999.0 99.0 99.00
2019 09 03 09 50  12  4.6  5.7  0.93  9.09  5.68 181 1014.9  21.3  21.8 999.0 99.0 99.00
2019 09 03 10 50  25  6.0  7.2  0.90  7.69  5.69 172 1016.0  21.4  21.8 999.0 99.0 99.00
2019 09 03 11 50  19  6.4  7.8  0.87  7.69  4.39 176 1016.6  21.5  21.8 999.0 99.0 99.00
2019 09 03 12 50   9  6.3  7.3  0.90  8.33  4.68 175 1017.2  21.3  21.9 999.0 99.0 99.00
2019 09 03 13 50  18  5.3  6.1  0.90  9.09  4.51 183 1017.5  21.0  21.9 999.0 99.0 99.00
2019 09 03 14 50  13  4.9  5.9  0.89  7.14  4.42 172 1017.6  21.1  22.0 999.0 99.0 99.00
2019 09 03 15 50  31  3.9  4.7  0.87 11.43  4.72 182 1017.5  21.5  22.1 999.0 99.0 99.00
2019 09 03 16 50  19  4.1  4.8  0.82 10.81  5.03 178 1017.4  21.8  22.2 999.0 99.0 99.00
2019 09 03 17 50  32  3.8  4.5  0.72  7.14  5.12 163 1017.1  22.1  22.4 999.0 99.0 99.00
2019 09 03 18 50  51  2.7  3.4  0.71 10.81  5.37 164 1017.1  22.3  22.5 999.0 99.0 99.00
2019 09 03 19 50  88  2.2  2.7  0.71 10.81  5.58 162 1017.1  22.4  22.7 999.0 99.0 99.00
2019 09 03 20 50  97  1.7  2.1  0.63 10.81  5.48 171 1017.2  22.5  22.7 999.0 99.0 99.00
2019 09 03 21 50 116  2.2  2.6  0.64  7.14  5.74 145 1017.0  22.6  22.8 999.0 99.0 99.00
2019 09 03 22 50 135  3.5  4.1  0.68 10.00  6.04 180 1016.9  22.5  22.8 999.0 99.0 99.00
2019 09 03 23 50 149  4.0  4.6  0.66  9.09  6.09 165 1017.1  22.2  22.6 999.0 99.0 99.00
2019 09 04 00 50 154  5.0  5.7  0.61  8.33  6.03 189 1017.1  22.2  22.5 999.0 99.0 99.00
2019 09 04 01 50 152  5.0  6.1  0.64  9.09  5.83 186 1017.1  22.3  22.4 999.0 99.0 99.00
2019 09 04 02 50 150  3.9  4.6  0.63  8.33  5.20 172 1017.0  22.2  22.3 999.0 99.0 99.00
2019 09 04 03 50 151  3.8  4.4  0.68  9.09  5.44 186 1016.9  22.1  22.3 999.0 99.0 99.00
2019 09 04 04 50 159  5.0  5.6  0.68 10.00  5.73 162 1016.8  22.2  22.3 999.0 99.0 99.00
2019 09 04 05 50 169  2.8  3.9  0.68  9.09  5.77 160 1016.7  22.3  22.2 999.0 99.0 99.00
2019 09 04 06 50 189  0.9  1.4  0.73 10.00  5.84 157 1016.1  22.2  22.2 999.0 99.0 99.00
2019 09 04 07 50 169  2.8  3.4  0.69 10.00  5.90 159 1015.6  22.1  22.1 999.0 99.0 99.00
2019 09 04 08 50 179  4.1  5.1  0.74 10.00  5.99 137 1015.3  22.2  22.0 999.0 99.0 99.00
2019 09 04 09 50 242  4.3  5.4  0.74 10.00  5.60 148 1016.2  22.4  22.0 999.0 99.0 99.00
2019 09 04 10 50 220  4.4  5.2  0.68 10.00  5.69 160 1016.3  22.2  22.0 999.0 99.0 99.00
2019 09 04 11 50 229  6.0  7.1  0.75 10.00  5.44 195 1016.2  22.4  22.0 999.0 99.0 99.00
2019 09 04 12 50 198  5.5  6.8  0.80  9.09  4.90 173 1015.6  22.3  22.1 999.0 99.0 99.00
2019 09 04 13 50 217  6.0  7.3  0.80  9.09  4.60 160 1015.2  22.3  22.2 999.0 99.0 99.00
2019 09 04 14 50 219  6.0  7.2  0.87  9.09  4.50 132 1015.3  22.4  22.3 999.0 99.0 99.00
2019 09 04 15 50 215  6.8  8.0  0.88  9.09  4.27 157 1014.4  22.5  22.4 999.0 99.0 99.00
2019 09 04 16 50 208  8.3  9.8  0.96  9.09  4.33 119 1013.3  22.6  22.4 999.0 99.0 99.00
2019 09 04 17 50 212  9.1 10.9  1.14  9.09  4.20 117 1012.8  22.9  22.5 999.0 99.0 99.00
2019 09 04 18 50 211  9.2 11.5  1.22  4.00  4.32 216 1012.1  23.0  22.4 999.0 99.0 99.00
2019 09 04 19 50 210  8.8 10.7  1.31  4.35  4.27 210 1011.8  23.0  22.4 999.0 99.0 99.00
2019 09 04 20 50 208  9.5 11.3  1.28  4.76  4.55 209 1011.3  23.2  22.4 999.0 99.0 99.00
2019 09 04 21 50 207  9.3 10.9  1.39  4.55  4.49 211 1011.6  23.3  22.5 999.0 99.0 99.00
2019 09 04 22 50 209  8.3 10.1  1.39  5.00  4.62 203 1012.0  23.3  22.4 999.0 99.0 99.00
2019 09 04 23 50 213  8.9 10.6  1.41  5.26  4.70 210 1012.0  23.4  22.4 999.0 99.0 99.00
2019 09 05 00 50 247 10.4 14.8  1.55  5.56  4.99 206 1013.0  23.2  22.3 999.0 99.0 99.00
2019 09 05 01 50 219  6.2  7.4  1.62  5.26  5.00 206 1013.3  23.3  22.3 999.0 99.0 99.00
2019 09 05 02 50 235  4.6  5.7  1.50  9.09  5.15 127 1013.5  23.0  22.3 999.0 99.0 99.00
2019 09 05 03 50 260  2.8  3.3  1.42  5.56  5.19 201 1013.8  22.8  22.3 999.0 99.0 99.00
2019 09 05 04 50 342  4.8  5.7  1.39  9.09  5.39 125 1014.4  22.5  22.3 999.0 99.0 99.00
2019 09 05 05 50  18 10.3 12.5  1.19  5.56  4.77 193 1014.8  22.1  22.3 999.0 99.0 99.00
2019 09 05 06 50  19 10.5 12.4  1.25  3.33  4.16  16 1015.1  21.3  22.3 999.0 99.0 99.00
2019 09 05 07 50  13 10.3 12.4  1.38  4.35  4.36   6 1015.7  21.2  22.2 999.0 99.0 99.00
2019 09 05 08 50  17  9.7 11.6  1.46  4.76  4.42  21 1016.0  21.1  22.1 999.0 99.0 99.00
2019 09 05 09 50  19  9.6 11.3  1.51  4.35  4.49  23 1016.3  20.7  22.0 999.0 99.0 99.00
2019 09 05 10 50  33  8.3  9.8  1.30  4.35  4.28  29 1017.3  20.6  22.0 999.0 99.0 99.00
2019 09 05 11 50  37  8.5 10.4  1.36  4.55  4.42  33 1017.8  20.2  22.0 999.0 99.0 99.00
2019 09 05 12 50  40  8.2  9.4  1.33  8.33  4.52 121 1018.2  20.1  22.0 999.0 99.0 99.00
2019 09 05 13 50  44  8.1  9.2  1.34  8.33  4.69 125 1018.5  19.9  22.1 999.0 99.0 99.00
2019 09 05 14 50  48  8.4  9.9  1.35  9.09  4.80 123 1018.4  20.0  22.1 999.0 99.0 99.00
2019 09 05 15 50  47  6.9  8.3  1.32  9.09  4.84 140 1018.5  19.8  22.1 999.0 99.0 99.00
2019 09 05 16 50  47  6.0  7.6  1.27  9.09  4.87 143 1018.7  19.6  22.1 999.0 99.0 99.00
2019 09 05 17 50  50  5.7  6.9  1.15  8.33  4.92 122 1018.5  19.7  22.1 999.0 99.0 99.00
2019 09 05 18 50  58  4.7  6.1  1.25  9.09  5.26 140 1018.1  19.8  22.1 999.0 99.0 99.00
2019 09 05 19 50  64  4.2  5.4  1.07  9.09  4.97 137 1017.8  20.1  22.1 999.0 99.0 99.00
2019 09 05 20 50  75  4.4  5.5  1.17  9.09  5.53 127 1017.6  20.3  22.1 999.0 99.0 99.00
2019 09 05 21 50  79  4.5  5.4  1.15  9.09  5.49 135 1017.3  20.5  22.1 999.0 99.0 99.00
2019 09 05 22 50  73  4.3  5.9  1.18  9.09  5.82 138 1017.4  20.5  22.1 999.0 99.0 99.00
2019 09 05 23 50  60  5.1  6.4  1.04  9.09  5.37 134 1017.5  20.6  22.0 999.0 99.0 99.00
2019 09 06 00 50  78  5.0  6.0  1.11  9.09  5.71 136 1017.5  20.7  21.9 999.0 99.0 99.00
2019 09 06 01 50  65  5.6  6.5  1.00  7.69  5.03 143 1017.3  20.7  21.9 999.0 99.0 99.00
2019 09 06 02 50  57  5.8  7.3  0.96  7.69  4.99 142 1016.9  20.8  22.0 999.0 99.0 99.00
2019 09 06 03 50  59  6.3  7.8  0.99  8.33  4.97 148 1016.3  20.8  22.0 999.0 99.0 99.00
2019 09 06 04 50  67  6.3  7.3  0.95  8.33  4.77 122 1015.9  21.0  22.0 999.0 99.0 99.00
2019 09 06 05 50  60  7.2  8.2  1.01  8.33  4.81 127 1015.4  21.0  22.0 999.0 99.0 99.00
2019 09 06 06 50  70  7.6  8.9  1.02  8.33  4.60 137 1014.9  21.0  22.0 999.0 99.0 99.00
2019 09 06 07 50  76  8.2  9.5  1.05  8.33  4.35 125 1014.4  20.9  22.0 999.0 99.0 99.00
2019 09 06 08 50  69  9.5 11.8  1.17  4.00  4.37  87 1013.8  20.9  22.0 999.0 99.0 99.00
2019 09 06 09 50  72 10.0 11.7  1.40  4.55  4.42  85 1013.4  20.8  21.9 999.0 99.0 99.00
2019 09 06 10 50  72 10.0 12.0  1.48  4.35  4.46  79 1013.5  20.8  21.9 999.0 99.0 99.00
2019 09 06 11 50  70 10.9 12.8  1.69  5.56  4.73  96 1013.2  20.8  21.9 999.0 99.0 99.00
2019 09 06 12 50  75 11.4 13.6  1.81  5.26  4.77  84 1012.6  20.6  21.8 999.0 99.0 99.00
2019 09 06 13 50  80 10.3 12.3  2.04  5.88  4.97  84 1012.4  17.4  21.8 999.0 99.0 99.00
2019 09 06 14 50  55 11.8 14.0  1.91  5.88  4.93  91 1011.0  18.8  21.8 999.0 99.0 99.00
2019 09 06 15 50  66 12.1 14.9  2.26  6.25  5.32  90 1011.2  19.5  21.8 999.0 99.0 99.00
2019 09 06 16 50  57 13.1 15.4  2.15  6.25  5.16  85 1010.0  19.0  21.8 999.0 99.0 99.00
2019 09 06 17 50  57 14.6 18.7  2.82  6.67  5.69  80 1007.8  19.0  21.8 999.0 99.0 99.00
2019 09 06 18 50  46 14.1 17.0  3.01  7.14  5.81  88 1006.8  19.0  21.8 999.0 99.0 99.00
2019 09 06 19 50  40 14.9 18.9  3.13  7.14  5.86  72 1007.0  18.5  21.7 999.0 99.0 99.00
2019 09 06 20 50  38 16.7 20.2  3.61  7.69  6.15  76 1005.7  18.2  21.6 999.0 99.0 99.00
2019 09 06 21 50  49 16.4 20.2  3.49  7.69  6.15  79 1005.5  18.9  21.5 999.0 99.0 99.00
2019 09 06 22 50  44 15.7 18.3  3.62  8.33  6.34  80 1004.2  18.9  21.5 999.0 99.0 99.00
2019 09 06 23 50  35 15.0 18.5  3.72  8.33  6.36  83 1004.5  19.0  21.3 999.0 99.0 99.00
2019 09 07 00 50  25 14.4 17.8  3.63  8.33  6.33  78 1004.0  18.9  21.1 999.0 99.0 99.00
2019 09 07 01 50  20 14.4 17.1  3.32  8.33  6.27  82 1004.1  18.6  21.1 999.0 99.0 99.00
2019 09 07 02 50  17 13.7 16.7  3.50  8.33  6.43  82 1004.1  18.6  21.0 999.0 99.0 99.00
2019 09 07 03 50  14 12.4 15.0  3.41  8.33  6.45  87 1004.0  18.7  21.0 999.0 99.0 99.00
2019 09 07 04 50   3 12.5 15.0  3.11  8.33  6.37  91 1003.8  18.7  20.9 999.0 99.0 99.00
2019 09 07 05 50 353 12.2 14.8  3.28  9.09  6.55  90 1004.0  18.4  20.9 999.0 99.0 99.00
2019 09 07 06 50 345 11.9 14.2  3.33  9.09  6.34  98 1004.1  17.6  20.9 999.0 99.0 99.00
2019 09 07 07 50 341 11.5 14.5  3.12 10.00  6.41 105 1004.2  17.0  20.9 999.0 99.0 99.00
2019 09 07 08 50 341 12.4 15.0  3.28  9.09  6.67  97 1004.8  16.2  20.8 999.0 99.0 99.00
2019 09 07 09 50 348 11.3 13.4  3.40  9.09  6.61  91 1005.8  16.4  20.8 999.0 99.0 99.00
2019 09 07 10 50 351 11.0 12.9  3.21  9.09  6.45  98 1007.1  16.8  20.8 999.0 99.0 99.00
2019 09 07 11 50 340  9.4 11.2  2.96 10.00  6.48  93 1007.8  16.9  20.8 999.0 99.0 99.00
2019 09 07 12 50 338  9.3 11.2  2.82 10.00  6.62 106 1008.4  16.8  20.7 999.0 99.0 99.00
2019 09 07 13 50 327  8.3 10.2  2.83  9.09  6.72 101 1008.8  17.1  20.7 999.0 99.0 99.00
2019 09 07 14 50 326  7.4  9.0  2.54 10.00  6.73 101 1009.2  17.7  20.7 999.0 99.0 99.00
2019 09 07 15 50 317  6.3  8.3  2.60 10.00  7.15 105 1009.4  18.3  20.8 999.0 99.0 99.00
2019 09 07 16 50 303  6.9  8.9  2.21 11.43  6.81 114 1009.4  19.2  20.8 999.0 99.0 99.00
2019 09 07 17 50 286  7.5  9.4  1.97 12.12  6.59 113 1009.6  19.4  20.9 999.0 99.0 99.00
2019 09 07 18 50 275  4.7  6.0  1.92 10.81  6.88  94 1009.6  20.0  21.0 999.0 99.0 99.00
2019 09 07 19 50 276  3.7  4.6  1.78 10.81  6.84  92 1009.8  21.0  21.2 999.0 99.0 99.00
2019 09 07 20 50 230  3.7  4.6  1.74 11.43  7.24 101 1009.9  20.8  21.2 999.0 99.0 99.00
2019 09 07 21 50 214  6.0  7.3  1.47 11.43  6.91 100 1010.1  20.9  21.2 999.0 99.0 99.00
2019 09 07 22 50 224  7.1  8.4  1.28 11.43  6.50  98 1010.4  21.2  21.1 999.0 99.0 99.00
2019 09 07 23 50 227  6.5  7.9  1.35 10.00  6.18 123 1011.0  21.4  21.1 999.0 99.0 99.00
2019 09 08 00 50 230  6.1  7.3  1.20 10.00  5.84 115 1011.8  21.6  21.0 999.0 99.0 99.00
2019 09 08 01 50 248  5.1  6.1  1.32 10.00  6.42 118 1012.3  21.8  21.0 999.0 99.0 99.00
2019 09 08 02 50 260  4.6  5.7  1.16 10.00  6.43  84 1012.7  21.8  21.0 999.0 99.0 99.00
2019 09 08 03 50 260  4.1  5.1  1.03 10.81  6.50  95 1012.7  21.8  20.9 999.0 99.0 99.00
2019 09 08 04 50 261  4.8  5.7  1.08 10.00  6.63 103 1013.0  21.6  20.9 999.0 99.0 99.00
2019 09 08 05 50 270  5.6  7.0  1.02 10.00  6.73 108 1013.3  21.3  20.9 999.0 99.0 99.00
2019 09 08 06 50 283  5.0  6.0  0.98 10.00  5.89  98 1013.4  21.3  20.8 999.0 99.0 99.00
2019 09 08 07 50 301  5.7  6.7  0.92  7.69  5.91 145 1013.4  21.1  20.8 999.0 99.0 99.00
2019 09 08 08 50 311  5.4  6.4  0.98 11.43  5.41 101 1013.8  20.9  20.8 999.0 99.0 99.00
2019 09 08 09 50 314  4.8  5.8  0.99 10.00  5.53 101 1014.6  20.9  20.8 999.0 99.0 99.00
2019 09 08 10 50 297  3.6  4.2  0.93  8.33  5.34 165 1015.5  20.9  20.8 999.0 99.0 99.00
2019 09 08 11 50 269  3.7  4.6  0.92  9.09  5.45 151 1015.9  21.1  20.8 999.0 99.0 99.00
2019 09 08 12 50 310  7.6  8.7  0.94  9.09  5.26 151 1016.7  20.8  20.9 999.0 99.0 99.00
2019 09 08 13 50 312  5.7  7.1  0.84 10.00  4.55 147 1017.5  20.4  20.9 999.0 99.0 99.00
2019 09 08 14 50 298  4.5  5.3  0.88  7.69  4.83 162 1017.9  20.4  21.0 999.0 99.0 99.00
2019 09 08 15 50 289  3.3  4.1  0.83 11.43  4.93 102 1017.8  20.2  21.1 999.0 99.0 99.00
2019 09 08 16 50 286  2.4  3.2  0.74  7.69  4.63 165 1018.0  20.3  21.3 999.0 99.0 99.00
2019 09 08 17 50 263  3.1  4.0  0.71  7.69  4.86 136 1017.9  20.3  21.4 999.0 99.0 99.00
2019 09 08 18 50 268  2.7  3.3  0.66  6.25  4.77 125 1017.7  20.5  21.5 999.0 99.0 99.00
2019 09 08 19 50 257  1.6  2.1  0.63  9.09  5.14  85 1017.7  20.9  21.7 999.0 99.0 99.00
2019 09 08 20 50 208  2.7  3.4  0.57  8.33  5.09 122 1017.7  21.0  21.8 999.0 99.0 99.00
2019 09 08 21 50 209  1.7  2.1  0.51  8.33  5.40 113 1018.0  21.6  21.7 999.0 99.0 99.00
2019 09 08 22 50 192  2.1  2.4  0.51  8.33  5.90 114 1018.5  21.5  21.7 999.0 99.0 99.00
2019 09 08 23 50 200  4.2  5.1  0.49  7.69  5.81 130 1019.3  21.5  21.6 999.0 99.0 99.00
2019 09 09 00 50 201  4.7  5.2  0.47  9.09  5.51 111 1019.9  21.4  21.4 999.0 99.0 99.00
2019 09 09 01 50 187  4.2  4.9  0.52  9.09  5.05  98 1020.3  21.5  21.3 999.0 99.0 99.00
2019 09 09 02 50 178  3.5  3.9  0.51  9.09  4.95  90 1020.5  21.5  21.2 999.0 99.0 99.00
2019 09 09 03 50 166  3.8  4.3  0.47  7.14  5.04 149 1020.5  21.5  21.1 999.0 99.0 99.00
2019 09 09 04 50 152  2.2  2.5  0.53  7.69  4.99 130 1020.8  21.6  21.1 999.0 99.0 99.00
2019 09 09 05 50 103  1.5  2.3  0.52  6.67  4.94 169 1021.3  21.5  21.1 999.0 99.0 99.00
2019 09 09 06 50  80  2.2  2.7  0.49  8.33  4.94 100 1021.1  21.4  21.1 999.0 99.0 99.00
2019 09 09 07 50  94  3.5  4.2  0.49  6.25  5.15 155 1021.1  21.4  21.2 999.0 99.0 99.00
2019 09 09 08 50  81  2.6  3.1  0.50  6.25  5.18 151 1021.5  21.3  21.2 999.0 99.0 99.00
2019 09 09 09 50  86  4.9  5.5  0.51  5.88  4.94 132 1021.6  21.4  21.2 999.0 99.0 99.00
2019 09 09 10 50  90  4.8  5.5  0.53  6.25  4.47 163 1022.1  21.3  21.2 999.0 99.0 99.00
2019 09 09 11 50  74  5.3  6.0  0.53  7.14  4.02 142 1022.6  21.4  21.2 999.0 99.0 99.00
2019 09 09 12 50  83  5.3  6.0  0.55  7.69  4.15 135 1023.1  21.3  21.2 999.0 99.0 99.00
2019 09 09 13 50  72  3.9  4.7  0.56  5.88  3.95 135 1023.5  21.5  21.2 999.0 99.0 99.00
2019 09 09 14 50  90  4.4  5.1  0.59  6.25  3.79 135 1023.9  21.9  21.3 999.0 99.0 99.00
2019 09 09 15 50  85  5.2  5.9  0.55  2.94  3.80  72 1023.8  21.9  21.4 999.0 99.0 99.00
2019 09 09 16 50  79  5.8  6.5  0.62  6.25  3.88 143 1023.8  21.9  21.5 999.0 99.0 99.00
2019 09 09 17 50  85  6.1  6.8  0.59  8.33  3.72 118 1023.7  21.7  21.5 999.0 99.0 99.00
2019 09 09 18 50  90  6.4  7.1  0.65  3.33  3.79  77 1023.1  21.9  21.5 999.0 99.0 99.00
2019 09 09 19 50  90  6.1  6.9  0.64  3.33  3.55  83 1023.3  21.8  21.6 999.0 99.0 99.00
2019 09 09 20 50  95  5.0  6.0  0.67  3.45  3.64  80 1023.5  21.9  21.6 999.0 99.0 99.00
2019 09 09 21 50  97  5.7  6.6  0.65  3.45  3.79  80 1023.6  22.0  21.6 999.0 99.0 99.00
2019 09 09 22 50  94  5.5  6.4  0.66 12.90  3.99  15 1024.0  21.8  21.6 999.0 99.0 99.00
2019 09 09 23 50 102  5.3  6.1  0.70  4.00  4.05 110 1024.3  21.8  21.5 999.0 99.0 99.00
2019 09 10 00 50 105  5.4  6.6  0.68  4.35  4.19 130 1024.5  21.7  21.5 999.0 99.0 99.00
2019 09 10 01 50  97  5.7  6.5  0.73 12.12  4.20 104 1024.7  21.5  21.5 999.0 99.0 99.00
2019 09 10 02 50  93  5.0  6.1  0.73  4.55  4.23 121 1025.1  21.6  21.5 999.0 99.0 99.00
2019 09 10 03 50 104  4.2  5.1  0.84  5.00  4.39 140 1025.4  21.6  21.4 999.0 99.0 99.00
2019 09 10 04 50 114  4.0  4.5  0.84  5.88  4.69 168 1025.5  21.5  21.4 999.0 99.0 99.00
2019 09 10 05 50 113  4.1  4.7  0.87  6.25  4.74 164 1025.5  21.5  21.4 999.0 99.0 99.00
2019 09 10 06 50 112  4.5  5.2  0.76  6.25  4.60 164 1025.3  21.4  21.4 999.0 99.0 99.00
2019 09 10 07 50  97  3.4  4.1  0.77  5.26  4.59 155 1026.0  21.4  21.4 999.0 99.0 99.00
2019 09 10 08 50 111  4.0  4.6  0.83  5.56  4.91 145 1025.7  21.4  21.4 999.0 99.0 99.00
2019 09 10 09 50 112  3.8  4.4  0.85  5.88  4.91 156 1026.4  21.4  21.4 999.0 99.0 99.00
2019 09 10 10 50 125  3.7  4.3  0.85  6.25  5.06 141 1027.1  21.5  21.3 999.0 99.0 99.00
2019 09 10 11 50 125  3.1  3.7  0.82  5.88  4.92 137 1027.8  21.7  21.3 999.0 99.0 99.00
2019 09 10 12 50 125  4.0  4.6  0.85  6.25  5.15 143 1027.9  21.8  21.4 999.0 99.0 99.00
2019 09 10 13 50 128  4.2  4.8  0.78  6.67  4.98 143 1028.4  21.7  21.5 999.0 99.0 99.00
2019 09 10 14 50 136  4.3  5.2  0.75 12.12  4.96 100 1028.3  21.8  21.5 999.0 99.0 99.00
2019 09 10 15 50 139  3.8  4.6  0.77 11.43  5.04 135 1028.2  21.9  21.5 999.0 99.0 99.00
2019 09 10 16 50 143  3.4  4.2  0.75 11.43  4.99 140 1028.0  22.0  21.5 999.0 99.0 99.00
2019 09 10 17 50 151  2.5  3.3  0.73 12.12  4.96  87 1027.7  22.3  21.6 999.0 99.0 99.00
2019 09 10 18 50 158  3.6  4.3  0.71 11.43  5.10 114 1027.0  22.3  21.8 999.0 99.0 99.00
2019 09 10 19 50 173  3.6  4.3  0.68 10.81  5.19 122 1026.7  22.4  22.0 999.0 99.0 99.00
2019 09 10 20 50 182  4.0  4.9  0.71 10.81  5.28 118 1026.6  22.5  22.0 999.0 99.0 99.00
2019 09 10 21 50 181  3.7  4.2  0.70 12.12  5.28  88 1026.3  22.5  21.9 999.0 99.0 99.00
2019 09 10 22 50 180  4.1  4.9  0.74 12.12  5.52 101 1026.2  22.2  21.9 999.0 99.0 99.00
2019 09 10 23 50 177  5.2  6.0  0.80 11.43  5.71 108 1025.9  22.1  21.8 999.0 99.0 99.00
2019 09 11 00 50 180  5.5  6.6  0.84 11.43  5.51 106 1026.1  22.1  21.6 999.0 99.0 99.00
2019 09 11 01 50 183  5.7  6.8  0.81 12.12  4.83 103 1025.8  22.0  21.6 999.0 99.0 99.00
2019 09 11 02 50 187  5.3  6.2  0.81 11.43  4.92  98 1025.6  22.0  21.5 999.0 99.0 99.00
2019 09 11 03 50 196  6.3  7.3  0.92 11.43  4.77  97 1025.2  22.1  21.5 999.0 99.0 99.00
2019 09 11 04 50 200  7.2  8.4  0.94 10.81  4.52  95 1024.7  22.1  21.4 999.0 99.0 99.00
2019 09 11 05 50 205  7.1  8.6  1.00 11.43  4.40  77 1024.9  22.2  21.3 999.0 99.0 99.00
2019 09 11 06 50 210  7.4  9.0  1.03  6.67  4.40 119 1024.1  22.1  21.3 999.0 99.0 99.00
2019 09 11 07 50 219  7.7  9.2  1.03 12.12  4.29  97 1023.9  22.1  21.3 999.0 99.0 99.00
2019 09 11 08 50 218  7.6  9.1  1.03  3.57  4.19 202 1023.6  22.0  21.4 999.0 99.0 99.00
2019 09 11 09 50 224  8.3  9.5  1.01  3.70  4.25 192 1023.3  21.9  21.3 999.0 99.0 99.00
2019 09 11 10 50 224  8.1  9.6  1.03  3.85  4.14 209 1023.5  21.9  21.3 999.0 99.0 99.00
2019 09 11 11 50 226  7.7  9.0  1.03  3.85  4.21 213 1023.6  22.0  21.2 999.0 99.0 99.00
2019 09 11 12 50 224  6.7  7.8  1.10  3.85  4.37 203 1023.6  22.0  21.2 999.0 99.0 99.00
2019 09 11 13 50 224  7.9  9.4  1.02  4.17  4.27 203 1023.0  21.9  21.2 999.0 99.0 99.00
2019 09 11 14 50 221  8.7 10.5  1.05  4.55  4.33 196 1022.1  22.0  21.3 999.0 99.0 99.00
2019 09 11 15 50 223  8.9 10.3  1.07  4.00  4.33 206 1021.3  22.0  21.3 999.0 99.0 99.00
2019 09 11 16 50 218  8.4  9.7  1.10  4.55  4.38 191 1021.0  22.0  20.9 999.0 99.0 99.00
2019 09 11 17 50 214  8.9 10.5  1.18  4.55  4.37 189 1019.7  22.1  20.9 999.0 99.0 99.00
2019 09 11 18 50 215  9.0 10.8  1.29  4.55  4.49 205 1018.6  22.1  20.9 999.0 99.0 99.00
2019 09 11 19 50 212  9.3 11.0  1.26  5.00  4.53 186 1017.9  22.2  21.0 999.0 99.0 99.00
2019 09 11 20 50 216  9.3 11.2  1.38  4.76  4.56 192 1017.4  22.3  21.0 999.0 99.0 99.00
2019 09 11 21 50 216  8.4  9.6  1.30  5.00  4.46 209 1017.2  22.4  21.0 999.0 99.0 99.00
2019 09 11 22 50 219  7.9  9.4  1.44  5.00  4.58 208 1017.4  22.3  21.0 999.0 99.0 99.00
2019 09 11 23 50 221  8.0  9.6  1.37  4.76  4.52 214 1017.4  22.3  21.0 999.0 99.0 99.00
2019 09 12 00 50 228  7.9  9.5  1.44  5.26  4.54 220 1017.8  22.3  20.9 999.0 99.0 99.00
2019 09 12 01 50 231  7.4  8.5  1.36  5.56  4.61 211 1017.8  22.4  20.9 999.0 99.0 99.00
2019 09 12 02 50 230  7.6  8.8  1.33  5.56  4.59 204 1017.4  22.3  20.9 999.0 99.0 99.00
2019 09 12 03 50 226  6.9  8.1  1.18  5.00  4.46 213 1017.0  22.1  20.9 999.0 99.0 99.00
2019 09 12 04 50 229  6.1  7.1  1.16  5.26  4.49 211 1016.9  22.0  21.1 999.0 99.0 99.00
2019 09 12 05 50 231  5.0  6.1  1.02  5.26  4.58 202 1016.6  21.9  21.1 999.0 99.0 99.00
2019 09 12 06 50 216  5.8  6.4  1.00  5.00  4.54 199 1016.1  21.8  21.1 999.0 99.0 99.00
2019 09 12 07 50 230  4.3  5.0  0.95  5.26  4.35 192 1016.0  21.8  21.0 999.0 99.0 99.00
2019 09 12 08 50 230  8.5 11.9  0.89  5.00  4.32 198 1016.0  22.3  21.0 999.0 99.0 99.00
2019 09 12 09 50 226  4.6  6.3  0.96  5.00  4.58 182 1015.7  21.9  21.0 999.0 99.0 99.00
2019 09 12 10 50 236  7.2  9.7  0.90  5.26  4.45 207 1016.6  21.9  21.0 999.0 99.0 99.00
2019 09 12 11 50 182  1.2  2.1  0.93  5.26  4.56 199 1016.2  21.9  21.1 999.0 99.0 99.00
2019 09 12 12 50 241  4.6  5.2  0.88  5.00  4.66 195 1016.8  21.7  20.9 999.0 99.0 99.00
2019 09 12 13 50 250  4.2  4.9  0.78  4.76  4.75 186 1016.8  21.8  21.1 999.0 99.0 99.00
2019 09 12 14 50 262  3.8  4.2  0.81  5.00  4.83 203 1017.2  21.8  21.2 999.0 99.0 99.00
2019 09 12 15 50  24  7.8  9.4  0.74  5.00  5.07 201 1017.2  21.4  21.3 999.0 99.0 99.00
2019 09 12 16 50  50  7.7  9.3  0.74  5.26  4.66 191 1017.4  21.1  21.2 999.0 99.0 99.00
2019 09 12 17 50  51  8.3  9.5  0.80  9.09  3.99 144 1017.8  20.9  21.3 999.0 99.0 99.00
2019 09 12 18 50  63 10.7 12.5  0.89  3.23  3.65  58 1017.7  20.4  21.3 999.0 99.0 99.00
2019 09 12 19 50  70 11.5 13.3  1.10  4.00  3.72  62 1018.2  19.8  21.3 999.0 99.0 99.00
2019 09 12 20 50  62 11.4 13.9  1.39  4.55  4.01  58 1018.6  19.4  21.3 999.0 99.0 99.00
2019 09 12 21 50  68 10.8 12.6  1.42  5.00  4.17  59 1019.1  19.3  21.3 999.0 99.0 99.00
2019 09 12 22 50  67 11.2 13.2  1.55  5.56  4.45  70 1020.5  19.3  21.3 999.0 99.0 99.00
2019 09 12 23 50  61 11.7 13.4  1.74  5.88  4.59  63 1021.2  19.1  21.3 999.0 99.0 99.00
2019 09 13 00 50  62 12.0 14.1  1.93  6.25  4.87  66 1022.5  18.8  21.2 999.0 99.0 99.00
2019 09 13 01 50  53 11.3 13.6  2.12  6.25  5.14  60 1023.5  18.7  21.1 999.0 99.0 99.00
2019 09 13 02 50  55 10.8 13.2  2.15  6.67  5.02  72 1024.0  18.4  21.0 999.0 99.0 99.00
2019 09 13 03 50  50 10.5 12.8  2.02  7.14  5.10  80 1024.1  18.1  20.9 999.0 99.0 99.00
2019 09 13 04 50  51 11.1 13.0  2.12  7.14  5.31  69 1024.6  18.2  20.9 999.0 99.0 99.00
2019 09 13 05 50  54 10.5 13.0  2.14  7.14  5.30  79 1025.2  18.2  20.8 999.0 99.0 99.00
2019 09 13 06 50  54 10.2 13.1  2.08  7.14  5.21  76 1025.3  18.1  20.8 999.0 99.0 99.00
2019 09 13 07 50  58 10.8 13.3  2.07  7.14  5.22  65 1025.4  18.1  20.9 999.0 99.0 99.00
2019 09 13 08 50  63  9.6 11.7  2.15  6.67  5.28  75 1026.1  18.0  20.9 999.0 99.0 99.00
2019 09 13 09 50  61  9.4 11.4  2.06  6.67  5.24  75 1027.1  18.0  20.9 999.0 99.0 99.00
2019 09 13 10 50  58  9.4 11.6  2.02  7.69  5.44  78 1027.8  17.8  20.8 999.0 99.0 99.00
2019 09 13 11 50  59  9.5 11.6  2.12  7.14  5.43  77 1028.7  18.0  20.8 999.0 99.0 99.00
2019 09 13 12 50  58 10.2 12.8  1.87  7.14  5.17  78 1029.5  18.4  20.8 999.0 99.0 99.00
2019 09 13 13 50  63 10.2 12.4  2.01  7.69  5.32  81 1030.2  18.7  20.8 999.0 99.0 99.00
2019 09 13 14 50  76  9.9 11.8  2.03  7.14  5.35  74 1030.6  18.9  20.8 999.0 99.0 99.00
2019 09 13 15 50  79 10.0 12.4  2.12  7.14  5.51  76 1030.6  18.9  20.8 999.0 99.0 99.00
2019 09 13 16 50  86 10.2 12.5  2.17  6.67  5.22  75 1031.1  19.1  20.8 999.0 99.0 99.00
2019 09 13 17 50  94  9.5 11.6  2.04  7.69  5.07  97 1031.0  19.1  20.8 999.0 99.0 99.00
2019 09 13 18 50  85  8.9 10.3  2.07  7.14  5.19  82 1030.9  19.2  20.7 999.0 99.0 99.00
2019 09 13 19 50  92  8.3 10.2  1.89  7.14  5.01  87 1030.9  19.1  20.7 999.0 99.0 99.00
2019 09 13 20 50  91  8.5 11.1  1.77  6.67  4.96  81 1030.9  19.1  20.7 999.0 99.0 99.00
2019 09 13 21 50  98  7.9 10.0  1.82  7.14  5.26  96 1031.1  18.9  20.6 999.0 99.0 99.00
2019 09 13 22 50 101  7.5  8.9  1.80  7.14  5.17  85 1030.7  18.7  20.6 999.0 99.0 99.00
2019 09 13 23 50  98  8.0  9.6  1.66  6.67  5.13  83 1030.4  18.3  20.6 999.0 99.0 99.00
2019 09 14 00 50 105  8.5 11.6  1.60  6.67  5.00  84 1030.4  18.3  20.5 999.0 99.0 99.00
2019 09 14 01 50 115  7.4 10.1  1.52  6.67  5.00  74 1030.5  18.6  20.5 999.0 99.0 99.00
2019 09 14 02 50 117  6.9  8.9  1.59  6.67  5.20  81 1030.2  18.8  20.5 999.0 99.0 99.00
2019 09 14 03 50 132  6.4  7.8  1.51  6.67  5.18  75 1029.7  19.1  20.5 999.0 99.0 99.00
2019 09 14 04 50 123  6.5  8.1  1.65  6.25  5.50  86 1029.4  19.5  20.6 999.0 99.0 99.00
2019 09 14 05 50 126  6.3  8.1  1.36  6.67  5.26  83 1029.0  19.9  20.6 999.0 99.0 99.00
2019 09 14 06 50 172  5.0  6.4  1.68  6.67  5.65  88 1028.4  20.3  20.4 999.0 99.0 99.00
2019 09 14 07 50 153  5.6  6.9  1.83  7.69  6.00  85 1027.6  20.5  20.3 999.0 99.0 99.00
2019 09 14 08 50 155  4.4  5.3  1.88  6.67  6.15  94 1027.5  20.5  20.2 999.0 99.0 99.00
2019 09 14 09 50 165  5.2  6.4  1.63  7.14  5.88  83 1027.2  20.8  20.1 999.0 99.0 99.00
2019 09 14 10 50 172  4.5  5.3  1.69 10.00  6.12  82 1027.3  20.9  20.1 999.0 99.0 99.00
2019 09 14 11 50 173  4.8  5.7  1.65 10.00  6.15  92 1027.2  21.2  20.1 999.0 99.0 99.00
2019 09 14 12 50 161  4.6  5.6  1.50 10.00  5.90  91 1027.1  21.2  20.2 999.0 99.0 99.00
2019 09 14 13 50 172  6.5  7.7  1.65 10.00  6.07  85 1027.0  21.4  20.2 999.0 99.0 99.00
2019 09 14 14 50 181  5.6  6.9  1.50 10.00  5.54  95 1027.0  21.5  20.2 999.0 99.0 99.00
2019 09 14 15 50 180  6.3  7.6  1.50  5.56  5.56  84 1026.5  21.6  20.2 999.0 99.0 99.00
2019 09 14 16 50 181  6.6  8.5  1.54  9.09  5.47  91 1025.8  21.6  20.3 999.0 99.0 99.00
2019 09 14 17 50 180  6.4  7.5  1.36  9.09  5.28  96 1024.8  21.6  20.2 999.0 99.0 99.00
2019 09 14 18 50 187  5.8  6.9  1.43  9.09  5.35  97 1024.3  21.7  20.3 999.0 99.0 99.00
2019 09 14 19 50 185  5.7  7.1  1.37  8.33  5.22  85 1023.5  21.8  20.3 999.0 99.0 99.00
2019 09 14 20 50 186  6.4  7.5  1.46 10.00  5.23  99 1022.9  21.9  20.4 999.0 99.0 99.00
2019 09 14 21 50 188  6.4  7.6  1.38  8.33  5.13  84 1022.7  21.8  20.4 999.0 99.0 99.00
2019 09 14 22 50 192  5.8  6.6  1.44 10.00  5.32 111 1022.5  21.7  20.5 999.0 99.0 99.00
2019 09 14 23 50 191  6.3  7.6  1.39  9.09  5.38 102 1022.4  21.6  20.5 999.0 99.0 99.00
2019 09 15 00 50 195  6.3  7.3  1.42  9.09  5.45 102 1022.4  21.7  20.5 999.0 99.0 99.00
2019 09 15 01 50 200  6.4  7.3  1.37 10.00  5.37 103 1022.5  21.7  20.5 999.0 99.0 99.00
2019 09 15 02 50 200  6.6  7.6  1.26 10.00  5.27 119 1022.1  21.7  20.5 999.0 99.0 99.00
2019 09 15 03 50 203  6.0  7.0  1.35  9.09  5.47 101 1021.7  21.6  20.4 999.0 99.0 99.00
2019 09 15 04 50 204  6.0  7.1  1.36  9.09  5.59  96 1021.6  21.6  20.4 999.0 99.0 99.00
2019 09 15 05 50 212  5.9  6.9  1.25  9.09  5.39 109 1021.5  21.6  20.4 999.0 99.0 99.00
2019 09 15 06 50 232  4.9  6.0  1.30  7.14  5.27 116 1021.4  21.5  20.4 999.0 99.0 99.00
2019 09 15 07 50 246  3.2  3.8  1.16  7.69  5.15 112 1021.1  21.1  20.4 999.0 99.0 99.00
2019 09 15 08 50 230  4.3  5.4  1.22  6.25  5.43 124 1021.1  20.8  20.4 999.0 99.0 99.00
2019 09 15 09 50 231  3.7  4.6  1.19  9.09  5.51 105 1021.0  20.8  20.4 999.0 99.0 99.00
2019 09 15 10 50 232  3.5  4.2  1.18  9.09  5.44 114 1021.2  20.6  20.3 999.0 99.0 99.00
2019 09 15 11 50 247  1.9  2.4  1.03 10.00  5.27 112 1021.2  20.6  20.3 999.0 99.0 99.00
2019 09 15 12 50 256  1.6  2.0  1.06  9.09  5.61 103 1021.1  20.5  20.3 999.0 99.0 99.00
2019 09 15 13 50 309  0.7  1.3  1.03  9.09  5.73 116 1021.2  20.6  20.4 999.0 99.0 99.00
2019 09 15 14 50 329  1.7  2.6  1.06  9.09  5.78 120 1021.1  20.8  20.8 999.0 99.0 99.00
2019 09 15 15 50 341  3.3  3.8  0.95  9.09  5.79 110 1021.0  20.9  21.1 999.0 99.0 99.00
2019 09 15 16 50 347  2.5  2.9  0.97  9.09  5.95 121 1021.1  21.2  21.2 999.0 99.0 99.00
2019 09 15 17 50 337  0.8  1.5  1.00  8.33  6.06 109 1020.3  21.5  21.5 999.0 99.0 99.00
2019 09 15 18 50 100  0.6  1.0  0.94  8.33  5.80 110 1019.4  22.1  22.2 999.0 99.0 99.00
2019 09 15 19 50 182  2.5  3.0  0.96  8.33  5.98  98 1018.9  22.1  22.8 999.0 99.0 99.00
2019 09 15 20 50 192  4.3  4.9  0.96  7.69  5.93 109 1018.6  22.1  22.4 999.0 99.0 99.00
2019 09 15 21 50 204  4.2  4.8  0.97  8.33  5.96 107 1018.6  22.0  22.1 999.0 99.0 99.00
2019 09 15 22 50 219  4.1  4.7  1.04  7.69  6.26 105 1018.6  21.7  21.6 999.0 99.0 99.00
2019 09 15 23 50 224  5.3  6.2  0.84  9.09  5.95 117 1018.3  21.5  21.5 999.0 99.0 99.00
2019 09 16 00 50 238  4.9  5.6  0.84  7.14  5.46 113 1018.4  21.4  21.5 999.0 99.0 99.00
2019 09 16 01 50 232  5.0  5.9  0.90  8.33  5.83 118 1018.1  21.3  21.3 999.0 99.0 99.00
2019 09 16 02 50 243  6.0  6.9  0.87  6.67  5.06 113 1018.4  20.0  21.1 999.0 99.0 99.00
2019 09 16 03 50 245  4.7  5.5  0.91  9.09  5.13 105 1018.0  19.7  21.0 999.0 99.0 99.00
2019 09 16 04 50 245  5.7  6.9  0.90 10.81  5.36 120 1018.0  19.6  20.9 999.0 99.0 99.00
2019 09 16 05 50 249  5.2  6.3  0.86  9.09  5.10 125 1018.2  19.8  20.7 999.0 99.0 99.00
2019 09 16 06 50 245  4.3  5.2  0.90  9.09  5.43 122 1017.6  19.9  20.6 999.0 99.0 99.00
2019 09 16 07 50 264  4.2  5.1  0.85  8.33  5.53 136 1017.5  20.3  20.7 999.0 99.0 99.00
2019 09 16 08 50 267  3.1  3.8  0.85  8.33  5.76 126 1017.4  20.2  20.7 999.0 99.0 99.00
2019 09 16 09 50 285  3.5  4.4  0.89  7.14  6.27 151 1017.6  20.8  20.7 999.0 99.0 99.00
2019 09 16 10 50 294  3.3  4.0  0.90 10.00  6.53 127 1018.0  20.9  20.6 999.0 99.0 99.00
2019 09 16 11 50 328  2.9  3.3  0.87 10.00  6.49 120 1018.0  21.1  20.6 999.0 99.0 99.00
2019 09 16 12 50  23  3.4  4.3  0.84 10.00  6.53 110 1018.2  21.0  20.7 999.0 99.0 99.00
2019 09 16 13 50  37  3.7  4.3  0.87 11.43  7.00 109 1018.2  21.0  20.7 999.0 99.0 99.00
2019 09 16 14 50  55  3.3  3.8  0.85  9.09  7.09 115 1018.2  20.7  20.9 999.0 99.0 99.00
2019 09 16 15 50  71  3.0  3.6  0.84  9.09  6.98 117 1017.8  20.8  21.1 999.0 99.0 99.00
2019 09 16 16 50  58  3.7  4.3  0.84  8.33  7.08 121 1017.5  20.6  21.2 999.0 99.0 99.00
2019 09 16 17 50  51  3.7  4.4  0.81 10.81  7.12  90 1017.4  20.4  21.3 999.0 99.0 99.00
2019 09 16 18 50  58  2.5  2.9  0.83  7.69  6.79 117 1016.9  20.4  21.3 999.0 99.0 99.00
2019 09 16 19 50  41  2.1  2.7  0.85 11.43  7.16 120 1016.6  20.5  21.4 999.0 99.0 99.00
2019 09 16 20 50 113  2.1  2.8  0.78  9.09  6.88 141 1016.0  20.6  21.3 999.0 99.0 99.00
2019 09 16 21 50 101  1.5  2.0  0.80  7.14  6.82 151 1016.1  20.7  21.3 999.0 99.0 99.00
2019 09 16 22 50 131  2.0  2.6  0.80 11.43  6.99 101 1016.3  20.7  21.2 999.0 99.0 99.00
2019 09 16 23 50 110  2.6  3.3  0.76  7.69  6.77 136 1016.7  20.7  21.1 999.0 99.0 99.00
2019 09 17 00 50 120  2.1  2.7  0.75  9.09  6.91 151 1016.9  20.8  21.0 999.0 99.0 99.00
2019 09 17 01 50  78  1.6  2.0  0.80 10.81  7.25 131 1017.0  20.8  21.0 999.0 99.0 99.00
2019 09 17 02 50  41  1.7  2.0  0.75  9.09  7.22 163 1017.3  20.7  21.0 999.0 99.0 99.00
2019 09 17 03 50  24  1.9  2.2  0.80  8.33  7.62 149 1017.7  20.3  20.9 999.0 99.0 99.00
2019 09 17 04 50  28  6.5  7.7  0.77 12.12  7.42  82 1017.7  20.8  20.9 999.0 99.0 99.00
2019 09 17 05 50  48  7.2  8.4  0.78 11.43  6.76 110 1017.7  20.5  20.9 999.0 99.0 99.00
2019 09 17 06 50  44  8.0  9.3  1.07  8.33  4.32 155 1017.7  20.2  20.7 999.0 99.0 99.00
2019 09 17 07 50  41  7.9  9.0  1.01 11.43  4.23  75 1017.7  19.8  20.3 999.0 99.0 99.00
2019 09 17 08 50  37  7.9  9.0  1.11 10.81  4.31 126 1017.8  19.5  20.3 999.0 99.0 99.00
2019 09 17 09 50  50  8.2  9.4  0.99 11.43  4.26 101 1018.3  19.5  20.1 999.0 99.0 99.00
2019 09 17 10 50  41  8.2  9.6  0.99 10.81  4.24 103 1018.9  19.3  20.0 999.0 99.0 99.00
2019 09 17 11 50  45  7.8  9.3  1.06 12.12  4.36  61 1019.5  19.4  20.0 999.0 99.0 99.00
2019 09 17 12 50  43  6.5  7.7  0.94 10.81  4.18  92 1020.0  19.4  20.0 999.0 99.0 99.00
2019 09 17 13 50  28  5.7  6.9  0.92 11.43  4.70 106 1020.5  19.0  20.1 999.0 99.0 99.00
2019 09 17 14 50  26  5.3  6.3  0.88 11.43  4.83 102 1020.6  19.1  20.3 999.0 99.0 99.00
2019 09 17 15 50  18  5.4  6.2  0.92 10.81  4.78 107 1020.4  19.3  20.3 999.0 99.0 99.00
2019 09 17 16 50  11  5.0  6.2  0.89 11.43  5.10 112 1020.4  19.7  20.5 999.0 99.0 99.00
2019 09 17 17 50   3  3.1  3.8  0.78 12.90  4.93  95 1020.0  19.9  20.4 999.0 99.0 99.00
2019 09 17 18 50   9  2.0  2.9  0.80 12.90  5.12  59 1019.6  20.1  20.5 999.0 99.0 99.00
2019 09 17 19 50  19  1.4  1.8  0.79 12.90  5.76 143 1019.4  20.5  20.7 999.0 99.0 99.00
2019 09 17 20 50  78  1.6  2.4  0.75 10.81  5.99 140 1019.1  20.6  20.7 999.0 99.0 99.00
2019 09 17 21 50  57  1.9  3.1  0.69 10.81  6.05 137 1019.2  21.0  20.7 999.0 99.0 99.00
2019 09 17 22 50  56  7.5  8.9  0.80 12.12  4.78  48 1019.1  20.9  20.5 999.0 99.0 99.00
2019 09 17 23 50  86  8.0  9.2  0.98 11.43  4.03 113 1019.6  19.8  20.3 999.0 99.0 99.00
2019 09 18 00 50  85  8.4  9.7  0.99  3.85  4.15  70 1020.1  19.7  20.2 999.0 99.0 99.00
2019 09 18 01 50  83  7.8  9.3  1.05 10.81  4.37 134 1020.3  19.4  20.1 999.0 99.0 99.00
2019 09 18 02 50  78  6.4  7.6  0.97  4.00  4.22  78 1020.6  19.1  20.1 999.0 99.0 99.00
2019 09 18 03 50  76  6.0  7.0  0.93  4.17  4.50  69 1020.6  19.1  20.1 999.0 99.0 99.00
2019 09 18 04 50  73  6.1  7.5  0.98 12.12  4.68 141 1020.6  18.9  20.1 999.0 99.0 99.00
2019 09 18 05 50  60  6.5  8.2  1.13 12.12  4.90 104 1020.8  18.8  19.9 999.0 99.0 99.00
2019 09 18 06 50  59  6.5  8.1  1.07 11.43  4.79 112 1020.8  18.4  19.8 999.0 99.0 99.00
2019 09 18 07 50  44  6.7  8.2  1.04  5.00  4.54  84 1021.0  18.2  19.8 999.0 99.0 99.00
2019 09 18 08 50  61  7.0  9.0  1.13  5.00  4.43  80 1020.8  18.1  19.8 999.0 99.0 99.00
2019 09 18 09 50  59  6.8  8.6  1.21  5.26  4.52  68 1021.2  18.0  19.8 999.0 99.0 99.00
2019 09 18 10 50  51  7.3  8.6  1.18  5.56  4.56  85 1021.8  18.0  19.7 999.0 99.0 99.00
2019 09 18 11 50  53  8.3 10.2  1.20  5.26  4.40  81 1022.4  17.9  19.7 999.0 99.0 99.00
2019 09 18 12 50  45  7.6  9.6  1.37  5.00  4.72  80 1022.8  17.5  19.8 999.0 99.0 99.00
2019 09 18 13 50  46  8.5 10.3  1.41  5.56  4.64  77 1023.2  17.6  19.7 999.0 99.0 99.00
2019 09 18 14 50  47  8.7 10.5  1.50  5.56  4.69  74 1023.3  17.3  19.7 999.0 99.0 99.00
2019 09 18 15 50  47  9.5 11.1  1.58  6.25  4.75  88 1023.4  17.4  19.8 999.0 99.0 99.00
2019 09 18 16 50  49  8.9 10.7  1.68  5.88  4.91  78 1023.4  17.0  20.1 999.0 99.0 99.00
2019 09 18 17 50  49  9.0 11.2  1.73  6.25  4.96  86 1023.2  17.1  20.7 999.0 99.0 99.00
2019 09 18 18 50  38 10.0 12.5  1.75  6.67  5.10  84 1023.5  17.2  20.7 999.0 99.0 99.00
2019 09 18 19 50  42  9.3 11.6  1.80  6.67  4.94  87 1023.7  17.3  20.7 999.0 99.0 99.00
2019 09 18 20 50  44  8.5 11.1  1.94  6.67  5.27  86 1023.9  17.6  20.7 999.0 99.0 99.00
2019 09 18 21 50  43  9.1 12.0  1.86  6.67  5.03  72 1024.1  17.5  20.6 999.0 99.0 99.00
2019 09 18 22 50  45  7.9  9.4  1.69  6.25  4.96  73 1024.3  17.5  20.6 999.0 99.0 99.00
2019 09 18 23 50  62  9.1 11.7  1.70  7.14  5.04  80 1024.4  17.6  20.3 999.0 99.0 99.00
2019 09 19 00 50  62  9.0 11.8  1.91  7.14  5.12  84 1024.8  17.3  20.5 999.0 99.0 99.00
2019 09 19 01 50  55  9.3 13.2  1.83  7.14  4.97  93 1025.4  17.0  20.6 999.0 99.0 99.00
2019 09 19 02 50  58  9.4 12.6  2.05  7.69  5.45  88 1025.4  16.7  20.6 999.0 99.0 99.00
2019 09 19 03 50  51  9.8 12.9  2.22  8.33  5.76  84 1025.4  16.2  20.7 999.0 99.0 99.00
2019 09 19 04 50  48  8.1 10.3  2.21  7.69  5.75  89 1025.4  15.8  20.7 999.0 99.0 99.00
2019 09 19 05 50  48  8.9 11.0  2.19  8.33  5.69  92 1025.4  15.4  20.6 999.0 99.0 99.00
2019 09 19 06 50  57  8.8 11.8  2.21  7.69  5.73  86 1025.6  15.3  20.6 999.0 99.0 99.00
2019 09 19 07 50  54  8.1 10.4  2.07  8.33  5.74  99 1025.6  15.5  20.5 999.0 99.0 99.00
2019 09 19 08 50  68  8.5 11.2  2.21  9.09  5.92 106 1025.2  15.5  20.4 999.0 99.0 99.00
2019 09 19 09 50  50  8.6 11.7  2.23  8.33  6.06  93 1025.4  15.5  20.4 999.0 99.0 99.00
2019 09 19 10 50  39  8.1 10.5  2.06  8.33  5.89  85 1026.1  15.2  20.3 999.0 99.0 99.00
2019 09 19 11 50  50  6.9  9.2  2.08 10.00  6.02  85 1026.7  15.0  20.4 999.0 99.0 99.00
2019 09 19 12 50  46  6.5  9.5  2.02 10.00  6.00 105 1027.0  15.1  20.5 999.0 99.0 99.00
2019 09 19 13 50  38  6.1  8.8  1.97 10.00  6.15 109 1027.5  15.4  20.6 999.0 99.0 99.00
2019 09 19 14 50  38  5.5  7.8  2.03 10.81  6.19 101 1027.8  15.2  20.6 999.0 99.0 99.00
2019 09 19 15 50  43  4.6  6.7  1.89 10.00  6.58  91 1027.8  15.2  20.0 999.0 99.0 99.00
2019 09 19 16 50  45  3.7  5.5  2.00 10.00  6.97 100 1027.3  15.3  20.0 999.0 99.0 99.00
2019 09 19 17 50  46  3.9  5.7  2.27 10.81  7.63 102 1027.1  15.6  19.9 999.0 99.0 99.00
2019 09 19 18 50  40  2.9  4.2  2.21 10.00  7.77 106 1026.8  15.9  19.9 999.0 99.0 99.00
2019 09 19 19 50  41  2.2  3.4  2.25 10.00  7.78  97 1026.5  16.2  20.0 999.0 99.0 99.00
2019 09 19 20 50  43  1.6  2.7  2.56 10.81  8.36 111 1026.4  16.5  20.0 999.0 99.0 99.00
2019 09 19 21 50 355  1.5  2.5  2.66 10.00  8.40 109 1026.2  16.9  19.9 999.0 99.0 99.00
2019 09 19 22 50 330  0.5  1.8  2.43 10.81  8.10 115 1026.5  16.5  19.7 999.0 99.0 99.00
2019 09 19 23 50  55  0.3  0.8  2.60 10.00  8.24 114 1026.4  16.5  19.6 999.0 99.0 99.00
2019 09 20 00 50 138  0.5  1.5  2.25 10.81  7.97 100 1026.2  16.5  19.5 999.0 99.0 99.00
2019 09 20 01 50 187  1.7  2.8  2.37 10.81  8.23 114 1025.6  16.7  19.4 999.0 99.0 99.00
2019 09 20 02 50 200  2.3  2.9  2.38 12.12  8.47 118 1025.2  17.1  19.4 999.0 99.0 99.00
2019 09 20 03 50 230  2.9  4.2  2.24 12.12  8.61 136 1025.1  17.3  19.4 999.0 99.0 99.00
2019 09 20 04 50 235  2.8  4.0  2.35 12.12  9.10 130 1025.2  17.5  19.4 999.0 99.0 99.00
2019 09 20 05 50 246  3.4  4.5  2.27 12.90  9.22 122 1025.0  17.6  19.3 999.0 99.0 99.00
2019 09 20 06 50 253  4.4  6.1  2.10 12.90  8.84 122 1024.6  17.8  19.3 999.0 99.0 99.00
2019 09 20 07 50 260  4.7  6.5  2.27 12.12  9.16 130 1024.3  18.2  19.3 999.0 99.0 99.00
2019 09 20 08 50 267  5.8  8.3  2.11 11.43  8.47 123 1024.5  18.1  19.4 999.0 99.0 99.00
2019 09 20 09 50 277  7.2  9.1  2.09 10.81  7.49 122 1024.6  17.7  19.4 999.0 99.0 99.00
2019 09 20 10 50 281  7.4  9.3  2.03 10.81  7.27 114 1024.9  17.6  19.4 999.0 99.0 99.00
2019 09 20 11 50 280  8.1 10.5  1.89 10.81  6.73 113 1025.1  18.0  19.4 999.0 99.0 99.00
2019 09 20 12 50 280  8.1  9.9  2.12 12.12  7.02 100 1025.4  18.4  19.4 999.0 99.0 99.00
2019 09 20 13 50 285  7.5  9.2  1.80 12.12  6.35  99 1025.1  18.1  19.4 999.0 99.0 99.00
2019 09 20 14 50 293  7.3  8.8  1.93 10.81  6.55 101 1024.5  18.4  19.5 999.0 99.0 99.00
2019 09 20 15 50 291  7.2  9.0  1.83 11.43  6.59 106 1024.1  18.5  19.5 999.0 99.0 99.00
2019 09 20 16 50 288  7.0  8.3  1.96 12.12  7.12 102 1023.6  18.8  19.6 999.0 99.0 99.00
2019 09 20 17 50 279  6.5  7.8  2.13 16.00  7.68 131 1022.9  19.5  19.7 999.0 99.0 99.00
2019 09 20 18 50 258  6.1  7.6  1.95 14.81  7.70 120 1022.5  20.0  19.8 999.0 99.0 99.00
2019 09 20 19 50 236  6.0  7.0  2.14 16.00  8.63 117 1022.1  20.2  19.8 999.0 99.0 99.00
2019 09 20 20 50 224  5.8  7.0  1.84 13.79  8.45 110 1021.8  20.2  19.9 999.0 99.0 99.00
2019 09 20 21 50 227  6.4  7.8  2.02 14.81  8.86 111 1021.6  20.4  19.9 999.0 99.0 99.00
2019 09 20 22 50 227  6.6  8.2  2.23 13.79  9.35 103 1021.6  20.4  19.8 999.0 99.0 99.00
2019 09 20 23 50 230  6.7  8.3  1.77 14.81  7.97  99 1021.9  20.3  19.7 999.0 99.0 99.00
2019 09 21 00 50 232  5.7  7.1  1.99 14.81  8.01  95 1022.3  20.6  19.8 999.0 99.0 99.00
2019 09 21 01 50 239  5.2  6.6  1.93 13.79  8.13  98 1022.4  20.9  19.8 999.0 99.0 99.00
2019 09 21 02 50 246  5.0  6.4  2.19 14.81  9.27  96 1022.3  20.9  19.8 999.0 99.0 99.00
2019 09 21 03 50 258  6.2  7.5  1.88 16.00  8.33 121 1021.9  21.2  19.8 999.0 99.0 99.00
2019 09 21 04 50 256  6.4  8.1  1.97 14.81  8.16  98 1022.3  20.7  19.7 999.0 99.0 99.00
2019 09 21 05 50 259  7.7  9.3  1.94 13.79  7.45 106 1022.2  20.2  19.7 999.0 99.0 99.00
2019 09 21 06 50 265  7.5  9.2  1.93 14.81  6.88 101 1022.3  20.2  19.7 999.0 99.0 99.00
2019 09 21 07 50 266  8.0  9.3  2.02 14.81  7.16 106 1022.3  20.2  19.7 999.0 99.0 99.00
2019 09 21 08 50 271  7.2  8.6  1.84 14.81  6.63 110 1022.6  20.1  19.7 999.0 99.0 99.00
2019 09 21 09 50 265  7.2  8.5  1.76 13.79  6.75 109 1022.5  19.9  19.7 999.0 99.0 99.00
2019 09 21 10 50 274  5.9  7.4  1.62 13.79  6.32 103 1022.8  19.8  19.6 999.0 99.0 99.00
2019 09 21 11 50 266  5.9  7.0  1.69 13.79  6.87 108 1022.9  19.9  19.6 999.0 99.0 99.00
2019 09 21 12 50 282  5.7  7.3  1.87 13.79  7.56 115 1023.4  20.0  19.6 999.0 99.0 99.00
2019 09 21 13 50 291  3.8  4.8  1.54 13.79  6.99 103 1023.6  19.8  19.7 999.0 99.0 99.00
2019 09 21 14 50 277  3.5  4.5  1.36 12.90  6.77 101 1023.6  19.8  19.7 999.0 99.0 99.00
2019 09 21 15 50 272  3.5  4.3  1.38 12.90  7.00 109 1023.7  19.9  19.8 999.0 99.0 99.00
2019 09 21 16 50 261  2.8  3.4  1.23 13.79  6.52 106 1023.2  19.8  19.9 999.0 99.0 99.00
2019 09 21 17 50 244  2.8  3.5  1.19 13.79  6.38 113 1022.7  20.1  20.1 999.0 99.0 99.00
2019 09 21 18 50 235  2.7  3.2  1.10 12.90  6.36 122 1022.4  20.4  20.3 999.0 99.0 99.00
2019 09 21 19 50 226  3.0  3.6  1.16 12.90  6.78 100 1022.0  20.7  20.4 999.0 99.0 99.00
2019 09 21 20 50 213  4.3  5.2  1.10 12.12  6.84  81 1021.7  20.9  20.5 999.0 99.0 99.00
2019 09 21 21 50 229  4.9  5.7  1.10 11.43  7.01  96 1021.8  21.0  20.5 999.0 99.0 99.00
2019 09 21 22 50 223  4.2  4.9  1.08 10.00  6.84  97 1021.8  20.8  20.4 999.0 99.0 99.00
2019 09 21 23 50 227  4.7  5.5  1.05 12.90  7.11 108 1022.0  20.8  20.3 999.0 99.0 99.00
2019 09 22 00 50 224  4.7  5.5  1.02 11.43  6.68  96 1022.0  20.7  20.2 999.0 99.0 99.00
2019 09 22 01 50 220  4.9  5.8  1.09 11.43  6.95  89 1022.3  20.7  20.1 999.0 99.0 99.00
2019 09 22 02 50 225  5.6  6.6  0.97 10.81  6.52  84 1022.1  20.7  20.0 999.0 99.0 99.00
2019 09 22 03 50 240  5.2  6.4  0.97 11.43  6.11  83 1022.1  20.7  20.0 999.0 99.0 99.00
2019 09 22 04 50 238  4.2  5.1  0.96 12.12  5.91  98 1022.2  20.7  20.0 999.0 99.0 99.00
2019 09 22 05 50 231  3.5  4.1  0.95 12.12  6.10  94 1022.2  20.5  20.0 999.0 99.0 99.00
2019 09 22 06 50 242  2.8  3.2  0.95 11.43  6.38  93 1021.8  20.3  20.0 999.0 99.0 99.00
2019 09 22 07 50 236  2.3  2.9  0.93 10.81  6.39  86 1021.9  20.1  19.9 999.0 99.0 99.00
2019 09 22 08 50 225  2.7  3.3  0.89 11.43  6.14  99 1021.8  20.1  19.9 999.0 99.0 99.00
2019 09 22 09 50 221  2.1  2.6  0.80 10.81  6.19 104 1022.0  20.0  19.9 999.0 99.0 99.00
2019 09 22 10 50 220  2.8  3.4  0.74 11.43  6.00 126 1021.9  20.0  19.9 999.0 99.0 99.00
2019 09 22 11 50 206  3.0  3.4  0.79 11.43  6.55 110 1021.9  20.2  19.9 999.0 99.0 99.00
2019 09 22 12 50 211  3.3  3.7  0.78 10.00  6.35  97 1022.2  20.1  20.0 999.0 99.0 99.00
2019 09 22 13 50 217  3.5  4.2  0.78 10.81  6.57  95 1022.2  20.2  20.1 999.0 99.0 99.00
2019 09 22 14 50 203  4.0  4.6  0.70 10.81  5.82 116 1021.9  20.2  20.2 999.0 99.0 99.00
2019 09 22 15 50 206  4.6  5.9  0.66 11.43  5.22 121 1021.5  20.0  20.3 999.0 99.0 99.00
2019 09 22 16 50 205  5.1  6.0  0.68 10.81  4.95 108 1020.9  20.3  20.3 999.0 99.0 99.00
2019 09 22 17 50 214  5.3  6.3  0.67 11.43  4.52  52 1020.3  20.5  20.3 999.0 99.0 99.00
2019 09 22 18 50 210  5.2  6.0  0.72 11.43  4.29 107 1019.8  20.7  20.4 999.0 99.0 99.00
2019 09 22 19 50 201  5.3  6.2  0.69 10.00  4.36  79 1019.0  20.7  20.4 999.0 99.0 99.00
2019 09 22 20 50 191  5.6  6.6  0.66 10.81  4.18  92 1018.5  20.9  20.4 999.0 99.0 99.00
2019 09 22 21 50 200  6.6  7.5  0.71 10.00  4.20  74 1018.0  20.9  20.3 999.0 99.0 99.00
2019 09 22 22 50 198  6.3  7.1  0.68  9.09  3.80  78 1017.6  20.8  20.3 999.0 99.0 99.00
2019 09 22 23 50 203  6.3  7.4  0.70 10.00  3.86  88 1017.9  20.9  20.3 999.0 99.0 99.00
2019 09 23 00 50 208  6.4  7.3  0.70 10.00  4.10  95 1018.0  21.1  20.3 999.0 99.0 99.00
2019 09 23 01 50 212  6.9  8.2  0.77 10.00  3.92 119 1017.6  21.3  20.3 999.0 99.0 99.00
2019 09 23 02 50 214  7.8  9.2  0.79  3.57  3.97 219 1017.1  21.3  20.2 999.0 99.0 99.00
2019 09 23 03 50 216  7.9  9.3  0.88  4.17  3.96 218 1016.6  21.4  20.1 999.0 99.0 99.00
2019 09 23 04 50 219  7.9  8.9  0.98  4.17  3.95 219 1016.3  21.3  20.1 999.0 99.0 99.00
2019 09 23 05 50 215  7.6  9.0  0.99  4.17  4.07 210 1015.9  21.2  20.1 999.0 99.0 99.00
2019 09 23 06 50 216  8.3  9.4  0.98  4.76  4.08 209 1015.0  21.2  20.1 999.0 99.0 99.00
2019 09 23 07 50 219  8.4 10.0  1.05  5.00  4.07 205 1014.7  21.1  20.1 999.0 99.0 99.00
2019 09 23 08 50 217  9.1 10.8  1.15  5.00  4.18 208 1014.3  21.2  20.0 999.0 99.0 99.00
2019 09 23 09 50 216  8.6 10.3  1.20  5.00  4.21 207 1014.3  21.2  20.0 999.0 99.0 99.00
2019 09 23 10 50 217  8.5 10.0  1.28  5.26  4.46 212 1014.2  21.1  20.0 999.0 99.0 99.00
2019 09 23 11 50 216  8.7 10.2  1.26  5.88  4.47 209 1014.0  21.2  20.0 999.0 99.0 99.00
2019 09 23 12 50 218  8.5 10.1  1.30  5.88  4.56 203 1014.0  21.3  20.0 999.0 99.0 99.00
2019 09 23 13 50 218  8.4  9.8  1.39  5.88  4.63 208 1013.8  21.2  20.1 999.0 99.0 99.00
2019 09 23 14 50 221  7.9  9.3  1.38  5.88  4.60 201 1013.5  21.2  20.1 999.0 99.0 99.00
2019 09 23 15 50 219  8.5 10.0  1.41  5.88  4.77 212 1012.8  21.2  20.2 999.0 99.0 99.00
2019 09 23 16 50 220  8.5  9.8  1.42  5.88  4.72 206 1012.0  21.4  20.2 999.0 99.0 99.00
2019 09 23 17 50 212  8.4  9.6  1.45  5.56  4.72 205 1011.2  21.3  20.2 999.0 99.0 99.00
2019 09 23 18 50 217  8.9 11.1  1.44  5.88  4.63 201 1010.1  21.4  20.3 999.0 99.0 99.00
2019 09 23 19 50 214  8.7 10.0  1.52  6.25  4.89 201 1009.6  21.4  20.2 999.0 99.0 99.00
2019 09 23 20 50 215  8.6 10.2  1.55  5.88  4.69 202 1009.1  21.5  20.3 999.0 99.0 99.00
2019 09 23 21 50 207  9.4 10.8  1.57  6.25  4.64 199 1008.4  21.6  20.4 999.0 99.0 99.00
2019 09 23 22 50 210 10.1 12.1  1.57  5.56  4.79 213 1008.4  21.5  20.5 999.0 99.0 99.00
2019 09 23 23 50 215 10.2 12.0  1.75  6.25  4.91 194 1008.2  21.6  20.6 999.0 99.0 99.00
2019 09 24 00 50 216 10.2 12.2  1.79  6.25  4.93 198 1008.1  21.8  20.7 999.0 99.0 99.00
2019 09 24 01 50 217 10.0 12.1  1.83  6.67  4.88 193 1008.1  21.8  20.9 999.0 99.0 99.00
2019 09 24 02 50 217 10.4 12.3  1.90  6.25  5.07 199 1007.8  21.9  20.9 999.0 99.0 99.00
2019 09 24 03 50 228  8.3  9.7  1.96  6.67  5.20 193 1008.0  21.7  20.9 999.0 99.0 99.00
2019 09 24 04 50 226  8.7 10.3  1.99  6.67  5.37 192 1007.6  21.8  20.9 999.0 99.0 99.00
2019 09 24 05 50 251  6.8  8.2  2.07  6.67  5.43 196 1007.9  21.3  20.9 999.0 99.0 99.00
2019 09 24 06 50 246  4.8  5.7  1.91  7.14  5.74 189 1007.1  21.2  20.9 999.0 99.0 99.00
2019 09 24 07 50 276  7.4  9.5  1.89  7.14  5.83 200 1006.8  21.5  20.9 999.0 99.0 99.00
2019 09 24 08 50 298  8.3  9.7  1.72  6.67  5.61 200 1007.1  21.8  20.8 999.0 99.0 99.00
2019 09 24 09 50 292  7.4  9.0  1.66 10.81  5.75 156 1007.4  21.4  20.8 999.0 99.0 99.00
2019 09 24 10 50 292  7.2  8.4  1.55  6.67  5.46 189 1008.0  21.3  20.7 999.0 99.0 99.00
2019 09 24 11 50 296  8.2  9.6  1.76  6.67  5.56 193 1008.4  21.2  20.6 999.0 99.0 99.00
2019 09 24 12 50 296  8.2 10.0  1.73 11.43  5.63 151 1009.1  21.0  20.6 999.0 99.0 99.00
2019 09 24 13 50 289  8.1  9.5  1.77 10.81  5.46 157 1009.2  20.8  20.6 999.0 99.0 99.00
2019 09 24 14 50 288  9.4 10.7  1.65 12.90  5.66 161 1009.1  20.9  20.6 999.0 99.0 99.00
2019 09 24 15 50 292  9.1 11.0  1.66  6.67  5.52 206 1008.8  20.9  20.6 999.0 99.0 99.00
2019 09 24 16 50 295  8.1  9.5  1.57 11.43  5.67 166 1008.7  20.9  20.6 999.0 99.0 99.00
2019 09 24 17 50 289  8.7 10.2  1.60 11.43  5.53 139 1008.3  21.1  20.5 999.0 99.0 99.00
2019 09 24 18 50 284  8.5 10.3  1.67 12.12  5.57 168 1007.9  21.4  20.4 999.0 99.0 99.00
2019 09 24 19 50 293  7.5  9.1  1.71 12.12  5.74 152 1008.1  21.8  20.3 999.0 99.0 99.00
2019 09 24 20 50 289  5.2  6.1  1.66 12.12  5.90 135 1008.3  22.0  20.2 999.0 99.0 99.00
2019 09 24 21 50 283  5.1  6.5  1.56 11.43  6.15 147 1008.6  22.2  20.2 999.0 99.0 99.00
2019 09 24 22 50 287  5.1  6.6  1.50 12.12  6.26 143 1008.9  22.0  20.2 999.0 99.0 99.00
2019 09 24 23 50 334  7.6  9.4  1.52 11.43  6.51 146 1009.6  22.2  20.5 999.0 99.0 99.00
2019 09 25 00 50 330  6.9  8.9  1.63 11.43  5.90 137 1010.3  21.9  20.5 999.0 99.0 99.00
2019 09 25 01 50 334  7.6  8.9  1.75 11.43  6.24 149 1011.1  21.6  20.5 999.0 99.0 99.00
2019 09 25 02 50 340  7.2  8.9  1.66 12.12  6.21 144 1011.3  21.1  20.5 999.0 99.0 99.00
2019 09 25 03 50 332  7.4  9.3  1.82 11.43  6.44 156 1011.1  20.8  20.4 999.0 99.0 99.00
2019 09 25 04 50 325  6.2  7.5  1.73 12.12  6.31 163 1010.9  20.3  20.1 999.0 99.0 99.00
2019 09 25 05 50 320  6.0  7.7  1.78 12.12  6.96 156 1010.8  20.2  20.0 999.0 99.0 99.00
2019 09 25 06 50 316  5.8  7.0  1.47 12.12  6.57 140 1010.6  20.1  20.0 999.0 99.0 99.00
2019 09 25 07 50 336  6.4  8.5  1.66 12.90  7.28 157 1010.8  19.5  20.0 999.0 99.0 99.00
2019 09 25 08 50 351  5.1  6.6  1.51 12.90  7.17 150 1011.4  19.0  20.0 999.0 99.0 99.00
2019 09 25 09 50 335  6.0  7.4  1.50 12.90  7.11 161 1012.1  18.9  20.0 999.0 99.0 99.00
2019 09 25 10 50 331  6.2  7.8  1.39 12.90  6.56 164 1012.5  18.8  20.0 999.0 99.0 99.00
2019 09 25 11 50 323  6.2  7.6  1.52 12.90  6.75 155 1012.9  18.8  20.0 999.0 99.0 99.00
2019 09 25 12 50 323  5.4  6.8  1.50 12.90  6.84 152 1013.1  18.9  20.0 999.0 99.0 99.00
2019 09 25 13 50 314  6.1  7.7  1.50 12.12  6.96 152 1013.5  18.8  20.0 999.0 99.0 99.00
2019 09 25 14 50 327  4.5  5.5  1.69 12.90  7.63 156 1013.5  19.0  20.0 999.0 99.0 99.00
2019 09 25 15 50 295  2.7  3.8  1.45 12.90  7.89 149 1013.0  19.3  20.1 999.0 99.0 99.00
2019 09 25 16 50 271  4.0  5.1  1.70 12.90  9.74 148 1012.5  19.7  20.3 999.0 99.0 99.00
2019 09 25 17 50 256  4.7  5.6  1.50 12.12  9.44 148 1011.8  19.9  20.4 999.0 99.0 99.00
2019 09 25 18 50 241  4.7  5.4  1.58 12.90  9.53 147 1011.2  20.2  20.5 999.0 99.0 99.00
2019 09 25 19 50 222  6.1  7.3  1.65 12.12  9.25 147 1010.6  20.4  20.5 999.0 99.0 99.00
2019 09 25 20 50 218  7.0  8.2  1.34 12.12  7.49 146 1010.5  20.7  20.5 999.0 99.0 99.00
2019 09 25 21 50 220  7.4  9.1  1.42 12.12  6.73 141 1010.6  20.8  20.5 999.0 99.0 99.00
2019 09 25 22 50 223  8.3  9.7  1.36 12.12  6.03 132 1010.9  20.9  20.4 999.0 99.0 99.00
2019 09 25 23 50 220  7.8  9.2  1.58 11.43  6.16 149 1011.2  21.1  20.4 999.0 99.0 99.00
2019 09 26 00 50 214  6.4  8.2  1.44 11.43  5.92 137 1011.5  21.1  20.3 999.0 99.0 99.00
2019 09 26 01 50 211  6.7  8.2  1.24 11.43  5.92 146 1011.7  21.1  20.3 999.0 99.0 99.00
2019 09 26 02 50 215  6.3  8.0  1.27 10.81  5.98 139 1011.7  21.2  20.2 999.0 99.0 99.00
2019 09 26 03 50 231  7.8  9.1  1.21 10.00  5.40 138 1011.6  21.4  20.5 999.0 99.0 99.00
2019 09 26 04 50 245  6.5  7.9  1.38 10.81  5.53 136 1011.6  21.3  20.5 999.0 99.0 99.00
2019 09 26 05 50 241  6.0  7.3  1.42 10.81  6.00 141 1011.7  21.2  20.5 999.0 99.0 99.00
2019 09 26 06 50 235  6.3  7.6  1.27 10.00  5.32 145 1011.2  21.1  20.3 999.0 99.0 99.00
2019 09 26 07 50 235  6.1  7.1  1.19 10.00  5.43 160 1010.9  21.1  20.3 999.0 99.0 99.00
2019 09 26 08 50 226  5.7  6.7  1.15 10.81  5.41 138 1010.7  21.0  20.3 999.0 99.0 99.00
2019 09 26 09 50 230  6.0  6.9  1.16 10.81  5.42 161 1010.7  21.0  20.3 999.0 99.0 99.00
2019 09 26 10 50 229  5.1  6.0  1.05 10.81  4.98 153 1010.7  20.9  20.3 999.0 99.0 99.00
2019 09 26 11 50 227  5.4  6.4  1.06 10.81  5.33 134 1010.7  21.2  20.3 999.0 99.0 99.00
2019 09 26 12 50 201  5.7  6.9  0.94 10.81  4.94 125 1010.6  21.1  20.3 999.0 99.0 99.00
2019 09 26 13 50 205  5.9  6.8  0.91 10.81  4.94 147 1010.8  21.1  20.3 999.0 99.0 99.00
2019 09 26 14 50 203  6.6  7.9  1.08 10.00  5.14 130 1010.5  21.4  20.6 999.0 99.0 99.00
2019 09 26 15 50 204  7.7  9.3  0.93 10.00  4.21 122 1009.7  21.6  20.8 999.0 99.0 99.00
2019 09 26 16 50 198  8.8 10.4  1.03 10.00  4.24 148 1009.3  21.9  20.9 999.0 99.0 99.00
2019 09 26 17 50 198  9.5 11.2  1.13 10.00  4.31 159 1008.4  21.9  20.8 999.0 99.0 99.00
2019 09 26 18 50 195  9.6 11.8  1.30  4.76  4.23 210 1007.4  21.8  20.8 999.0 99.0 99.00
2019 09 26 19 50 200  9.6 11.7  1.34  5.00  4.31 209 1006.9  21.9  20.8 999.0 99.0 99.00
2019 09 26 20 50 200  8.9 10.8  1.37  4.76  4.37 205 1006.5  21.9  21.0 999.0 99.0 99.00
2019 09 26 21 50 241  6.9  8.4  1.38  5.00  4.46 210 1008.3  21.6  21.1 999.0 99.0 99.00
2019 09 26 22 50 347  8.7 10.8  1.25  5.00  4.61 207 1009.1  21.1  21.1 999.0 99.0 99.00
2019 09 26 23 50   4  5.1  6.1  1.14  5.56  4.32 202 1009.8  20.7  21.1 999.0 99.0 99.00
2019 09 27 00 50 352  5.8  6.5  1.17  9.09  4.64 130 1011.5  20.5  21.0 999.0 99.0 99.00
2019 09 27 01 50 343  5.9  6.8  1.05  5.56  4.52 206 1012.8  20.2  21.0 999.0 99.0 99.00
2019 09 27 02 50 339  4.1  4.8  0.98  5.26  4.79 205 1013.7  20.1  21.0 999.0 99.0 99.00
2019 09 27 03 50 340  4.9  5.8  0.91  5.56  5.01 195 1014.1  20.2  20.9 999.0 99.0 99.00
2019 09 27 04 50 344  4.9  6.0  0.85  5.56  4.99 200 1014.1  20.0  20.9 999.0 99.0 99.00
2019 09 27 05 50 346  5.9  7.3  0.86  9.09  5.06 129 1014.1  20.7  20.8 999.0 99.0 99.00
2019 09 27 06 50 346  6.2  7.4  0.81  8.33  4.96  91 1014.4  20.5  20.7 999.0 99.0 99.00
2019 09 27 07 50 350  6.8  8.2  0.84  9.09  4.42 167 1015.4  20.3  20.7 999.0 99.0 99.00
2019 09 27 08 50 349  5.1  5.9  0.82  9.09  4.35 117 1016.1  20.0  20.6 999.0 99.0 99.00
2019 09 27 09 50  10  5.6  6.7  0.83  9.09  4.17 134 1016.8  19.7  20.5 999.0 99.0 99.00
2019 09 27 10 50  10  5.7  6.7  0.85  9.09  4.31 117 1017.6  19.3  20.4 999.0 99.0 99.00
2019 09 27 11 50  14  5.9  7.3  0.84  9.09  4.20 143 1018.7  19.6  20.3 999.0 99.0 99.00
2019 09 27 12 50   5  4.5  5.7  0.78  8.33  4.14  89 1019.7  19.4  20.3 999.0 99.0 99.00
2019 09 27 13 50 359  5.0  6.2  0.73  9.09  4.37 117 1020.6  19.2  20.4 999.0 99.0 99.00
2019 09 27 14 50 359  5.3  6.8  0.66  9.09  4.28 108 1020.9  18.8  20.4 999.0 99.0 99.00
2019 09 27 15 50  16  5.0  5.8  0.62  9.09  4.11 122 1020.6  19.1  20.7 999.0 99.0 99.00
2019 09 27 16 50   2  3.4  4.0  0.64  8.33  4.34 131 1020.8  19.3  20.8 999.0 99.0 99.00
2019 09 27 17 50  12  1.5  2.3  0.57  8.33  4.77 139 1020.5  19.8  20.9 999.0 99.0 99.00
2019 09 27 18 50  30  1.0  1.5  0.55  9.09  5.34 153 1020.4  20.3  21.1 999.0 99.0 99.00
2019 09 27 19 50 114  1.4  2.2  0.50  7.69  4.93  96 1019.9  20.3  21.2 999.0 99.0 99.00
2019 09 27 20 50 160  2.6  3.2  0.48  9.09  5.40 149 1020.0  20.2  21.2 999.0 99.0 99.00
2019 09 27 21 50 187  3.7  4.5  0.44  8.33  5.73 164 1020.3  20.1  21.0 999.0 99.0 99.00
2019 09 27 22 50 192  3.2  3.9  0.45  8.33  6.15 121 1020.3  20.0  20.8 999.0 99.0 99.00
2019 09 27 23 50 192  4.6  5.2  0.43  7.69  6.39  97 1020.6  20.0  20.5 999.0 99.0 99.00
2019 09 28 00 50 191  4.6  5.3  0.39  8.33  5.71 114 1020.5  20.1  20.4 999.0 99.0 99.00
2019 09 28 01 50 205  4.7  5.4  0.44  8.33  5.08  92 1020.7  20.2  20.5 999.0 99.0 99.00
2019 09 28 02 50 208  5.3  6.1  0.48  9.09  4.25 119 1021.1  20.3  20.5 999.0 99.0 99.00
2019 09 28 03 50 202  5.6  6.4  0.57  7.69  4.04 106 1021.0  20.4  20.4 999.0 99.0 99.00
2019 09 28 04 50 198  4.3  5.3  0.56  9.09  3.88 122 1020.8  20.4  20.4 999.0 99.0 99.00
2019 09 28 05 50 206  5.6  6.3  0.56  7.69  3.79 139 1020.6  20.5  20.4 999.0 99.0 99.00
2019 09 28 06 50 194  6.0  7.1  0.61  8.33  3.91 129 1020.0  20.5  20.4 999.0 99.0 99.00
2019 09 28 07 50 195  7.4  8.7  0.65  8.33  3.84 116 1019.5  20.4  20.2 999.0 99.0 99.00
2019 09 28 08 50 206  7.1  8.4  0.78  3.45  3.72 225 1019.7  20.5  20.2 999.0 99.0 99.00
2019 09 28 09 50 214  6.4  7.2  0.82  3.70  3.66 210 1020.5  20.7  20.2 999.0 99.0 99.00
2019 09 28 10 50 219  6.5  7.5  0.85  3.70  3.81 213 1020.7  20.7  20.2 999.0 99.0 99.00
2019 09 28 11 50 208  6.3  7.4  0.79  3.85  3.84 209 1020.7  20.9  20.2 999.0 99.0 99.00
2019 09 28 12 50 217  6.0  6.9  0.82  4.17  3.87 212 1021.3  20.9  20.2 999.0 99.0 99.00
2019 09 28 13 50 210  6.2  7.3  0.82  4.35  3.93 216 1021.0  21.0  20.5 999.0 99.0 99.00
2019 09 28 14 50 193  6.4  7.5  0.84  4.17  4.09 196 1020.7  21.1  20.7 999.0 99.0 99.00
2019 09 28 15 50 184  6.7  7.8  0.85  4.35  4.05 200 1020.5  21.2  20.9 999.0 99.0 99.00
2019 09 28 16 50 195  7.0  8.3  0.87  4.17  4.07 205 1020.4  21.4  21.0 999.0 99.0 99.00
2019 09 28 17 50 195  7.1  8.4  0.88  4.00  4.04 194 1019.6  21.5  21.1 999.0 99.0 99.00
2019 09 28 18 50 190  8.1  9.5  0.92  4.55  4.05 194 1018.8  21.6  21.1 999.0 99.0 99.00
2019 09 28 19 50 198  7.8  9.0  0.98  4.35  4.02 199 1018.5  21.7  21.1 999.0 99.0 99.00
2019 09 28 20 50 192  8.5 10.6  0.97  4.17  4.14 199 1018.1  21.8  21.1 999.0 99.0 99.00
2019 09 28 21 50 202  8.4  9.9  1.04  4.35  4.01 190 1018.0  21.8  21.0 999.0 99.0 99.00
2019 09 28 22 50 196  7.8  9.0  1.08  4.55  4.00 206 1017.7  21.6  20.8 999.0 99.0 99.00
2019 09 28 23 50 213  7.3  8.7  1.11  4.55  4.05 200 1018.5  21.8  20.8 999.0 99.0 99.00
2019 09 29 00 50 208  5.9  7.1  1.08  4.76  4.17 209 1018.5  21.6  20.8 999.0 99.0 99.00
2019 09 29 01 50 205  6.1  7.1  0.99  4.55  4.10 202 1018.5  21.6  20.8 999.0 99.0 99.00
2019 09 29 02 50 219  6.3  7.6  0.96  4.55  4.28 210 1018.8  21.7  20.9 999.0 99.0 99.00
2019 09 29 03 50 231  5.1  5.9  0.96  4.76  4.22 204 1018.9  21.6  21.0 999.0 99.0 99.00
2019 09 29 04 50 228  4.7  5.6  0.90  4.76  4.35 197 1018.6  21.5  21.1 999.0 99.0 99.00
2019 09 29 05 50 242  5.9  6.8  0.84  4.55  4.42 201 1018.6  21.4  21.1 999.0 99.0 99.00
2019 09 29 06 50 256  4.0  4.6  0.83  4.55  4.51 200 1018.6  21.3  21.1 999.0 99.0 99.00
2019 09 29 07 50 283  4.2  4.8  0.76  4.55  4.51 188 1018.7  21.5  21.1 999.0 99.0 99.00
2019 09 29 08 50 289  3.6  4.1  0.80  9.09  4.65 169 1018.9  21.4  21.1 999.0 99.0 99.00
2019 09 29 09 50 327  4.5  5.5  0.71  8.33  4.67 158 1019.5  21.3  21.0 999.0 99.0 99.00
2019 09 29 10 50 360  5.5  6.5  0.71  9.09  4.81 164 1020.7  21.2  21.0 999.0 99.0 99.00
2019 09 29 11 50  10  5.0  5.6  0.64  9.09  4.46 158 1021.2  21.5  21.0 999.0 99.0 99.00
2019 09 29 12 50  19  6.1  7.3  0.67  8.33  4.32 153 1021.8  21.5  21.0 999.0 99.0 99.00
2019 09 29 13 50  13  6.0  7.3  0.68  7.69  3.82 139 1023.0  21.5  21.0 999.0 99.0 99.00
2019 09 29 14 50  19  7.0  8.4  0.71  9.09  3.80 146 1023.1  21.8  21.0 999.0 99.0 99.00
2019 09 29 15 50  22  6.9  8.4  0.75  3.13  3.62  26 1023.5  21.6  21.0 999.0 99.0 99.00
2019 09 29 16 50  20  5.3  6.0  0.74  3.33  3.76  20 1023.5  21.7  21.1 999.0 99.0 99.00
2019 09 29 17 50  18  5.4  6.2  0.75  3.70  3.81  26 1023.5  21.8  21.1 999.0 99.0 99.00
2019 09 29 18 50  47  4.7  5.5  0.67  3.85  3.90  30 1023.5  21.8  21.2 999.0 99.0 99.00
2019 09 29 19 50  58  4.4  5.3  0.65  3.45  4.03  50 1023.4  21.9  21.2 999.0 99.0 99.00
2019 09 29 20 50  68  4.0  4.7  0.56 16.00  4.20 106 1023.5  22.0  21.2 999.0 99.0 99.00
2019 09 29 21 50 102  4.2  4.9  0.56  8.33  4.50 155 1023.6  21.3  21.3 999.0 99.0 99.00
2019 09 29 22 50 103  4.7  5.5  0.50  8.33  4.39 132 1023.6  21.2  21.3 999.0 99.0 99.00
2019 09 29 23 50 111  5.0  5.9  0.57 16.00  4.59 129 1024.2  20.9  21.1 999.0 99.0 99.00
2019 09 30 00 50 112  5.0  6.0  0.58 16.00  4.45 156 1024.8  20.5  21.1 999.0 99.0 99.00
2019 09 30 01 50  97  3.8  4.7  0.63 16.00  4.62 164 1025.1  20.3  21.0 999.0 99.0 99.00
2019 09 30 02 50 103  3.7  4.3  0.69 16.00  4.99 106 1025.0  20.1  21.0 999.0 99.0 99.00
2019 09 30 03 50  87  4.4  5.6  0.65 16.00  5.09  78 1025.2  20.0  21.0 999.0 99.0 99.00
2019 09 30 04 50  87  4.0  4.9  0.69 14.81  4.91 116 1025.4  20.0  21.0 999.0 99.0 99.00
2019 09 30 05 50  77  5.3  6.4  0.77 13.79  4.84 121 1025.5  20.0  20.9 999.0 99.0 99.00
2019 09 30 06 50  65  6.0  7.1  0.89 14.81  4.80 138 1025.6  19.9  20.9 999.0 99.0 99.00
2019 09 30 07 50  86  7.2  8.7  1.05 14.81  4.78  93 1025.1  19.5  20.9 999.0 99.0 99.00
2019 09 30 08 50  79  8.1  9.7  1.13 14.81  4.50 123 1025.3  19.6  20.9 999.0 99.0 99.00
2019 09 30 09 50  75  8.0  9.5  1.19 14.81  4.34 115 1025.6  19.0  20.8 999.0 99.0 99.00
2019 09 30 10 50  73  7.5  9.0  1.18 14.81  4.44 134 1025.8  18.7  20.8 999.0 99.0 99.00
2019 09 30 11 50  73  7.2  8.8  1.33 14.81  4.68 101 1026.4  18.8  20.8 999.0 99.0 99.00
2019 09 30 12 50  68  6.3  7.4  1.21 13.79  4.73 142 1026.6  18.5  20.7 999.0 99.0 99.00
2019 09 30 13 50  72  6.1  8.1  1.31 14.81  5.16 133 1026.9  18.5  20.7 999.0 99.0 99.00
2019 09 30 14 50  78  5.5  7.3  1.20 13.79  4.88 138 1026.6  18.6  20.7 999.0 99.0 99.00
2019 09 30 15 50  78  5.0  6.2  1.14 13.79  5.28 122 1026.8  18.5  20.8 999.0 99.0 99.00
2019 09 30 16 50  90  5.9  7.0  1.22 14.81  5.55 108 1026.5  18.6  20.9 999.0 99.0 99.00
2019 09 30 17 50  88  5.4  6.8  1.36 13.79  5.99 111 1026.2  18.5  20.9 999.0 99.0 99.00
2019 09 30 18 50  93  6.2  8.3  1.35 16.00  5.82 133 1025.6  18.4  20.9 999.0 99.0 99.00
2019 09 30 19 50  90  6.0  7.3  1.38 14.81  5.69 102 1025.3  18.3  20.9 999.0 99.0 99.00
2019 09 30 20 50 104  5.9  7.1  1.36 16.00  5.67 133 1024.8  18.1  20.9 999.0 99.0 99.00
2019 09 30 21 50 119  5.6  6.7  1.46 16.00  5.69 116 1024.3  18.0  20.8 999.0 99.0 99.00
2019 09 30 22 50 110  5.1  6.5  1.57 13.79  6.29 121 1024.2  17.9  20.8 999.0 99.0 99.00
