#YY  MM DD hh mm WDIR WSPD GST  WVHT   DPD   APD MWD   PRES  ATMP  WTMP  DEWP  VIS  TIDE
#yr  mo dy hr mn degT m/s  m/s     m   sec   sec deg    hPa  degC  degC  degC  nmi    ft
2019 10 31 23 50 191 14.4 17.5  3.32  7.69  6.13 151 1006.5  19.1  16.4 999.0 99.0 99.00
2019 11 01 00 50 187 14.4 18.1  3.37  6.67  6.08 187 1005.1  19.2  16.4 999.0 99.0 99.00
2019 11 01 01 50 186 16.0 18.8  3.31  6.67  6.04 177 1003.8  19.4  16.4 999.0 99.0 99.00
2019 11 01 02 50 187 16.1 20.2  3.43  7.69  6.26 173 1003.5  19.5  16.4 999.0 99.0 99.00
2019 11 01 03 50 188 15.4 18.3  3.91  7.69  6.59 168 1002.2  19.3  16.4 999.0 99.0 99.00
2019 11 01 04 50 195 16.8 20.9  3.95  7.69  6.61 189 1001.3  19.6  16.3 999.0 99.0 99.00
2019 11 01 05 50 201 17.3 21.9  4.55  8.33  7.19 162 1000.4  19.7  16.3 999.0 99.0 99.00
2019 11 01 06 50 278 17.9 23.1  4.49  9.09  7.29 153 1004.0  14.9  16.3 999.0 99.0 99.00
2019 11 01 07 50 275 13.7 17.5  4.13  9.09  6.85 168 1005.9  12.9  16.2 999.0 99.0 99.00
2019 11 01 08 50 281 14.6 17.9  4.15 10.00  6.88 148 1007.9  12.7  16.1 999.0 99.0 99.00
2019 11 01 09 50 271 14.7 17.7  4.02 10.00  6.67 158 1010.2  12.2  16.1 999.0 99.0 99.00
2019 11 01 10 50 289 15.2 18.5  3.89  9.09  6.76 165 1012.1  11.0  16.1 999.0 99.0 99.00
2019 11 01 11 50 279 13.5 16.1  3.86 10.00  6.74 162 1013.9  10.3  16.0 999.0 99.0 99.00
2019 11 01 12 50 284 13.7 18.0  3.79 10.81  6.64 159 1015.6  10.3  15.9 999.0 99.0 99.00
2019 11 01 13 50 290 14.9 17.8  3.26 10.00  6.38 156 1015.3  10.1  16.0 999.0 99.0 99.00
2019 11 01 14 50 286 12.9 17.9  3.11  6.25  6.13 284 1015.8  10.6  16.0 999.0 99.0 99.00
2019 11 01 15 50 293 13.1 17.1  2.84 10.81  6.07 160 1016.7  11.2  16.0 999.0 99.0 99.00
2019 11 01 16 50 292 12.7 15.7  2.63 10.00  5.90 154 1016.9  11.7  16.0 999.0 99.0 99.00
2019 11 01 17 50 290 11.3 15.3  2.67  5.56  5.84 295 1017.7  12.1  16.1 999.0 99.0 99.00
2019 11 01 18 50 281 10.8 13.2  2.40 10.81  5.70 146 1018.5  12.2  16.1 999.0 99.0 99.00
2019 11 01 19 50 286 10.4 12.8  2.13 10.00  5.50 160 1019.1  12.5  16.1 999.0 99.0 99.00
2019 11 01 20 50 286  9.9 12.6  1.98 10.00  5.60 167 1019.5  12.9  16.1 999.0 99.0 99.00
2019 11 01 21 50 284  9.7 12.3  2.01 10.00  5.59 162 1020.1  12.9  16.1 999.0 99.0 99.00
2019 11 01 22 50 297  8.3 10.6  1.90 10.00  5.69 159 1021.4  13.1  16.0 999.0 99.0 99.00
2019 11 01 23 50 297  7.4  9.1  1.82 10.00  5.69 162 1022.1  13.1  16.0 999.0 99.0 99.00
2019 11 02 00 50 331  7.6  9.5  1.69 13.79  5.75 120 1022.6  12.6  15.9 999.0 99.0 99.00
2019 11 02 01 50 338  8.1 11.0  1.68 13.79  5.76 108 1022.9  11.7  15.9 999.0 99.0 99.00
2019 11 02 02 50 344  8.1  9.6  1.54  9.09  5.56 166 1022.9  11.3  15.9 999.0 99.0 99.00
2019 11 02 03 50 348  7.5  9.3  1.53  8.33  5.33 176 1023.0  10.6  15.8 999.0 99.0 99.00
2019 11 02 04 50 356  6.6  8.4  1.56  8.33  5.22 172 1023.4  10.2  15.8 999.0 99.0 99.00
2019 11 02 05 50  12  6.3  8.1  1.36 13.79  5.25 119 1023.4   9.7  15.8 999.0 99.0 99.00
2019 11 02 06 50  17  5.5  7.7  1.37 13.79  5.51 109 1023.7   9.1  15.8 999.0 99.0 99.00
2019 11 02 07 50  11  5.2  7.3  1.29  9.09  5.69 158 1023.8   8.8  15.7 999.0 99.0 99.00
2019 11 02 08 50  11  5.0  6.5  1.20 13.79  5.52 122 1024.0   8.5  15.7 999.0 99.0 99.00
2019 11 02 09 50  29  4.7  6.4  1.19 12.90  5.72 102 1024.3   8.5  15.7 999.0 99.0 99.00
2019 11 02 10 50  55  4.7  6.2  1.17  9.09  6.23 153 1024.0   8.6  15.7 999.0 99.0 99.00
2019 11 02 11 50  51  4.9  6.5  1.21  9.09  6.25 148 1023.8   8.9  15.7 999.0 99.0 99.00
2019 11 02 12 50  32  3.4  4.7  1.11  8.33  6.39 160 1023.9   9.3  15.7 999.0 99.0 99.00
2019 11 02 13 50  33  3.4  4.9  1.13  9.09  6.75 159 1023.6   9.3  15.6 999.0 99.0 99.00
2019 11 02 14 50  35  2.3  4.0  1.07 13.79  6.97 127 1023.5   9.5  15.7 999.0 99.0 99.00
2019 11 02 15 50  36  1.2  2.5  0.98 13.79  6.97 112 1022.8   9.9  15.7 999.0 99.0 99.00
2019 11 02 16 50  39  2.4  4.3  1.00  8.33  7.02 160 1021.4  10.0  15.9 999.0 99.0 99.00
2019 11 02 17 50  61  2.5  3.8  0.98 13.79  7.54 101 1020.6  10.2  16.0 999.0 99.0 99.00
2019 11 02 18 50  90  2.2  3.3  0.94  8.33  7.51 142 1019.7  10.4  16.0 999.0 99.0 99.00
2019 11 02 19 50  95  1.8  2.7  0.85  7.69  6.86 154 1019.1  10.8  16.1 999.0 99.0 99.00
2019 11 02 20 50  59  2.9  4.2  0.94  8.33  7.39 141 1018.6  10.6  16.1 999.0 99.0 99.00
2019 11 02 21 50  83  2.1  3.1  0.92  7.69  7.40 152 1018.3  10.7  15.9 999.0 99.0 99.00
2019 11 02 22 50  62  2.8  4.0  0.91  7.69  7.34 140 1018.1  10.8  15.9 999.0 99.0 99.00
2019 11 02 23 50  84  2.7  4.3  0.84  7.14  7.12 140 1017.7  11.0  15.8 999.0 99.0 99.00
2019 11 03 00 50  61  2.9  3.8  0.91  7.69  7.34 137 1017.2  11.3  15.8 999.0 99.0 99.00
2019 11 03 01 50  44  1.2  1.8  0.87 12.90  7.38 102 1017.3  11.5  15.8 999.0 99.0 99.00
2019 11 03 02 50 305  0.7  1.3  0.80 12.90  6.87  80 1017.1  11.6  15.8 999.0 99.0 99.00
2019 11 03 03 50 296  2.3  3.6  0.75  7.69  6.70 140 1016.7  11.7  15.7 999.0 99.0 99.00
2019 11 03 04 50 305 10.5 13.5  0.87 12.90  4.95 130 1016.2  11.9  15.7 999.0 99.0 99.00
2019 11 03 05 50 305 10.5 12.5  1.07 12.90  4.06 108 1016.2  11.5  15.7 999.0 99.0 99.00
2019 11 03 06 50 315 10.1 12.4  1.44  4.76  4.42 283 1016.2  11.2  15.7 999.0 99.0 99.00
2019 11 03 07 50 309 10.0 12.0  1.39  5.00  4.42 283 1016.4  11.5  15.7 999.0 99.0 99.00
2019 11 03 08 50 306  9.8 12.4  1.29  5.00  4.40 283 1016.8  11.4  15.7 999.0 99.0 99.00
2019 11 03 09 50 303 10.1 12.0  1.24  5.00  4.33 296 1016.9  11.4  15.6 999.0 99.0 99.00
2019 11 03 10 50 311  8.4 10.2  1.22  4.76  4.26 287 1017.3  11.1  15.6 999.0 99.0 99.00
2019 11 03 11 50 313  7.7  9.6  1.14  4.76  4.27 296 1017.6  10.8  15.6 999.0 99.0 99.00
2019 11 03 12 50 306  7.1  8.8  1.11  5.00  4.34 283 1018.9  10.6  15.6 999.0 99.0 99.00
2019 11 03 13 50 301  8.0  9.9  1.01  4.76  4.21 285 1019.3  11.2  15.6 999.0 99.0 99.00
2019 11 03 14 50 297  9.7 12.5  1.10  4.76  4.23 288 1019.7  10.3  15.6 999.0 99.0 99.00
2019 11 03 15 50 296  7.8  9.9  1.10  4.76  4.16 285 1019.6  10.1  15.6 999.0 99.0 99.00
2019 11 03 16 50 284  6.9  9.1  1.06  4.55  4.11 287 1019.3  10.1  15.7 999.0 99.0 99.00
2019 11 03 17 50 287  7.6 10.0  0.98  4.35  3.95 292 1019.1  10.1  15.7 999.0 99.0 99.00
2019 11 03 18 50 285  6.9  9.8  0.94  4.35  4.07 291 1019.2  10.3  15.7 999.0 99.0 99.00
2019 11 03 19 50 299  7.7  9.9  0.88  4.35  3.80 283 1019.2  11.2  15.7 999.0 99.0 99.00
2019 11 03 20 50 293  7.5 10.2  0.89  4.17  3.84 285 1019.7  11.7  15.7 999.0 99.0 99.00
2019 11 03 21 50 291  7.2  9.5  0.86  4.35  3.80 288 1020.4  11.9  15.7 999.0 99.0 99.00
2019 11 03 22 50 285  7.9 10.3  0.92  4.17  3.73 285 1021.2  12.2  15.6 999.0 99.0 99.00
2019 11 03 23 50 298  8.0  9.7  0.89  4.35  3.82 284 1021.8  12.3  15.6 999.0 99.0 99.00
2019 11 04 00 50 294  8.5 11.0  0.97  4.35  3.81 274 1022.2  12.2  15.6 999.0 99.0 99.00
2019 11 04 01 50 299  7.5  9.4  0.96  4.55  3.87 285 1023.0  12.0  15.5 999.0 99.0 99.00
2019 11 04 02 50 312  6.9  8.9  0.98  4.35  3.92 282 1023.7  11.7  15.5 999.0 99.0 99.00
2019 11 04 03 50 324  8.0 10.3  0.89  4.55  3.93 287 1024.0  11.4  15.5 999.0 99.0 99.00
2019 11 04 04 50 325  7.0  9.0  0.88  4.35  3.95 290 1024.6  11.1  15.5 999.0 99.0 99.00
2019 11 04 05 50 328  6.8  9.3  0.83  4.55  3.79 272 1025.2  10.7  15.5 999.0 99.0 99.00
2019 11 04 06 50 327  7.8 10.0  0.94  4.17  3.67 286 1025.9  10.4  15.5 999.0 99.0 99.00
2019 11 04 07 50 332  6.2  7.8  0.87  4.17  3.69 287 1026.3  10.5  15.5 999.0 99.0 99.00
2019 11 04 08 50 349  5.3  6.9  0.75  3.70  3.70 300 1026.6  10.3  15.5 999.0 99.0 99.00
2019 11 04 09 50 355  4.2  6.1  0.65  3.85  3.66 285 1027.2  10.2  15.5 999.0 99.0 99.00
2019 11 04 10 50   6  3.6  5.5  0.57 12.12  3.67 179 1027.5  10.2  15.4 999.0 99.0 99.00
2019 11 04 11 50  11  2.9  4.4  0.50 11.43  3.76 124 1027.8  10.3  15.3 999.0 99.0 99.00
2019 11 04 12 50  25  1.6  2.6  0.44 10.81  3.78 111 1028.6  10.8  15.4 999.0 99.0 99.00
2019 11 04 13 50  54  1.4  2.9  0.40 12.12  3.96 123 1029.0  11.0  15.4 999.0 99.0 99.00
2019 11 04 14 50 150  1.7  2.7  0.39 11.43  4.88 116 1029.1  11.2  15.4 999.0 99.0 99.00
2019 11 04 15 50 169  2.6  4.0  0.37 10.81  5.22 104 1029.2  11.4  15.6 999.0 99.0 99.00
2019 11 04 16 50 182  3.0  4.1  0.37 12.12  5.31  93 1028.7  11.5  15.7 999.0 99.0 99.00
2019 11 04 17 50 188  4.8  6.6  0.37 12.12  5.97 181 1028.2  11.7  15.8 999.0 99.0 99.00
2019 11 04 18 50 188  4.9  6.7  0.34 11.43  5.32 162 1027.6  12.0  15.8 999.0 99.0 99.00
2019 11 04 19 50 176  6.0  7.7  0.42 12.12  3.79 191 1027.5  12.2  15.8 999.0 99.0 99.00
2019 11 04 20 50 186  6.0  8.1  0.47  2.60  3.34 185 1027.3  12.4  15.7 999.0 99.0 99.00
2019 11 04 21 50 187  6.5  7.8  0.57  2.94  3.47 173 1027.2  12.6  15.6 999.0 99.0 99.00
2019 11 04 22 50 175  7.0  8.9  0.63  3.23  3.32 180 1027.1  13.0  15.6 999.0 99.0 99.00
2019 11 04 23 50 182  8.3 10.1  0.69  3.45  3.38 175 1026.9  13.5  15.5 999.0 99.0 99.00
2019 11 05 00 50 182  7.6  9.3  0.83  3.57  3.57 184 1026.5  13.9  15.5 999.0 99.0 99.00
2019 11 05 01 50 190  7.9  9.9  0.94  3.70  3.67 182 1026.2  14.5  15.5 999.0 99.0 99.00
2019 11 05 02 50 197  8.0  9.6  0.98  4.17  3.83 184 1026.0  15.0  15.5 999.0 99.0 99.00
2019 11 05 03 50 204  6.8  8.0  1.03  4.17  3.89 192 1025.7  15.2  15.5 999.0 99.0 99.00
2019 11 05 04 50 225  6.2  7.4  0.99  4.35  3.95 188 1025.6  15.4  15.5 999.0 99.0 99.00
2019 11 05 05 50 228  6.4  7.6  0.95  4.55  3.95 199 1025.5  15.3  15.5 999.0 99.0 99.00
2019 11 05 06 50 229  6.0  7.0  0.93  4.55  4.07 174 1025.2  15.5  15.5 999.0 99.0 99.00
2019 11 05 07 50 224  5.4  7.0  1.00  4.55  4.15 179 1024.7  15.7  15.5 999.0 99.0 99.00
2019 11 05 08 50 236  4.5  5.2  0.94  5.00  4.26 171 1024.4  15.7  15.5 999.0 99.0 99.00
2019 11 05 09 50 223  3.5  4.1  0.96  4.55  4.28 186 1024.6  15.8  15.5 999.0 99.0 99.00
2019 11 05 10 50 215  2.8  3.5  1.00  5.00  4.45 155 1024.5  15.9  15.5 999.0 99.0 99.00
2019 11 05 11 50 159  2.2  3.0  1.00  5.26  4.55 154 1024.3  15.7  15.4 999.0 99.0 99.00
2019 11 05 12 50 142  4.2  5.1  0.96  5.00  4.56 179 1023.7  15.8  15.4 999.0 99.0 99.00
2019 11 05 13 50 145  5.8  6.9  0.99  5.00  4.58 172 1023.3  15.4  15.4 999.0 99.0 99.00
2019 11 05 14 50 137  7.9  9.4  0.90  5.00  4.25 166 1022.2  15.4  15.4 999.0 99.0 99.00
2019 11 05 15 50 179 10.2 13.6  0.92  5.00  3.99 172 1021.6  16.3  15.5 999.0 99.0 99.00
2019 11 05 16 50 218 10.1 12.7  1.16  5.26  3.91 183 1021.0  15.6  15.6 999.0 99.0 99.00
2019 11 05 17 50 227  8.3 10.4  1.22  4.76  4.18 185 1020.2  15.5  15.6 999.0 99.0 99.00
2019 11 05 18 50 214  8.7 10.7  1.26  5.00  4.08 190 1019.3  15.6  15.6 999.0 99.0 99.00
2019 11 05 19 50 246  7.4  8.7  1.19  5.00  4.26 199 1019.5  15.5  15.6 999.0 99.0 99.00
2019 11 05 20 50 239  6.9  8.2  1.26  5.26  4.38 200 1019.5  15.6  15.6 999.0 99.0 99.00
2019 11 05 21 50 252  6.8  7.8  1.26  5.26  4.47 197 1019.7  15.7  15.6 999.0 99.0 99.00
2019 11 05 22 50 258  6.2  7.3  1.09  5.26  4.43 185 1020.2  15.7  15.6 999.0 99.0 99.00
2019 11 05 23 50 266  7.3  8.8  1.06  5.56  4.49 185 1020.4  15.8  15.5 999.0 99.0 99.00
2019 11 06 00 50 261  6.9  8.0  1.03  5.56  4.39 167 1020.5  15.7  15.5 999.0 99.0 99.00
2019 11 06 01 50 268  7.3  8.6  1.04  5.88  4.34 168 1021.2  15.7  15.4 999.0 99.0 99.00
2019 11 06 02 50 277  8.0  9.6  1.10  5.00  4.25 174 1021.8  15.4  15.4 999.0 99.0 99.00
2019 11 06 03 50 288  8.2  9.7  1.16  5.88  4.40 169 1021.6  14.9  15.4 999.0 99.0 99.00
2019 11 06 04 50 295  9.4 11.1  1.12  5.88  4.36 175 1022.0  14.4  15.4 999.0 99.0 99.00
2019 11 06 05 50 297  8.7 10.5  1.24  4.00  4.39 277 1022.4  13.9  15.4 999.0 99.0 99.00
2019 11 06 06 50 328  8.5 10.3  1.26  4.35  4.38 276 1023.0  13.6  15.4 999.0 99.0 99.00
2019 11 06 07 50 326 10.5 12.2  1.19  4.35  4.16 293 1023.5  12.3  15.4 999.0 99.0 99.00
2019 11 06 08 50 333 10.5 13.4  1.23  4.55  4.09 299 1024.3  11.8  15.3 999.0 99.0 99.00
2019 11 06 09 50 330  9.2 11.4  1.31  4.76  4.15 307 1025.4  11.1  15.3 999.0 99.0 99.00
2019 11 06 10 50 323  8.5 10.6  1.04  4.35  4.00 321 1026.5  10.9  15.3 999.0 99.0 99.00
2019 11 06 11 50 328  7.6 10.1  0.95  4.00  3.91 319 1027.7  10.6  15.3 999.0 99.0 99.00
2019 11 06 12 50 331  5.9  8.0  0.84  4.00  3.82 307 1028.6  10.7  15.3 999.0 99.0 99.00
2019 11 06 13 50 327  5.4  7.4  0.79  9.09  4.07 125 1029.1  10.5  15.3 999.0 99.0 99.00
2019 11 06 14 50 291  6.0  8.6  0.74  9.09  4.16 110 1029.4  10.8  15.2 999.0 99.0 99.00
2019 11 06 15 50 296  6.0  7.9  0.73  8.33  4.05 140 1029.5  10.8  15.3 999.0 99.0 99.00
2019 11 06 16 50 294  6.1  7.7  0.74  9.09  4.18 130 1029.0  10.8  15.3 999.0 99.0 99.00
2019 11 06 17 50 288  8.1  9.8  0.77  8.33  4.12 107 1027.9  10.9  15.4 999.0 99.0 99.00
2019 11 06 18 50 294  6.6  8.6  0.82  9.09  3.89 135 1028.0  10.9  15.4 999.0 99.0 99.00
2019 11 06 19 50 287  6.9  8.4  0.82  9.09  3.90 116 1027.7  11.4  15.3 999.0 99.0 99.00
2019 11 06 20 50 279  5.4  6.9  0.78  9.09  3.92 113 1027.7  11.9  15.3 999.0 99.0 99.00
2019 11 06 21 50 274  5.3  6.9  0.66  9.09  3.72 109 1027.8  12.0  15.3 999.0 99.0 99.00
2019 11 06 22 50 272  4.8  6.6  0.63  9.09  3.95 124 1028.6  12.4  15.2 999.0 99.0 99.00
2019 11 06 23 50 261  4.3  5.5  0.58  9.09  4.08 125 1029.1  12.5  15.2 999.0 99.0 99.00
2019 11 07 00 50 233  3.7  5.1  0.52  9.09  4.06 116 1029.0  12.8  15.2 999.0 99.0 99.00
2019 11 07 01 50 251  5.2  7.0  0.58  9.09  4.23 124 1028.8  13.1  15.2 999.0 99.0 99.00
2019 11 07 02 50 260  5.2  6.7  0.60  9.09  3.87 147 1028.5  13.1  15.2 999.0 99.0 99.00
2019 11 07 03 50 265  6.3  7.5  0.67  9.09  4.33 128 1028.2  13.1  15.2 999.0 99.0 99.00
2019 11 07 04 50 260  5.0  6.3  0.69  8.33  4.11 114 1027.8  13.0  15.2 999.0 99.0 99.00
2019 11 07 05 50 253  5.5  6.4  0.69  8.33  4.18 118 1027.6  13.1  15.2 999.0 99.0 99.00
2019 11 07 06 50 249  5.3  6.4  0.73  8.33  4.22 114 1027.3  13.0  15.2 999.0 99.0 99.00
2019 11 07 07 50 238  4.7  5.8  0.62  8.33  3.98  86 1026.6  13.2  15.1 999.0 99.0 99.00
2019 11 07 08 50 219  5.7  6.7  0.66  9.09  4.26 105 1025.6  13.3  15.1 999.0 99.0 99.00
2019 11 07 09 50 229  5.6  6.9  0.72  9.09  4.27 114 1025.7  13.5  15.1 999.0 99.0 99.00
2019 11 07 10 50 214  6.1  7.6  0.68  8.33  3.72 105 1024.9  13.6  15.2 999.0 99.0 99.00
2019 11 07 11 50 210  8.1  9.6  0.73  8.33  3.85 131 1024.2  13.9  15.2 999.0 99.0 99.00
2019 11 07 12 50 205  9.6 11.5  0.91  9.09  3.87 119 1023.4  14.0  15.2 999.0 99.0 99.00
2019 11 07 13 50 200 10.4 12.4  0.99  8.33  3.95 116 1022.3  14.1  15.2 999.0 99.0 99.00
2019 11 07 14 50 215 10.2 12.2  1.25  4.35  4.02 220 1022.5  14.3  15.2 999.0 99.0 99.00
2019 11 07 15 50 224  9.5 11.5  1.29  4.55  4.15 216 1021.9  14.5  15.2 999.0 99.0 99.00
2019 11 07 16 50 219  9.7 11.4  1.37  5.00  4.34 218 1019.8  14.5  15.2 999.0 99.0 99.00
2019 11 07 17 50 220 10.9 12.7  1.56  5.26  4.56 218 1018.6  14.9  15.3 999.0 99.0 99.00
2019 11 07 18 50 236  9.5 11.5  1.65  5.26  4.52 218 1017.5  15.0  15.3 999.0 99.0 99.00
2019 11 07 19 50 235  9.1 10.8  1.83  5.56  4.81 229 1016.4  14.8  15.3 999.0 99.0 99.00
2019 11 07 20 50 232  8.9 10.5  1.62  6.25  4.73 229 1015.6  14.9  15.2 999.0 99.0 99.00
2019 11 07 21 50 231  9.1 11.0  1.60  5.88  4.64 219 1014.8  15.0  15.2 999.0 99.0 99.00
2019 11 07 22 50 239  8.3 10.1  1.44  5.26  4.55 222 1015.2  15.1  15.2 999.0 99.0 99.00
2019 11 07 23 50 257  9.9 11.7  1.43  5.56  4.45 221 1015.5  14.8  15.2 999.0 99.0 99.00
2019 11 08 00 50 271  9.7 13.6  1.32  5.56  4.35 196 1015.5  13.6  15.1 999.0 99.0 99.00
2019 11 08 01 50 301  9.1 11.4  1.37  5.56  4.44 185 1015.1  11.6  14.3 999.0 99.0 99.00
2019 11 08 02 50 307  7.0  8.2  1.36  5.56  4.41 198 1014.9  11.2  14.3 999.0 99.0 99.00
2019 11 08 03 50 338 10.2 11.9  1.29  5.56  4.50 195 1014.4  10.3  14.3 999.0 99.0 99.00
2019 11 08 04 50 349 12.0 14.5  1.17  5.56  4.07 185 1014.2   8.2  14.4 999.0 99.0 99.00
2019 11 08 05 50 350 11.4 14.3  1.35  4.17  4.07 331 1014.6   7.5  14.7 999.0 99.0 99.00
2019 11 08 06 50 339 11.4 13.6  1.50  5.00  4.36 345 1015.3   7.1  14.8 999.0 99.0 99.00
2019 11 08 07 50 332 12.1 14.4  1.69  5.00  4.41 352 1015.6   6.7  14.9 999.0 99.0 99.00
2019 11 08 08 50 322 14.1 16.8  1.80  5.26  4.56 351 1015.5   6.2  14.9 999.0 99.0 99.00
2019 11 08 09 50 332 10.5 13.6  1.91  5.26  4.69 326 1016.4   5.4  14.9 999.0 99.0 99.00
2019 11 08 10 50 351 10.2 14.2  1.59  5.26  4.43 311 1017.2   4.9  14.8 999.0 99.0 99.00
2019 11 08 11 50 338 10.6 13.2  1.47  4.76  4.23 325 1018.2   4.4  14.8 999.0 99.0 99.00
2019 11 08 12 50 332 10.4 13.9  1.39  4.55  4.11 336 1019.2   4.0  14.8 999.0 99.0 99.00
2019 11 08 13 50 320 10.8 14.0  1.38  4.76  4.02 327 1019.5   4.1  14.8 999.0 99.0 99.00
2019 11 08 14 50 326 12.0 16.6  1.58  4.76  4.29 327 1019.7   4.0  14.8 999.0 99.0 99.00
2019 11 08 15 50 318 11.1 14.6  1.45  5.56  4.26 297 1020.2   4.1  14.8 999.0 99.0 99.00
2019 11 08 16 50 312 11.1 15.5  1.29  5.26  4.08 296 1019.6   4.7  14.8 999.0 99.0 99.00
2019 11 08 17 50 320 11.1 14.1  1.52  5.26  4.42 303 1019.1   4.8  14.8 999.0 99.0 99.00
2019 11 08 18 50 317 12.0 15.1  1.55  5.00  4.42 304 1019.4   4.8  14.8 999.0 99.0 99.00
2019 11 08 19 50 334 10.8 15.1  1.74  5.26  4.59 300 1020.0   4.8  14.8 999.0 99.0 99.00
2019 11 08 20 50 321 10.7 13.4  1.58  5.56  4.38 295 1020.7   4.7  14.8 999.0 99.0 99.00
2019 11 08 21 50 318 11.0 14.1  1.50  5.56  4.41 300 1021.4   4.8  14.8 999.0 99.0 99.00
2019 11 08 22 50 325 11.1 13.4  1.45  5.26  4.17 309 1022.5   4.3  14.7 999.0 99.0 99.00
2019 11 08 23 50 323 10.4 13.3  1.33  4.55  4.08 328 1023.5   4.0  14.7 999.0 99.0 99.00
2019 11 09 00 50 330 10.8 14.2  1.41  5.00  4.10 315 1024.3   3.7  14.7 999.0 99.0 99.00
2019 11 09 01 50 338  9.1 12.8  1.34  4.76  4.07 315 1025.4   3.2  14.6 999.0 99.0 99.00
2019 11 09 02 50 355  8.1 12.0  1.26  5.26  3.95 295 1026.0   2.7  14.6 999.0 99.0 99.00
2019 11 09 03 50 351  8.1 10.9  1.08  4.76  3.90 303 1026.5   2.6  14.6 999.0 99.0 99.00
2019 11 09 04 50 351  7.9 10.8  1.07  4.17  3.83 354 1026.7   2.3  14.5 999.0 99.0 99.00
2019 11 09 05 50 356  7.0  9.4  1.00  4.17  3.80 353 1026.7   1.7  14.5 999.0 99.0 99.00
2019 11 09 06 50 347  6.3  8.6  0.97  4.55  3.84 334 1026.9   1.6  14.5 999.0 99.0 99.00
2019 11 09 07 50 347  6.5  9.8  0.86  4.17  3.79   4 1026.7   1.5  14.5 999.0 99.0 99.00
2019 11 09 08 50 357  4.3  7.1  0.85  4.17  3.76 346 1026.6   1.6  14.5 999.0 99.0 99.00
2019 11 09 09 50  22  5.0  8.2  0.77  4.00  3.67 341 1026.8   1.6  14.5 999.0 99.0 99.00
2019 11 09 10 50   9  4.6  7.1  0.72  3.57  3.57 356 1027.4   1.6  14.5 999.0 99.0 99.00
2019 11 09 11 50  27  2.5  4.6  0.62  4.00  3.50  41 1028.3   1.9  14.4 999.0 99.0 99.00
2019 11 09 12 50   7  3.1  5.0  0.60  3.45  3.69 357 1028.4   2.3  14.4 999.0 99.0 99.00
2019 11 09 13 50  29  3.0  4.4  0.54  3.57  3.60  22 1028.2   2.6  14.4 999.0 99.0 99.00
2019 11 09 14 50  84  2.0  3.4  0.49  3.45  3.61  40 1027.9   3.3  14.4 999.0 99.0 99.00
2019 11 09 15 50 271  1.4  2.3  0.42  9.09  3.68 133 1027.6   3.3  14.5 999.0 99.0 99.00
2019 11 09 16 50 166  0.8  2.8  0.41  9.09  4.04 113 1026.8   3.8  14.6 999.0 99.0 99.00
2019 11 09 17 50 243  2.3  5.0  0.41  9.09  4.23 156 1026.2   4.0  14.6 999.0 99.0 99.00
2019 11 09 18 50 199  2.6  4.6  0.42  7.69  4.11  63 1025.3   4.2  14.7 999.0 99.0 99.00
2019 11 09 19 50 190  2.5  4.2  0.38 12.12  4.30 146 1024.6   4.9  14.6 999.0 99.0 99.00
2019 11 09 20 50 229  2.6  4.9  0.35 10.00  4.50 217 1024.4   5.1  14.6 999.0 99.0 99.00
2019 11 09 21 50 202  4.9  7.2  0.38  8.33  4.83 126 1023.7   5.6  14.6 999.0 99.0 99.00
2019 11 09 22 50 205  5.1  7.3  0.38  9.09  3.95 103 1023.6   6.3  14.6 999.0 99.0 99.00
2019 11 09 23 50 216  5.8  7.6  0.47 10.00  3.42 132 1023.4   6.6  14.5 999.0 99.0 99.00
2019 11 10 00 50 199  5.7  7.7  0.43 10.00  3.60 124 1023.1   7.2  14.5 999.0 99.0 99.00
2019 11 10 01 50 224  5.5  7.5  0.54  3.03  3.44 192 1022.9   7.6  14.4 999.0 99.0 99.00
2019 11 10 02 50 237  6.8  9.8  0.59  3.03  3.40 211 1022.4   8.5  14.4 999.0 99.0 99.00
2019 11 10 03 50 263  7.3  9.6  0.71  3.45  3.39 226 1022.3   7.7  14.4 999.0 99.0 99.00
2019 11 10 04 50 260  6.0 10.0  0.78  3.85  3.47 240 1021.9   7.7  14.4 999.0 99.0 99.00
2019 11 10 05 50 253  6.4  8.4  0.84  4.00  3.72 248 1021.6   7.8  14.4 999.0 99.0 99.00
2019 11 10 06 50 245  6.6  8.7  0.90  4.17  3.73 260 1021.2   8.0  14.4 999.0 99.0 99.00
2019 11 10 07 50 254  7.2  9.7  0.84  4.17  3.62 250 1020.4   8.3  14.4 999.0 99.0 99.00
2019 11 10 08 50 253  5.7  7.0  0.80  4.17  3.67 250 1020.0   8.1  14.4 999.0 99.0 99.00
2019 11 10 09 50 256  5.6  7.0  0.73  4.00  3.68 242 1020.0   8.2  14.4 999.0 99.0 99.00
2019 11 10 10 50 257  5.0  6.9  0.63  3.70  3.60 239 1020.2   8.2  14.4 999.0 99.0 99.00
2019 11 10 11 50 237  5.2  7.0  0.63  3.85  3.64 233 1020.3   8.6  14.4 999.0 99.0 99.00
2019 11 10 12 50 238  5.3  7.4  0.62  3.70  3.53 236 1020.6   9.0  14.3 999.0 99.0 99.00
2019 11 10 13 50 233  5.9  7.5  0.66  3.70  3.73 223 1020.2   9.3  13.9 999.0 99.0 99.00
2019 11 10 14 50 231  6.8  8.6  0.68  3.70  3.64 230 1019.7   9.9  13.9 999.0 99.0 99.00
2019 11 10 15 50 234  8.3 10.2  0.79  3.85  3.73 227 1019.2  10.7  13.9 999.0 99.0 99.00
2019 11 10 16 50 234  7.6  9.3  0.95  4.17  3.81 218 1018.0  10.7  14.0 999.0 99.0 99.00
2019 11 10 17 50 227  8.3 10.0  1.02  4.17  3.99 225 1017.1  11.1  14.1 999.0 99.0 99.00
2019 11 10 18 50 231  8.4 10.6  1.18  4.35  4.02 227 1016.5  11.8  14.2 999.0 99.0 99.00
2019 11 10 19 50 233  9.6 11.3  1.29  5.00  4.18 228 1016.2  12.0  14.3 999.0 99.0 99.00
2019 11 10 20 50 233  9.4 10.9  1.44  5.26  4.28 226 1016.2  12.3  14.4 999.0 99.0 99.00
2019 11 10 21 50 242  8.4  9.6  1.31  5.00  4.32 232 1016.5  12.5  14.4 999.0 99.0 99.00
2019 11 10 22 50 242  8.7 10.7  1.30  5.26  4.36 222 1016.6  12.8  14.4 999.0 99.0 99.00
2019 11 10 23 50 262  7.8  9.1  1.31  5.56  4.29 221 1016.8  12.9  14.4 999.0 99.0 99.00
2019 11 11 00 50 265  5.6  6.7  1.15  5.56  4.40 216 1017.7  12.9  14.3 999.0 99.0 99.00
2019 11 11 01 50 257  5.7  6.9  1.06  5.56  4.46 212 1018.1  13.1  14.0 999.0 99.0 99.00
2019 11 11 02 50 253  5.9  6.7  1.10  5.56  4.58 209 1018.5  13.3  14.0 999.0 99.0 99.00
2019 11 11 03 50 252  5.6  7.1  1.03  5.88  4.59 197 1018.4  13.3  14.0 999.0 99.0 99.00
2019 11 11 04 50 267  6.6  8.3  1.03  5.26  4.48 200 1019.0  13.2  14.0 999.0 99.0 99.00
2019 11 11 05 50 251  4.2  5.0  0.98  5.26  4.55 206 1019.1  13.1  14.0 999.0 99.0 99.00
2019 11 11 06 50 221  2.2  2.8  0.95  5.56  4.64 204 1018.8  13.1  14.0 999.0 99.0 99.00
2019 11 11 07 50 200  3.4  4.0  0.97  5.56  4.72 198 1018.5  13.3  14.0 999.0 99.0 99.00
2019 11 11 08 50 198  4.5  5.0  0.92  5.56  4.79 194 1018.3  13.9  14.0 999.0 99.0 99.00
2019 11 11 09 50 190  5.5  6.3  0.91  5.26  4.63 209 1018.2  14.3  14.0 999.0 99.0 99.00
2019 11 11 10 50 199  7.2  8.8  0.90  5.00  4.39 210 1018.6  14.5  14.0 999.0 99.0 99.00
2019 11 11 11 50 196  6.9  8.3  0.92  5.00  4.23 210 1018.7  14.8  14.1 999.0 99.0 99.00
2019 11 11 12 50 199  7.2  8.5  0.96 16.00  4.07 148 1019.1  15.1  14.1 999.0 99.0 99.00
2019 11 11 13 50 204  7.7  9.3  1.04 16.00  4.20 136 1019.0  15.3  14.2 999.0 99.0 99.00
2019 11 11 14 50 212  6.3  7.4  1.01  4.55  4.07 205 1019.1  15.2  14.3 999.0 99.0 99.00
2019 11 11 15 50 202  5.9  7.1  0.97  4.55  4.12 205 1018.7  15.2  14.4 999.0 99.0 99.00
2019 11 11 16 50 206  5.9  6.8  0.94  4.76  4.23 203 1017.9  15.2  14.5 999.0 99.0 99.00
2019 11 11 17 50 241  3.3  4.0  0.94  5.00  4.27 201 1017.3  14.3  14.6 999.0 99.0 99.00
2019 11 11 18 50 221  4.5  5.1  1.00  5.26  4.51 194 1017.0  14.6  14.7 999.0 99.0 99.00
2019 11 11 19 50 206  4.9  5.6  0.91  5.00  4.47 190 1016.4  14.5  14.5 999.0 99.0 99.00
2019 11 11 20 50 201  5.7  7.0  0.99  5.00  4.70 190 1015.9  14.6  14.4 999.0 99.0 99.00
2019 11 11 21 50 199  5.5  6.5  0.87  5.00  4.55 189 1015.4  14.6  14.3 999.0 99.0 99.00
2019 11 11 22 50 194  6.6  7.6  1.01  5.26  4.56 185 1015.0  14.7  14.2 999.0 99.0 99.00
2019 11 11 23 50 189  8.1  9.7  1.14  5.00  4.60 194 1013.9  14.8  14.1 999.0 99.0 99.00
2019 11 12 00 50 184  9.4 11.2  1.22  5.00  4.44 194 1012.6  15.1  14.1 999.0 99.0 99.00
2019 11 12 01 50 189 10.0 12.5  1.37  5.00  4.34 197 1011.9  15.5  14.1 999.0 99.0 99.00
2019 11 12 02 50 203  9.2 12.2  1.65  5.26  4.64 184 1011.8  15.6  14.1 999.0 99.0 99.00
2019 11 12 03 50 217  9.8 11.4  1.57  5.88  4.70 184 1011.3  15.4  14.2 999.0 99.0 99.00
2019 11 12 04 50 213  9.7 11.7  1.68  5.88  4.71 199 1010.4  15.5  14.2 999.0 99.0 99.00
2019 11 12 05 50 213  9.9 11.4  1.73  6.25  4.78 201 1009.3  15.6  14.3 999.0 99.0 99.00
2019 11 12 06 50 210  9.8 12.1  1.90  6.25  4.96 202 1008.3  15.5  14.4 999.0 99.0 99.00
2019 11 12 07 50 212 10.3 12.7  2.05  6.67  5.23 202 1007.3  15.7  14.5 999.0 99.0 99.00
2019 11 12 08 50 215 10.6 12.8  2.21  7.14  5.34 215 1006.2  15.7  14.6 999.0 99.0 99.00
2019 11 12 09 50 220 10.2 11.9  2.35  6.25  5.46 201 1005.9  15.5  14.6 999.0 99.0 99.00
2019 11 12 10 50 232 12.2 14.9  2.53  7.14  5.74 199 1005.9  15.5  14.2 999.0 99.0 99.00
2019 11 12 11 50 238 10.9 13.0  2.49  7.69  5.82 182 1006.2  15.0  14.1 999.0 99.0 99.00
2019 11 12 12 50 243  9.4 12.1  2.47  7.14  5.87 184 1006.2  14.8  14.0 999.0 99.0 99.00
2019 11 12 13 50 257  9.6 11.3  2.33  7.69  5.87 185 1007.1  14.6  14.0 999.0 99.0 99.00
2019 11 12 14 50 271  9.1 11.1  2.26  8.33  5.91 184 1007.3  13.2  14.0 999.0 99.0 99.00
2019 11 12 15 50 314 10.9 13.6  2.15  7.69  5.62 182 1008.5   8.8  13.9 999.0 99.0 99.00
2019 11 12 16 50 305 13.2 15.5  2.33  8.33  5.53 187 1009.3   7.5  13.9 999.0 99.0 99.00
2019 11 12 17 50 308 12.5 15.3  2.29  7.69  5.22 191 1010.2   5.4  13.9 999.0 99.0 99.00
2019 11 12 18 50 306 11.9 14.6  2.03  7.69  5.26 189 1011.4   3.9  13.8 999.0 99.0 99.00
2019 11 12 19 50 320 11.9 13.8  1.98  7.69  5.37 195 1011.8   3.0  13.8 999.0 99.0 99.00
2019 11 12 20 50 322 12.0 15.5  2.05  5.88  5.27 264 1012.5   2.5  13.8 999.0 99.0 99.00
2019 11 12 21 50 333 12.8 17.2  1.81  7.69  5.11 188 1013.7   3.4  13.8 999.0 99.0 99.00
2019 11 12 22 50 328 12.8 15.4  1.82  5.26  4.84 291 1015.3   3.2  13.9 999.0 99.0 99.00
2019 11 12 23 50 324 12.8 16.9  1.83  5.56  4.81 297 1016.2   3.1  13.9 999.0 99.0 99.00
2019 11 13 00 50 332 12.6 15.4  1.86  5.26  4.71 304 1016.8   3.0  13.9 999.0 99.0 99.00
2019 11 13 01 50 334 13.0 15.9  1.92  5.88  4.69 299 1017.9   2.5  13.9 999.0 99.0 99.00
2019 11 13 02 50 329 11.1 15.0  2.06  5.88  4.85 297 1019.1   1.6  13.9 999.0 99.0 99.00
2019 11 13 03 50 322 13.0 16.5  1.87  5.88  4.76 292 1019.5   0.8  13.9 999.0 99.0 99.00
2019 11 13 04 50 329 12.5 17.6  2.05  5.26  4.73 322 1020.2   0.0  13.8 999.0 99.0 99.00
2019 11 13 05 50 319 14.7 19.0  2.03  5.88  4.93 299 1020.1  -0.3  13.8 999.0 99.0 99.00
2019 11 13 06 50 320 12.9 15.6  1.96  5.88  4.84 297 1020.7  -0.7  13.8 999.0 99.0 99.00
2019 11 13 07 50 323 14.0 17.4  1.95  6.25  4.80 299 1021.1  -0.8  13.7 999.0 99.0 99.00
2019 11 13 08 50 319 15.0 19.0  1.85  6.25  4.81 289 1021.3  -0.8  13.7 999.0 99.0 99.00
2019 11 13 09 50 325 14.9 19.5  1.90  5.56  4.93 293 1022.0  -0.6  13.7 999.0 99.0 99.00
2019 11 13 10 50 320 14.6 19.1  2.20  6.25  5.00 288 1022.8  -0.8  13.7 999.0 99.0 99.00
2019 11 13 11 50 317 14.8 18.5  2.02  5.56  4.85 300 1023.4  -0.8  13.8 999.0 99.0 99.00
2019 11 13 12 50 322 13.3 17.9  1.94  5.88  4.76 300 1024.7  -0.8  13.8 999.0 99.0 99.00
2019 11 13 13 50 322 11.8 14.8  1.93  6.25  4.73 296 1025.5  -1.2  13.8 999.0 99.0 99.00
2019 11 13 14 50 315 10.5 15.0  1.72  5.88  4.58 295 1026.0  -1.1  13.8 999.0 99.0 99.00
2019 11 13 15 50 333 10.8 13.7  1.54  5.88  4.30 289 1026.1  -0.7  13.8 999.0 99.0 99.00
2019 11 13 16 50 333  9.9 12.8  1.45  5.26  4.26 298 1025.9  -0.3  13.8 999.0 99.0 99.00
2019 11 13 17 50 319  8.7 10.9  1.21  5.26  4.07 292 1026.7  -0.2  13.8 999.0 99.0 99.00
2019 11 13 18 50 319  6.6  9.8  1.08  5.00  3.96 293 1027.1   0.3  13.8 999.0 99.0 99.00
2019 11 13 19 50 336  5.8  9.0  0.90  4.17  3.84 293 1027.5   1.0  13.7 999.0 99.0 99.00
2019 11 13 20 50 346  6.0 11.1  0.88 13.79  3.82 129 1027.7   1.4  13.7 999.0 99.0 99.00
2019 11 13 21 50 341  5.7  8.8  0.81  4.55  3.66 298 1028.4   1.6  13.7 999.0 99.0 99.00
2019 11 13 22 50 339  6.2  8.4  0.75  3.33  3.74 333 1028.8   1.8  13.7 999.0 99.0 99.00
2019 11 13 23 50 335  5.2  8.6  0.66 13.79  3.71  88 1029.6   1.8  13.7 999.0 99.0 99.00
2019 11 14 00 50   1  4.5  6.9  0.65  3.45  3.71 346 1030.4   1.8  13.7 999.0 99.0 99.00
2019 11 14 01 50   2  4.1  6.4  0.62  3.57  3.63 315 1030.2   1.8  13.6 999.0 99.0 99.00
2019 11 14 02 50  30  3.4  5.3  0.58 13.79  3.64  90 1030.6   1.8  13.6 999.0 99.0 99.00
2019 11 14 03 50  36  2.3  4.2  0.51 13.79  3.78 131 1031.0   1.9  13.6 999.0 99.0 99.00
2019 11 14 04 50  73  2.8  4.8  0.49 13.79  3.77 149 1031.3   2.0  13.6 999.0 99.0 99.00
2019 11 14 05 50  71  2.7  4.2  0.47 13.79  3.91 176 1031.0   2.2  13.5 999.0 99.0 99.00
2019 11 14 06 50  81  2.1  3.9  0.44 13.79  4.12 111 1031.1   2.3  13.5 999.0 99.0 99.00
2019 11 14 07 50 111  2.5  4.3  0.46 13.79  4.39 142 1030.8   2.6  13.5 999.0 99.0 99.00
2019 11 14 08 50 146  3.7  5.3  0.43 14.81  4.25  22 1030.8   2.9  13.5 999.0 99.0 99.00
2019 11 14 09 50 145  2.3  3.5  0.46 13.79  4.45  83 1030.4   3.3  13.6 999.0 99.0 99.00
2019 11 14 10 50 160  4.1  5.8  0.41  9.09  4.46 151 1030.3   3.9  13.6 999.0 99.0 99.00
2019 11 14 11 50 164  4.6  6.8  0.40 12.12  4.64 182 1030.4   4.7  13.6 999.0 99.0 99.00
2019 11 14 12 50 186  6.3  9.0  0.48 13.79  3.91  82 1030.7   5.9  13.6 999.0 99.0 99.00
2019 11 14 13 50 206  6.5  8.5  0.51 12.90  3.62 109 1030.9   6.5  13.6 999.0 99.0 99.00
2019 11 14 14 50 209  6.7  9.1  0.67  2.86  3.48 195 1030.9   6.9  13.7 999.0 99.0 99.00
2019 11 14 15 50 202  7.0  9.1  0.77  3.23  3.51 194 1030.3   7.6  13.8 999.0 99.0 99.00
2019 11 14 16 50 211  8.6 11.1  0.77  3.57  3.58 201 1029.4   8.0  13.9 999.0 99.0 99.00
2019 11 14 17 50 217  7.1  9.4  0.90  3.57  3.66 209 1028.9   8.6  13.9 999.0 99.0 99.00
2019 11 14 18 50 244  5.1  6.5  0.84  4.17  3.76 204 1028.3   8.0  13.9 999.0 99.0 99.00
2019 11 14 19 50 217  5.8  7.7  0.86  4.35  3.95 203 1027.5   8.4  13.9 999.0 99.0 99.00
2019 11 14 20 50 227  5.1  7.0  0.82  4.00  3.88 197 1027.5   8.9  13.9 999.0 99.0 99.00
2019 11 14 21 50 215  5.4  6.8  0.72  4.17  4.00 194 1027.1   9.3  13.9 999.0 99.0 99.00
2019 11 14 22 50 225  5.8  7.0  0.74  4.17  3.84 186 1027.2   9.7  13.8 999.0 99.0 99.00
2019 11 14 23 50 225  6.6  8.0  0.83  4.17  3.83 178 1026.5  10.0  13.7 999.0 99.0 99.00
2019 11 15 00 50 236  6.0  7.3  0.84  4.17  3.95 180 1026.1  10.0  13.7 999.0 99.0 99.00
2019 11 15 01 50 233  7.5  8.9  0.79  4.35  3.88 181 1025.8  10.2  13.7 999.0 99.0 99.00
2019 11 15 02 50 254  8.6 10.2  0.92  4.55  3.89 179 1025.9  10.1  13.7 999.0 99.0 99.00
2019 11 15 03 50 261  7.2  8.7  0.95  3.85  3.83 216 1026.3   9.5  13.7 999.0 99.0 99.00
2019 11 15 04 50 263  7.4  8.9  0.96  4.55  3.92 185 1025.9   9.1  13.7 999.0 99.0 99.00
2019 11 15 05 50 277  6.8  8.3  0.98  5.00  3.98 165 1025.4   8.9  13.6 999.0 99.0 99.00
2019 11 15 06 50 279  7.4  9.4  0.95  4.55  3.97 180 1024.7   9.1  13.5 999.0 99.0 99.00
2019 11 15 07 50 295  6.3  7.7  1.02  4.55  3.90 192 1024.4   8.4  13.5 999.0 99.0 99.00
2019 11 15 08 50 270  6.0  7.9  1.02  4.17  4.03 262 1024.2   8.3  13.4 999.0 99.0 99.00
2019 11 15 09 50 283  4.6  5.9  0.95  4.55  4.10 214 1024.0   8.2  13.5 999.0 99.0 99.00
2019 11 15 10 50 281  5.0  6.3  0.88  4.55  4.11 206 1024.2   8.3  13.6 999.0 99.0 99.00
2019 11 15 11 50 285  4.3  5.8  0.79  3.85  3.99 265 1024.3   8.3  13.7 999.0 99.0 99.00
2019 11 15 12 50 284  4.5  5.6  0.75  4.00  3.98 247 1024.6   8.7  13.7 999.0 99.0 99.00
2019 11 15 13 50 280  5.0  6.5  0.75  4.00  4.00 224 1024.7   8.9  13.7 999.0 99.0 99.00
2019 11 15 14 50 298  6.1  7.3  0.67  4.35  3.81 203 1024.2   9.0  13.8 999.0 99.0 99.00
2019 11 15 15 50 279  5.6  6.7  0.70  3.33  3.63 279 1023.7   9.3  13.8 999.0 99.0 99.00
2019 11 15 16 50 285  6.8  8.1  0.67  3.33  3.51 281 1022.8   9.0  13.8 999.0 99.0 99.00
2019 11 15 17 50 263  5.6  7.3  0.71  3.45  3.64 289 1021.8   9.0  13.7 999.0 99.0 99.00
2019 11 15 18 50 256  5.2  7.1  0.70  3.33  3.82 279 1020.9   9.9  13.7 999.0 99.0 99.00
2019 11 15 19 50 248  5.6  7.2  0.67  3.23  3.69 289 1020.7  10.0  13.7 999.0 99.0 99.00
2019 11 15 20 50 249  6.1  7.1  0.68  3.57  3.68 284 1020.4  10.3  13.7 999.0 99.0 99.00
2019 11 15 21 50 267  5.9  7.3  0.68  3.57  3.72 287 1020.7  11.0  13.7 999.0 99.0 99.00
2019 11 15 22 50 267  6.8  8.1  0.72  9.09  3.81 166 1021.0  11.4  13.7 999.0 99.0 99.00
2019 11 15 23 50 286  7.2  8.5  0.78  3.33  3.72 281 1021.0  11.1  13.6 999.0 99.0 99.00
2019 11 16 00 50 296  7.6  9.2  0.89  3.70  3.71 291 1020.7  11.0  13.6 999.0 99.0 99.00
2019 11 16 01 50 296  7.7  9.3  0.94  3.85  3.77 284 1021.5  11.2  13.6 999.0 99.0 99.00
2019 11 16 02 50 329  9.7 11.5  1.02  4.35  3.84 285 1021.6  10.9  13.6 999.0 99.0 99.00
2019 11 16 03 50 334  9.6 11.4  1.03  4.35  3.77 281 1021.9  10.1  13.6 999.0 99.0 99.00
2019 11 16 04 50 347 10.4 12.7  1.03  4.17  3.85 296 1022.3   9.2  13.6 999.0 99.0 99.00
2019 11 16 05 50  17 11.2 13.4  1.13  4.17  3.86 289 1022.6   8.3  13.6 999.0 99.0 99.00
2019 11 16 06 50   5 11.0 13.5  1.25  4.00  3.83 350 1023.1   7.7  13.7 999.0 99.0 99.00
2019 11 16 07 50  13 11.6 15.4  1.55  4.76  4.21   4 1023.7   7.2  13.7 999.0 99.0 99.00
2019 11 16 08 50  11 11.7 13.9  1.60  4.76  4.33  12 1024.2   7.1  13.8 999.0 99.0 99.00
2019 11 16 09 50  20 13.0 15.8  1.61  5.00  4.35  38 1024.8   6.7  13.9 999.0 99.0 99.00
2019 11 16 10 50  19 12.6 15.4  1.68  5.56  4.47  46 1026.4   6.3  13.9 999.0 99.0 99.00
2019 11 16 11 50  33 12.8 15.8  1.79  5.88  4.70  51 1027.2   5.6  13.9 999.0 99.0 99.00
2019 11 16 12 50  34 14.4 17.2  2.13  5.56  4.98  45 1027.9   4.7  14.0 999.0 99.0 99.00
2019 11 16 13 50  31 14.1 18.9  2.41  6.67  5.29  56 1028.5   4.5  14.1 999.0 99.0 99.00
2019 11 16 14 50  37 14.2 18.6  2.65  7.14  5.57  66 1028.8   4.2  14.2 999.0 99.0 99.00
2019 11 16 15 50  42 13.4 17.6  2.51  7.69  5.59  69 1029.2   4.4  14.2 999.0 99.0 99.00
2019 11 16 16 50  54 13.3 16.8  2.78  7.14  5.80  63 1028.9   4.8  14.3 999.0 99.0 99.00
2019 11 16 17 50  50 13.7 16.9  3.05  8.33  6.04  65 1029.0   5.0  14.2 999.0 99.0 99.00
2019 11 16 18 50  45 13.9 18.5  2.77  7.69  5.89  70 1028.5   5.4  14.2 999.0 99.0 99.00
2019 11 16 19 50  52 11.7 15.2  3.13  8.33  6.14  72 1029.4   5.1  14.2 999.0 99.0 99.00
2019 11 16 20 50  47 12.6 15.2  2.82  7.69  5.85  65 1029.1   5.7  14.2 999.0 99.0 99.00
2019 11 16 21 50  54 11.7 14.7  2.76  7.69  5.79  68 1029.2   5.6  14.1 999.0 99.0 99.00
2019 11 16 22 50  49 11.6 15.0  2.61  7.69  5.78  79 1029.4   5.8  14.1 999.0 99.0 99.00
2019 11 16 23 50  58 10.5 13.8  2.72  8.33  5.73  71 1030.1   5.9  14.0 999.0 99.0 99.00
2019 11 17 00 50  53 10.5 14.2  2.61  8.33  5.87  84 1029.7   5.9  14.0 999.0 99.0 99.00
2019 11 17 01 50  57 10.8 14.5  2.59  8.33  5.80  91 1029.7   5.7  14.0 999.0 99.0 99.00
2019 11 17 02 50  54 11.6 14.9  2.59  8.33  5.67  79 1028.9   5.6  13.9 999.0 99.0 99.00
2019 11 17 03 50  56 11.4 15.2  2.62  8.33  5.84  90 1028.5   5.6  13.9 999.0 99.0 99.00
2019 11 17 04 50  51 11.7 14.0  2.52  7.14  5.67  83 1028.5   5.6  13.8 999.0 99.0 99.00
2019 11 17 05 50  47 11.6 14.0  2.56  7.69  5.77  80 1027.9   5.6  13.8 999.0 99.0 99.00
2019 11 17 06 50  41 10.9 14.8  2.43  8.33  5.51 101 1027.4   5.5  13.8 999.0 99.0 99.00
2019 11 17 07 50  30 11.5 15.0  2.49  7.69  5.66  88 1026.9   5.2  13.7 999.0 99.0 99.00
2019 11 17 08 50  25 12.3 15.4  2.46  8.33  5.48 104 1026.2   4.6  13.7 999.0 99.0 99.00
2019 11 17 09 50  27 12.5 15.3  2.39  6.25  5.39  81 1025.8   4.8  13.7 999.0 99.0 99.00
2019 11 17 10 50  30 13.2 16.2  2.77  7.14  5.69  91 1025.3   5.2  13.7 999.0 99.0 99.00
2019 11 17 11 50  37 12.9 16.7  2.53  7.69  5.67  95 1025.3   6.2  13.6 999.0 99.0 99.00
2019 11 17 12 50  41 13.2 15.6  2.55  8.33  5.49 103 1025.4   6.3  13.6 999.0 99.0 99.00
2019 11 17 13 50  35 13.6 16.4  3.03  7.69  5.93  91 1025.2   6.3  13.7 999.0 99.0 99.00
2019 11 17 14 50  31 14.0 16.3  3.09  7.14  5.97  80 1024.4   6.3  13.7 999.0 99.0 99.00
2019 11 17 15 50  34 13.6 16.1  2.98  8.33  5.90 103 1023.8   6.5  13.7 999.0 99.0 99.00
2019 11 17 16 50  38 13.7 16.4  3.18  9.09  6.18 105 1022.4   6.8  13.7 999.0 99.0 99.00
2019 11 17 17 50  31 12.5 15.9  3.23  8.33  6.19  92 1021.7   7.6  13.7 999.0 99.0 99.00
2019 11 17 18 50  28 12.5 14.5  3.40  8.33  6.31  96 1020.7   7.8  13.7 999.0 99.0 99.00
2019 11 17 19 50  34 12.6 15.0  3.56  9.09  6.60 104 1020.1   8.1  13.7 999.0 99.0 99.00
2019 11 17 20 50  56 13.6 16.0  3.46 10.00  6.49 116 1019.5   9.5  13.6 999.0 99.0 99.00
2019 11 17 21 50  59 13.3 15.9  3.67 10.00  6.58 117 1019.1   9.3  13.5 999.0 99.0 99.00
2019 11 17 22 50  56 13.8 16.7  3.57 10.00  6.49 109 1018.7   9.1  13.5 999.0 99.0 99.00
2019 11 17 23 50  50 13.7 16.3  3.71 10.00  6.79 111 1018.0   9.0  13.5 999.0 99.0 99.00
2019 11 18 00 50  28 13.7 15.9  3.94  9.09  6.82 102 1017.1   7.2  13.4 999.0 99.0 99.00
2019 11 18 01 50  28 13.1 15.6  3.85  9.09  6.82 101 1016.4   7.2  13.4 999.0 99.0 99.00
2019 11 18 02 50  28 13.7 16.6  3.79  9.09  6.92 103 1015.4   6.8  13.4 999.0 99.0 99.00
2019 11 18 03 50  27 13.3 16.0  3.73 11.43  6.83 124 1014.4   6.8  13.4 999.0 99.0 99.00
2019 11 18 04 50  23 13.3 16.7  4.03 10.00  7.09  97 1014.2   6.6  13.4 999.0 99.0 99.00
2019 11 18 05 50  28 13.5 16.9  3.88 10.81  7.12 116 1012.7   7.1  13.4 999.0 99.0 99.00
2019 11 18 06 50  31 12.9 15.4  4.20 10.00  7.48 106 1011.7   7.6  13.4 999.0 99.0 99.00
2019 11 18 07 50  31 12.7 14.7  3.73 11.43  7.13 107 1011.0   7.7  13.4 999.0 99.0 99.00
2019 11 18 08 50  31 12.8 15.7  3.86 10.81  7.07 109 1010.2   7.8  13.4 999.0 99.0 99.00
2019 11 18 09 50  28 12.5 14.9  4.34 11.43  7.53 108 1010.1   7.8  13.4 999.0 99.0 99.00
2019 11 18 10 50  28 12.0 14.7  4.05 12.12  7.46 110 1009.6   7.8  13.4 999.0 99.0 99.00
2019 11 18 11 50  25 11.9 14.5  3.97 12.90  7.60 113 1009.6   7.8  13.4 999.0 99.0 99.00
2019 11 18 12 50  27 11.8 14.9  4.01 11.43  7.40 100 1009.4   7.7  13.4 999.0 99.0 99.00
2019 11 18 13 50  26 12.2 15.2  3.72 11.43  7.32 104 1008.4   7.3  13.4 999.0 99.0 99.00
2019 11 18 14 50  25 12.0 14.5  3.55 12.90  7.13 112 1007.6   7.4  13.5 999.0 99.0 99.00
2019 11 18 15 50  25 11.6 14.4  3.91 12.90  7.34  97 1007.0   7.8  13.5 999.0 99.0 99.00
2019 11 18 16 50  11  9.4 11.5  3.62 12.12  7.32 105 1006.3   7.9  13.5 999.0 99.0 99.00
2019 11 18 17 50   5  9.2 11.2  3.74 12.90  7.73 114 1005.3   7.6  13.5 999.0 99.0 99.00
2019 11 18 18 50 360  8.9 10.9  3.37 12.90  7.59 111 1005.0   7.4  13.5 999.0 99.0 99.00
2019 11 18 19 50 354  8.7 10.3  3.33 11.43  7.50 108 1004.9   7.4  13.5 999.0 99.0 99.00
2019 11 18 20 50 343  8.1  9.6  3.25 12.12  7.58 112 1005.3   7.8  13.4 999.0 99.0 99.00
2019 11 18 21 50 352  7.5  9.1  2.83 12.12  6.98 110 1005.4   7.7  13.4 999.0 99.0 99.00
2019 11 18 22 50 358  7.1  8.7  2.67 11.43  7.04 116 1005.5   7.8  13.4 999.0 99.0 99.00
2019 11 18 23 50 352  6.3  8.2  2.57 10.81  7.01 121 1005.5   8.0  13.4 999.0 99.0 99.00
2019 11 19 00 50   1  4.4  5.8  2.58 10.81  7.05 106 1005.6   8.2  13.4 999.0 99.0 99.00
2019 11 19 01 50 355  4.5  5.9  2.56 12.12  7.32 111 1005.4   8.3  13.3 999.0 99.0 99.00
2019 11 19 02 50 321  3.7  5.3  2.26 11.43  7.09 106 1005.8   7.9  13.3 999.0 99.0 99.00
2019 11 19 03 50 320  3.4  5.5  2.20 11.43  7.02 113 1005.8   7.6  13.3 999.0 99.0 99.00
2019 11 19 04 50 313  2.1  3.4  2.12 10.00  7.02 103 1005.8   7.4  13.3 999.0 99.0 99.00
2019 11 19 05 50 269  2.2  3.7  2.13 10.00  7.10 103 1005.7   7.6  13.2 999.0 99.0 99.00
2019 11 19 06 50 257  6.7  8.5  2.00 12.12  7.15 120 1005.7   8.4  13.2 999.0 99.0 99.00
2019 11 19 07 50 268  6.7  8.8  1.78 11.43  6.50 117 1006.1   8.5  13.2 999.0 99.0 99.00
2019 11 19 08 50 269  6.5  8.7  1.72 10.81  6.11 106 1006.3   8.3  13.3 999.0 99.0 99.00
2019 11 19 09 50 276  6.4  8.1  1.81 10.81  6.53 118 1006.8   8.2  13.3 999.0 99.0 99.00
2019 11 19 10 50 282  7.4  9.3  1.80 11.43  6.35 117 1007.1   8.4  13.3 999.0 99.0 99.00
2019 11 19 11 50 270  5.5  7.3  1.52 10.81  5.64 113 1007.9   8.4  13.3 999.0 99.0 99.00
2019 11 19 12 50 262  5.6  7.0  1.54 10.00  6.17 124 1008.3   8.8  13.3 999.0 99.0 99.00
2019 11 19 13 50 263  6.1  8.4  1.43 10.81  6.22  98 1008.6   9.2  13.3 999.0 99.0 99.00
2019 11 19 14 50 272  6.8  8.6  1.43 10.81  5.97 108 1008.4   9.2  13.3 999.0 99.0 99.00
2019 11 19 15 50 266  6.3  7.9  1.27 10.81  5.60 120 1008.6   8.9  13.3 999.0 99.0 99.00
2019 11 19 16 50 269  5.3  6.7  1.26 11.43  5.69 105 1008.3   8.8  13.3 999.0 99.0 99.00
2019 11 19 17 50 278  5.5  7.3  1.26 10.00  5.67 107 1008.1   8.9  13.3 999.0 99.0 99.00
2019 11 19 18 50 279  5.4  7.5  1.25 10.81  5.36 108 1008.1   8.8  13.3 999.0 99.0 99.00
2019 11 19 19 50 294  4.9  6.7  1.15 10.81  5.44 115 1008.4   9.2  13.3 999.0 99.0 99.00
2019 11 19 20 50 306  6.1  7.8  1.17 11.43  5.71 124 1008.8   9.6  13.3 999.0 99.0 99.00
2019 11 19 21 50 327  4.9  6.3  1.23 11.43  5.84  98 1009.5   9.6  13.3 999.0 99.0 99.00
2019 11 19 22 50 341  5.2  6.4  1.14 10.81  5.64 102 1010.4   9.5  13.3 999.0 99.0 99.00
2019 11 19 23 50 345  6.0  7.5  1.21 10.81  5.82 103 1010.6   8.9  13.2 999.0 99.0 99.00
2019 11 20 00 50 350  6.3  7.5  1.14 10.81  5.06 118 1011.0   8.6  13.2 999.0 99.0 99.00
2019 11 20 01 50 344  6.2  7.9  1.27 10.81  5.51  96 1011.1   8.4  13.2 999.0 99.0 99.00
2019 11 20 02 50 330  4.4  6.4  1.08 10.00  5.24 113 1011.4   8.6  13.2 999.0 99.0 99.00
2019 11 20 03 50 347  4.6  6.4  1.11 10.00  6.00 100 1010.6   8.4  13.2 999.0 99.0 99.00
2019 11 20 04 50 339  4.9  6.5  1.08 10.00  6.26 109 1010.3   8.3  13.1 999.0 99.0 99.00
2019 11 20 05 50 344  5.3  7.2  0.94 10.81  5.28 125 1010.1   8.2  13.2 999.0 99.0 99.00
2019 11 20 06 50 343  5.9  7.8  1.03 10.00  5.53 103 1010.1   8.2  13.2 999.0 99.0 99.00
2019 11 20 07 50 360  6.9  8.4  1.11 10.00  5.26 109 1010.1   7.8  13.2 999.0 99.0 99.00
2019 11 20 08 50 354  7.5  9.1  1.10 10.81  4.78 111 1010.3   7.5  13.2 999.0 99.0 99.00
2019 11 20 09 50 349  7.8  9.5  1.06 10.00  4.46 106 1010.5   7.4  13.2 999.0 99.0 99.00
2019 11 20 10 50 343  6.6  8.8  1.14 10.00  4.45 111 1011.2   7.1  13.1 999.0 99.0 99.00
2019 11 20 11 50 334  6.8  8.3  1.08 10.00  4.58 111 1011.9   7.1  13.1 999.0 99.0 99.00
2019 11 20 12 50 332  7.3  8.9  1.09 10.00  4.53 134 1012.2   7.0  13.1 999.0 99.0 99.00
2019 11 20 13 50 333  8.0 10.1  1.06  9.09  4.50 129 1012.3   6.8  13.1 999.0 99.0 99.00
2019 11 20 14 50 331  8.5 10.8  1.18 10.00  4.41 114 1012.6   6.7  13.1 999.0 99.0 99.00
2019 11 20 15 50 329  8.8 10.6  1.10  9.09  4.26 120 1012.6   6.5  13.1 999.0 99.0 99.00
2019 11 20 16 50 332  9.4 11.3  1.16 10.00  4.28 122 1012.6   6.6  13.2 999.0 99.0 99.00
2019 11 20 17 50 328  8.4 12.0  1.24  4.35  4.33 312 1012.7   6.5  13.2 999.0 99.0 99.00
2019 11 20 18 50 332  9.2 11.1  1.21 10.00  4.42 106 1012.9   6.9  13.2 999.0 99.0 99.00
2019 11 20 19 50 335  9.2 10.7  1.17  4.35  4.22 310 1013.3   7.2  13.2 999.0 99.0 99.00
2019 11 20 20 50 330 10.0 12.6  1.27  4.76  4.15 308 1013.9   7.8  13.2 999.0 99.0 99.00
2019 11 20 21 50 340  9.2 11.5  1.26  4.17  4.15 324 1014.6   8.0  13.2 999.0 99.0 99.00
2019 11 20 22 50 345  8.5 10.1  1.23  4.35  4.24 336 1015.4   8.3  13.2 999.0 99.0 99.00
2019 11 20 23 50 334  9.1 11.7  1.07  4.00  4.01 323 1016.1   8.6  13.2 999.0 99.0 99.00
2019 11 21 00 50 344  9.7 11.9  1.21  3.85  4.00 342 1016.8   8.0  13.1 999.0 99.0 99.00
2019 11 21 01 50 341 10.9 13.3  1.44  5.00  4.27 292 1017.3   7.7  13.1 999.0 99.0 99.00
2019 11 21 02 50 334 11.0 13.6  1.49  4.55  4.28 359 1017.7   7.6  13.1 999.0 99.0 99.00
2019 11 21 03 50 338 10.9 13.5  1.36  4.55  4.21 337 1017.8   7.2  13.0 999.0 99.0 99.00
2019 11 21 04 50 338 12.2 14.9  1.27  4.76  4.11 319 1017.9   7.0  13.0 999.0 99.0 99.00
2019 11 21 05 50 338 12.6 15.5  1.42  4.35  4.17 329 1017.9   7.2  13.0 999.0 99.0 99.00
2019 11 21 06 50 343 10.5 12.9  1.52  4.76  4.25 322 1018.6   7.1  13.0 999.0 99.0 99.00
2019 11 21 07 50 336 10.0 12.4  1.44  4.76  4.21 323 1019.1   7.0  13.0 999.0 99.0 99.00
2019 11 21 08 50 340 11.7 13.8  1.36  4.76  4.17 327 1019.3   6.9  13.0 999.0 99.0 99.00
2019 11 21 09 50 342 11.1 13.5  1.46  4.55  4.11 336 1020.2   7.0  13.0 999.0 99.0 99.00
2019 11 21 10 50 345 10.5 12.8  1.29  4.35  4.05 343 1020.5   7.0  13.0 999.0 99.0 99.00
2019 11 21 11 50 337 10.2 12.0  1.18  4.17  3.97 339 1021.4   6.8  13.0 999.0 99.0 99.00
2019 11 21 12 50 330  9.5 11.6  1.10  4.17  3.85 345 1022.2   7.0  13.0 999.0 99.0 99.00
2019 11 21 13 50 346  8.9 11.0  1.11  4.35  3.82 354 1022.2   7.2  13.0 999.0 99.0 99.00
2019 11 21 14 50 346  9.3 11.4  1.01  3.85  3.82 331 1022.0   7.1  13.0 999.0 99.0 99.00
2019 11 21 15 50 342  6.9  8.5  0.96  4.17  3.84 335 1021.8   7.5  13.1 999.0 99.0 99.00
2019 11 21 16 50 329  5.8  7.3  0.87  3.70  3.80 322 1021.1   7.8  13.0 999.0 99.0 99.00
2019 11 21 17 50 325  5.2  6.6  0.76  3.45  3.78 327 1020.7   8.2  13.0 999.0 99.0 99.00
2019 11 21 18 50 310  4.8  6.4  0.73  3.45  3.75 331 1020.1   8.6  13.1 999.0 99.0 99.00
2019 11 21 19 50 307  5.4  6.6  0.63  9.09  3.81 128 1020.0   9.2  13.1 999.0 99.0 99.00
2019 11 21 20 50 308  4.4  5.6  0.66  9.09  3.88 112 1019.7   9.6  13.1 999.0 99.0 99.00
2019 11 21 21 50 277  4.8  6.1  0.62 10.00  3.92 145 1019.9  10.0  13.0 999.0 99.0 99.00
2019 11 21 22 50 283  3.3  4.3  0.60  9.09  4.14 102 1019.9  10.8  13.0 999.0 99.0 99.00
2019 11 21 23 50 246  4.5  6.4  0.57  7.69  4.38 101 1019.6  11.0  13.0 999.0 99.0 99.00
2019 11 22 00 50 224  5.4  6.8  0.59  8.33  4.67  99 1019.3  11.1  12.9 999.0 99.0 99.00
2019 11 22 01 50 223  6.6  7.6  0.64  8.33  3.93  93 1018.7  11.4  13.0 999.0 99.0 99.00
2019 11 22 02 50 231  7.5  9.2  0.79  7.69  4.19  81 1017.9  11.8  13.0 999.0 99.0 99.00
2019 11 22 03 50 228  8.4 10.0  0.89  3.70  4.19 244 1017.1  11.7  13.0 999.0 99.0 99.00
2019 11 22 04 50 225  9.2 11.1  1.07  4.17  4.25 232 1016.0  11.7  13.0 999.0 99.0 99.00
2019 11 22 05 50 223  9.7 11.9  1.23  4.35  4.30 230 1015.1  11.9  13.0 999.0 99.0 99.00
2019 11 22 06 50 230  9.9 11.8  1.51  4.76  4.52 220 1015.0  11.9  13.0 999.0 99.0 99.00
2019 11 22 07 50 224 10.0 12.3  1.73  5.56  4.75 226 1013.8  12.1  13.0 999.0 99.0 99.00
2019 11 22 08 50 221 11.1 13.4  1.68  5.56  4.77 214 1012.5  12.5  13.0 999.0 99.0 99.00
2019 11 22 09 50 225 11.5 13.8  1.89  5.88  4.80 220 1011.6  12.8  13.1 999.0 99.0 99.00
2019 11 22 10 50 234 11.8 14.4  2.06  6.25  5.05 217 1011.4  13.0  13.1 999.0 99.0 99.00
2019 11 22 11 50 234 10.2 12.1  2.08  6.25  5.17 218 1010.8  12.6  13.1 999.0 99.0 99.00
2019 11 22 12 50 239 10.7 12.8  2.17  6.67  5.31 213 1010.4  12.4  13.1 999.0 99.0 99.00
2019 11 22 13 50 231  9.6 11.6  1.88  6.25  5.06 218 1009.6  12.3  13.1 999.0 99.0 99.00
2019 11 22 14 50 222  9.8 11.5  1.96  6.67  5.07 213 1008.2  12.4  13.1 999.0 99.0 99.00
2019 11 22 15 50 227 10.3 12.3  2.01  6.67  5.26 203 1007.4  12.6  13.1 999.0 99.0 99.00
2019 11 22 16 50 237 11.0 14.1  2.15  6.67  5.15 215 1006.7  12.6  13.1 999.0 99.0 99.00
2019 11 22 17 50 229 11.2 13.5  2.13  7.14  5.18 208 1005.3  12.3  13.1 999.0 99.0 99.00
2019 11 22 18 50 243 10.6 13.2  2.05  7.14  5.13 207 1004.8  12.0  13.1 999.0 99.0 99.00
2019 11 22 19 50 283 12.2 15.3  1.98  7.14  5.11 198 1004.9  11.6  13.1 999.0 99.0 99.00
2019 11 22 20 50 288 10.6 12.8  1.97  6.67  5.23 201 1005.7  11.4  13.1 999.0 99.0 99.00
2019 11 22 21 50 320 13.3 16.7  2.00  7.69  4.98 182 1006.9  10.8  13.1 999.0 99.0 99.00
2019 11 22 22 50 318 13.8 17.0  2.44  5.26  5.15 293 1008.6   9.7  13.1 999.0 99.0 99.00
2019 11 22 23 50 301 15.0 18.4  2.20  5.88  4.96 275 1009.9   9.7  13.0 999.0 99.0 99.00
2019 11 23 00 50 306 14.3 17.0  2.23  6.25  5.05 280 1011.4   9.0  13.0 999.0 99.0 99.00
2019 11 23 01 50 308 11.2 13.3  2.22  5.88  5.22 287 1012.9   8.2  13.0 999.0 99.0 99.00
2019 11 23 02 50 302 10.6 13.3  2.10  5.88  5.10 305 1013.1   7.7  13.0 999.0 99.0 99.00
2019 11 23 03 50 308 10.8 14.5  2.09  5.88  5.14 294 1013.8   7.4  12.9 999.0 99.0 99.00
2019 11 23 04 50 314 11.6 14.0  1.93  5.56  5.03 287 1014.4   6.9  12.9 999.0 99.0 99.00
2019 11 23 05 50 315 11.5 14.2  1.80  5.88  4.76 290 1014.7   6.0  12.8 999.0 99.0 99.00
2019 11 23 06 50 318  9.9 13.2  1.78  5.56  4.83 288 1015.3   5.7  12.8 999.0 99.0 99.00
2019 11 23 07 50 312  9.5 12.4  1.58  5.56  4.56 300 1015.6   5.2  12.8 999.0 99.0 99.00
2019 11 23 08 50 305  9.2 11.3  1.41  5.00  4.44 293 1015.7   5.2  12.7 999.0 99.0 99.00
2019 11 23 09 50 312  8.4 10.9  1.26  4.76  4.31 296 1016.0   5.2  12.7 999.0 99.0 99.00
2019 11 23 10 50 321  5.2  7.3  1.22  4.76  4.40 296 1016.9   4.7  12.7 999.0 99.0 99.00
2019 11 23 11 50 319  6.6  9.1  1.13  4.55  4.30 295 1017.6   4.7  12.7 999.0 99.0 99.00
2019 11 23 12 50 322  5.7  8.3  0.97  4.35  4.12 296 1018.0   4.9  12.7 999.0 99.0 99.00
2019 11 23 13 50 306  5.4  7.7  0.86 10.81  4.12 107 1018.0   4.9  12.6 999.0 99.0 99.00
2019 11 23 14 50 315  5.0  6.6  0.78 10.81  4.14 145 1017.8   4.9  12.6 999.0 99.0 99.00
2019 11 23 15 50 281  5.8  7.6  0.71  7.14  4.18 186 1017.3   5.0  12.6 999.0 99.0 99.00
2019 11 23 16 50 287  4.5  6.2  0.70 11.43  4.07 123 1015.9   5.2  12.6 999.0 99.0 99.00
2019 11 23 17 50 274  4.2  5.7  0.68 11.43  4.40 139 1015.5   5.5  12.7 999.0 99.0 99.00
2019 11 23 18 50 263  5.4  7.3  0.69 10.81  4.38 103 1014.9   6.1  12.7 999.0 99.0 99.00
2019 11 23 19 50 256  5.7  7.1  0.67 11.43  4.11 147 1014.1   6.6  12.7 999.0 99.0 99.00
2019 11 23 20 50 238  4.4  5.3  0.67 10.81  4.09 147 1013.8   7.0  12.7 999.0 99.0 99.00
2019 11 23 21 50 222  3.1  4.4  0.60 10.81  4.18 125 1013.1   7.3  12.7 999.0 99.0 99.00
2019 11 23 22 50 227  4.4  5.8  0.59 11.43  4.55 128 1012.9   7.8  12.6 999.0 99.0 99.00
2019 11 23 23 50 210  4.9  6.2  0.61 10.81  4.56 147 1012.2   8.0  12.6 999.0 99.0 99.00
2019 11 24 00 50 207  6.0  8.2  0.57 11.43  3.74 137 1011.7   8.5  12.6 999.0 99.0 99.00
2019 11 24 01 50 204  5.5  6.9  0.61 10.81  3.69 127 1010.9   8.8  12.6 999.0 99.0 99.00
2019 11 24 02 50 161  4.1  5.3  0.67 10.81  4.03 121 1009.0   9.1  12.6 999.0 99.0 99.00
2019 11 24 03 50 164  7.0  8.2  0.62 10.81  3.92 165 1007.8   9.5  12.6 999.0 99.0 99.00
2019 11 24 04 50 162  7.6  9.6  0.70  3.23  3.71 200 1006.5   9.4  12.6 999.0 99.0 99.00
2019 11 24 05 50 128  5.5  7.0  0.84 10.81  3.89 131 1005.0   9.3  12.6 999.0 99.0 99.00
2019 11 24 06 50 112  6.5  7.6  0.81  3.70  3.85 182 1003.4  10.1  12.6 999.0 99.0 99.00
2019 11 24 07 50 100  7.2  8.4  0.86  3.85  3.93 171 1001.0  11.4  12.7 999.0 99.0 99.00
2019 11 24 08 50  87  7.4  8.8  1.01  3.85  4.00 168  998.5  12.3  12.7 999.0 99.0 99.00
2019 11 24 09 50 123  5.8  6.6  1.19  5.00  4.46 151  996.1  14.0  12.8 999.0 99.0 99.00
2019 11 24 10 50 163  7.3  8.7  1.60  5.56  4.77 159  994.0  14.5  12.8 999.0 99.0 99.00
2019 11 24 11 50 148  5.3  6.4  1.51  6.25  4.94 153  992.5  13.9  12.9 999.0 99.0 99.00
2019 11 24 12 50 133  4.7  5.7  1.49  6.25  5.18 156  991.9  13.7  12.9 999.0 99.0 99.00
2019 11 24 13 50 198  7.7  9.2  1.44  5.88  5.08 158  990.5  14.0  12.9 999.0 99.0 99.00
2019 11 24 14 50 236  6.6  8.0  1.37  6.67  4.93 165  989.6  13.4  12.9 999.0 99.0 99.00
2019 11 24 15 50 257 11.4 13.8  1.43  5.88  4.92 149  988.1  11.6  12.7 999.0 99.0 99.00
2019 11 24 16 50 268 14.3 17.7  1.58  6.67  4.59 159  987.4   8.5  12.6 999.0 99.0 99.00
2019 11 24 17 50 285 15.1 18.3  2.10  5.56  4.74 217  987.5   7.9  12.6 999.0 99.0 99.00
2019 11 24 18 50 311 14.4 17.7  2.24  6.25  5.05 250  987.9   7.7  12.6 999.0 99.0 99.00
2019 11 24 19 50 307 14.1 16.7  2.55  6.25  5.24 253  989.5   8.0  12.6 999.0 99.0 99.00
2019 11 24 20 50 298 14.4 17.9  2.34  5.88  5.09 278  991.3   8.4  12.6 999.0 99.0 99.00
2019 11 24 21 50 296 15.0 17.8  2.21  5.88  5.01 283  993.3   8.1  12.6 999.0 99.0 99.00
2019 11 24 22 50 301 15.1 19.3  2.32  6.25  5.09 294  995.2   8.2  12.6 999.0 99.0 99.00
2019 11 24 23 50 296 15.1 19.4  2.54  6.67  5.33 267  996.3   8.8  12.6 999.0 99.0 99.00
2019 11 25 00 50 298 15.5 18.7  2.46  6.67  5.35 278  997.9   9.0  12.5 999.0 99.0 99.00
2019 11 25 01 50 293 14.8 17.4  2.57  6.25  5.37 289  999.2   8.8  12.5 999.0 99.0 99.00
2019 11 25 02 50 282 12.9 16.2  2.29  5.88  5.24 298 1000.4   8.4  12.5 999.0 99.0 99.00
2019 11 25 03 50 283 12.7 15.5  2.25  5.88  5.11 287 1001.2   8.2  12.5 999.0 99.0 99.00
2019 11 25 04 50 286 12.3 15.0  2.12  5.88  5.07 273 1002.2   8.0  12.4 999.0 99.0 99.00
2019 11 25 05 50 286 11.1 14.0  2.14  5.88  5.25 283 1003.1   7.9  12.4 999.0 99.0 99.00
2019 11 25 06 50 291 11.8 14.8  2.10  5.56  5.14 274 1003.8   7.9  12.4 999.0 99.0 99.00
2019 11 25 07 50 299 12.2 14.3  2.10  5.56  5.15 281 1004.7   7.8  12.4 999.0 99.0 99.00
2019 11 25 08 50 306 12.3 15.4  2.08  5.88  5.24 265 1005.4   8.0  12.4 999.0 99.0 99.00
2019 11 25 09 50 303 10.8 12.6  2.21  5.56  5.30 283 1006.4   8.3  12.4 999.0 99.0 99.00
2019 11 25 10 50 291  9.4 12.3  1.91  9.09  5.07 159 1007.5   7.9  12.4 999.0 99.0 99.00
2019 11 25 11 50 296  9.5 11.8  1.78  5.26  4.96 281 1008.4   7.9  12.4 999.0 99.0 99.00
2019 11 25 12 50 302  8.5 10.0  1.78  5.26  4.91 277 1008.9   8.2  12.4 999.0 99.0 99.00
2019 11 25 13 50 297  6.3  8.5  1.55  9.09  4.94 168 1009.8   8.4  12.4 999.0 99.0 99.00
2019 11 25 14 50 281  5.7  7.4  1.41 10.00  4.92 168 1010.8   8.5  12.4 999.0 99.0 99.00
2019 11 25 15 50 267  4.6  5.9  1.08 10.00  4.75 155 1010.8   8.3  12.4 999.0 99.0 99.00
2019 11 25 16 50 271  5.0  6.1  1.07 10.81  5.26 146 1010.3   8.7  12.4 999.0 99.0 99.00
2019 11 25 17 50 253  5.8  7.1  1.03 10.00  5.16 157 1010.3   9.1  12.4 999.0 99.0 99.00
2019 11 25 18 50 252  5.9  7.1  0.99 10.00  5.26 176 1010.4   9.4  12.5 999.0 99.0 99.00
2019 11 25 19 50 254  4.2  5.4  1.00 10.81  5.53 175 1010.6  10.0  12.5 999.0 99.0 99.00
2019 11 25 20 50 252  5.0  5.9  0.97 10.00  5.51 161 1011.4  10.4  12.4 999.0 99.0 99.00
2019 11 25 21 50 236  5.7  6.8  1.01 10.00  5.86 158 1011.8  10.5  12.4 999.0 99.0 99.00
2019 11 25 22 50 226  5.3  6.3  0.97 10.00  5.51 161 1012.1  10.9  12.4 999.0 99.0 99.00
2019 11 25 23 50 225  6.9  8.4  0.99 10.00  5.21 161 1012.6  11.0  12.3 999.0 99.0 99.00
2019 11 26 00 50 231  7.5  8.5  0.96 10.81  4.61 165 1013.0  11.4  12.4 999.0 99.0 99.00
2019 11 26 01 50 232  7.3  8.5  1.05 10.00  4.45 169 1013.5  11.7  12.3 999.0 99.0 99.00
2019 11 26 02 50 244  7.7  9.1  1.15  9.09  4.50 171 1013.9  11.7  12.3 999.0 99.0 99.00
2019 11 26 03 50 242  7.5  8.7  1.17  9.09  4.62 174 1014.1  11.7  12.3 999.0 99.0 99.00
2019 11 26 04 50 236  7.2  8.3  1.18  9.09  4.71 158 1013.9  11.9  12.3 999.0 99.0 99.00
2019 11 26 05 50 239  6.4  7.4  1.21 10.00  4.52 191 1013.8  11.9  12.3 999.0 99.0 99.00
2019 11 26 06 50 243  5.3  6.1  1.05 10.00  4.60 149 1014.5  11.9  12.3 999.0 99.0 99.00
2019 11 26 07 50 250  5.7  6.5  1.02  9.09  4.77 162 1014.9  12.0  12.3 999.0 99.0 99.00
2019 11 26 08 50 253  5.7  6.5  0.99  9.09  4.57 173 1015.1  11.6  12.3 999.0 99.0 99.00
2019 11 26 09 50 241  5.3  6.4  1.00  9.09  4.67 202 1015.3  11.5  12.3 999.0 99.0 99.00
2019 11 26 10 50 237  4.3  5.0  1.01  9.09  4.60 172 1015.7  11.5  12.3 999.0 99.0 99.00
2019 11 26 11 50 228  4.1  4.9  0.97  9.09  4.90 151 1016.2  11.8  12.3 999.0 99.0 99.00
2019 11 26 12 50 215  5.5  6.2  0.85  9.09  4.88 136 1016.6  12.2  12.3 999.0 99.0 99.00
2019 11 26 13 50 215  6.3  7.2  0.89  9.09  4.75 149 1016.9  12.4  12.3 999.0 99.0 99.00
2019 11 26 14 50 220  5.8  6.7  0.82  9.09  4.45 152 1017.5  12.6  12.4 999.0 99.0 99.00
2019 11 26 15 50 232  6.0  7.1  0.82  9.09  4.42 130 1017.7  12.6  12.4 999.0 99.0 99.00
2019 11 26 16 50 222  5.4  6.4  0.84  8.33  4.27 129 1017.5  12.8  12.3 999.0 99.0 99.00
2019 11 26 17 50 218  5.5  6.4  0.83  9.09  4.50 168 1017.2  13.0  12.3 999.0 99.0 99.00
2019 11 26 18 50 212  6.1  7.1  0.84  9.09  4.47 151 1016.8  13.1  12.3 999.0 99.0 99.00
2019 11 26 19 50 207  6.6  7.7  0.86  9.09  4.47 165 1016.5  13.2  12.3 999.0 99.0 99.00
2019 11 26 20 50 202  6.7  7.8  0.86  8.33  4.34 164 1016.5  13.2  12.3 999.0 99.0 99.00
2019 11 26 21 50 208  6.8  8.0  0.91  8.33  4.29 144 1016.6  13.1  12.3 999.0 99.0 99.00
2019 11 26 22 50 212  7.3  8.5  0.95  3.85  4.24 201 1017.0  13.2  12.3 999.0 99.0 99.00
2019 11 26 23 50 214  6.8  8.0  1.00  4.17  4.08 197 1017.0  13.2  12.3 999.0 99.0 99.00
2019 11 27 00 50 223  6.6  7.9  1.03  4.35  4.12 196 1017.7  13.2  12.2 999.0 99.0 99.00
2019 11 27 01 50 231  6.1  6.8  0.98  4.17  4.11 202 1018.0  13.1  12.2 999.0 99.0 99.00
2019 11 27 02 50 229  6.2  7.3  0.95  8.33  4.34 154 1017.8  13.0  12.2 999.0 99.0 99.00
2019 11 27 03 50 230  5.8  6.5  1.01  4.35  4.24 209 1017.9  13.0  12.1 999.0 99.0 99.00
2019 11 27 04 50 225  4.7  5.6  0.90  4.55  4.02 195 1017.9  13.0  12.1 999.0 99.0 99.00
2019 11 27 05 50 243  3.7  5.0  0.89  4.17  4.29 202 1018.0  13.0  12.1 999.0 99.0 99.00
2019 11 27 06 50 228  2.7  3.4  0.88  4.55  4.47 199 1018.1  12.8  12.1 999.0 99.0 99.00
2019 11 27 07 50 208  2.8  3.2  0.84  4.35  4.37 197 1018.2  12.7  12.1 999.0 99.0 99.00
2019 11 27 08 50 155  1.2  1.4  0.78  8.33  4.34 174 1017.6  12.5  12.1 999.0 99.0 99.00
2019 11 27 09 50 114  1.6  1.7  0.73  7.69  4.37 162 1017.1  12.5  12.1 999.0 99.0 99.00
2019 11 27 10 50 130  2.4  2.7  0.72  7.69  4.43 183 1016.7  12.7  12.1 999.0 99.0 99.00
2019 11 27 11 50 128  3.4  3.9  0.66  7.14  4.62 156 1016.1  12.9  12.2 999.0 99.0 99.00
2019 11 27 12 50 134  2.5  3.0  0.62  7.69  4.54 145 1016.3  13.1  12.2 999.0 99.0 99.00
2019 11 27 13 50 137  2.2  2.4  0.61  7.14  4.78 168 1016.2  13.1  12.2 999.0 99.0 99.00
2019 11 27 14 50 148  4.4  5.2  0.59  7.14  4.86 148 1014.5  13.4  12.2 999.0 99.0 99.00
2019 11 27 15 50 185  5.3  6.1  0.58  7.69  4.67 154 1013.2  13.7  12.2 999.0 99.0 99.00
2019 11 27 16 50 204  6.2  7.3  0.61  7.69  4.29 161 1011.9  13.2  12.2 999.0 99.0 99.00
2019 11 27 17 50 213  7.8  9.5  0.72  7.69  3.70 133 1010.7  13.5  12.2 999.0 99.0 99.00
2019 11 27 18 50 210  8.7 10.3  0.86  4.00  3.80 173 1008.5  13.4  12.2 999.0 99.0 99.00
2019 11 27 19 50 198  9.2 11.1  1.06  4.55  3.91 194 1006.7  13.6  12.2 999.0 99.0 99.00
2019 11 27 20 50 201 11.1 14.4  1.27  4.76  4.11 209 1005.5  13.8  12.2 999.0 99.0 99.00
2019 11 27 21 50 205 12.6 16.1  1.57  5.00  4.38 195 1003.6  13.6  12.2 999.0 99.0 99.00
2019 11 27 22 50 217 11.7 15.0  2.08  5.88  4.81 200 1002.9  13.5  12.2 999.0 99.0 99.00
2019 11 27 23 50 221 12.1 14.9  1.99  6.25  4.88 198 1001.7  13.6  12.2 999.0 99.0 99.00
2019 11 28 00 50 237 11.2 13.4  2.17  7.14  5.20 194 1001.2  13.2  12.2 999.0 99.0 99.00
2019 11 28 01 50 250  8.4  9.9  2.61  7.14  5.65 190 1001.2  12.9  12.2 999.0 99.0 99.00
2019 11 28 02 50 265  9.3 12.2  2.39  7.14  5.68 197 1001.3  13.3  12.2 999.0 99.0 99.00
2019 11 28 03 50 270  9.0 10.7  2.33  7.69  5.77 194 1001.2  13.3  12.2 999.0 99.0 99.00
2019 11 28 04 50 283 11.6 14.9  2.47  7.69  5.98 190 1000.9  13.6  12.2 999.0 99.0 99.00
2019 11 28 05 50 296 16.1 20.0  2.61  7.69  5.62 191 1001.3  13.0  12.2 999.0 99.0 99.00
2019 11 28 06 50 294 17.0 20.4  2.77  5.88  5.51 279 1002.1  12.3  12.1 999.0 99.0 99.00
2019 11 28 07 50 288 17.1 21.5  2.77  6.67  5.60 298 1002.9  10.6  12.1 999.0 99.0 99.00
2019 11 28 08 50 290 16.6 20.8  3.40  7.14  6.16 277 1004.1  10.1  12.1 999.0 99.0 99.00
2019 11 28 09 50 289 15.4 20.1  3.13  7.14  5.89 284 1004.6   9.8  12.1 999.0 99.0 99.00
2019 11 28 10 50 292 15.8 19.6  3.22  7.14  5.98 285 1004.9   9.7  12.1 999.0 99.0 99.00
2019 11 28 11 50 296 14.1 17.9  2.65  7.14  5.64 281 1006.0   9.6  12.1 999.0 99.0 99.00
2019 11 28 12 50 297 15.4 19.2  2.57  6.67  5.49 276 1006.2   9.7  12.1 999.0 99.0 99.00
2019 11 28 13 50 295 15.6 18.1  2.69  6.67  5.49 284 1006.1   9.8  12.1 999.0 99.0 99.00
2019 11 28 14 50 300 13.8 16.8  2.43  5.88  5.12 299 1006.8  10.3  12.1 999.0 99.0 99.00
2019 11 28 15 50 299 13.8 16.7  2.06  6.25  4.91 289 1006.7  10.8  12.1 999.0 99.0 99.00
2019 11 28 16 50 309 15.8 19.2  2.27  5.88  4.97 300 1006.7  11.0  12.1 999.0 99.0 99.00
2019 11 28 17 50 306 16.2 19.4  2.29  6.25  5.09 300 1007.2  10.7  12.1 999.0 99.0 99.00
2019 11 28 18 50 318 15.7 20.2  2.53  6.67  5.31 290 1008.3  10.4  12.1 999.0 99.0 99.00
2019 11 28 19 50 339 13.5 16.1  2.31  6.25  5.12 293 1010.2   9.6  12.1 999.0 99.0 99.00
2019 11 28 20 50 337 13.8 17.0  2.37  6.25  5.08 297 1012.0   9.2  12.1 999.0 99.0 99.00
2019 11 28 21 50 336 14.5 17.7  2.47  6.25  5.21 311 1013.0   8.9  12.0 999.0 99.0 99.00
2019 11 28 22 50 340 15.1 18.1  2.45  5.56  5.12 337 1014.5   8.5  12.0 999.0 99.0 99.00
2019 11 28 23 50 347 15.6 18.9  2.35  5.56  4.99 335 1015.3   8.1  12.0 999.0 99.0 99.00
2019 11 29 00 50 341 14.8 17.6  2.34  5.88  5.02 341 1016.8   7.8  11.9 999.0 99.0 99.00
2019 11 29 01 50 341 13.1 16.0  2.15  5.88  4.94 346 1018.0   7.2  11.9 999.0 99.0 99.00
2019 11 29 02 50 343 14.9 18.1  2.26  5.88  4.99 333 1018.5   6.3  11.9 999.0 99.0 99.00
2019 11 29 03 50 341 13.7 16.3  2.20  5.88  4.79 322 1019.0   5.8  11.9 999.0 99.0 99.00
2019 11 29 04 50 340 14.5 17.6  2.01  5.56  4.74 330 1019.1   5.4  11.9 999.0 99.0 99.00
2019 11 29 05 50 342 14.1 17.3  2.13  5.56  4.88 335 1019.4   5.2  11.8 999.0 99.0 99.00
2019 11 29 06 50 341 13.8 16.9  2.17  5.88  4.88 342 1019.6   4.4  11.8 999.0 99.0 99.00
2019 11 29 07 50 344 12.5 14.8  1.99  5.56  4.69 329 1020.1   4.0  11.8 999.0 99.0 99.00
2019 11 29 08 50 345 11.3 14.5  1.76  5.56  4.74 339 1020.4   3.7  11.8 999.0 99.0 99.00
2019 11 29 09 50 339 11.7 13.8  1.75  5.26  4.68 338 1021.0   3.1  11.8 999.0 99.0 99.00
2019 11 29 10 50 340 11.8 14.7  1.77  5.26  4.77 340 1021.4   3.0  11.8 999.0 99.0 99.00
2019 11 29 11 50 344 12.1 14.6  1.86  5.26  4.84 333 1021.4   2.7  11.8 999.0 99.0 99.00
2019 11 29 12 50 345 10.4 13.5  1.82  5.56  4.83 333 1021.7   2.5  11.7 999.0 99.0 99.00
2019 11 29 13 50 347 10.0 12.0  1.69  5.56  4.69 317 1021.7   2.5  11.7 999.0 99.0 99.00
2019 11 29 14 50 344 10.4 13.2  1.73  5.26  4.71 332 1021.7   3.0  11.8 999.0 99.0 99.00
2019 11 29 15 50 343 10.6 12.6  1.61  5.00  4.50 319 1021.2   3.4  11.8 999.0 99.0 99.00
2019 11 29 16 50 339  9.6 11.4  1.63  5.00  4.56 324 1020.4   3.5  11.8 999.0 99.0 99.00
2019 11 29 17 50 325  9.7 11.8  1.63  5.00  4.51 316 1020.2   4.3  11.9 999.0 99.0 99.00
2019 11 29 18 50 329  9.9 12.1  1.46  4.17  4.44 348 1019.5   4.6  11.9 999.0 99.0 99.00
2019 11 29 19 50 342  9.1 12.0  1.52  4.55  4.53 334 1018.7   5.1  11.8 999.0 99.0 99.00
2019 11 29 20 50 335  9.0 11.3  1.53 12.12  4.53 117 1019.1   5.6  11.9 999.0 99.0 99.00
2019 11 29 21 50 336  9.6 11.5  1.47 11.43  4.79  97 1019.5   6.1  11.9 999.0 99.0 99.00
2019 11 29 22 50 339  9.5 11.9  1.60 11.43  4.89  96 1019.2   6.0  11.9 999.0 99.0 99.00
2019 11 29 23 50 339 10.4 12.1  1.56  4.55  4.73 319 1019.5   5.7  12.0 999.0 99.0 99.00
2019 11 30 00 50 342 10.8 12.3  1.59  4.55  4.62 332 1019.0   5.5  12.0 999.0 99.0 99.00
2019 11 30 01 50 345 10.8 13.1  1.64  4.55  4.56 332 1018.6   5.1  12.1 999.0 99.0 99.00
2019 11 30 02 50 347 10.4 13.0  1.55  4.55  4.58 335 1018.2   5.1  12.2 999.0 99.0 99.00
2019 11 30 03 50 347 10.6 13.7  1.65  4.76  4.51 351 1017.8   5.0  12.2 999.0 99.0 99.00
2019 11 30 04 50 344 10.0 12.4  1.54  4.55  4.48 348 1017.4   4.7  12.2 999.0 99.0 99.00
2019 11 30 05 50 346  9.0 11.0  1.43  4.76  4.41 346 1017.2   4.5  12.3 999.0 99.0 99.00
2019 11 30 06 50 344  9.2 11.4  1.35  4.55  4.35 349 1017.4   4.4  12.3 999.0 99.0 99.00
2019 11 30 07 50 343  9.2 11.5  1.45  4.55  4.47 351 1017.2   4.2  12.3 999.0 99.0 99.00
2019 11 30 08 50 342  8.4 11.1  1.39  4.35  4.40 353 1017.1   3.8  12.3 999.0 99.0 99.00
2019 11 30 09 50 339  8.6 10.4  1.41  4.55  4.47 350 1017.0   3.5  12.3 999.0 99.0 99.00
2019 11 30 10 50 346  9.3 11.6  1.27  4.55  4.39 344 1017.1   3.3  12.2 999.0 99.0 99.00
2019 11 30 11 50 352  9.7 11.8  1.26  4.35  4.34 350 1017.0   3.8  12.2 999.0 99.0 99.00
2019 11 30 12 50 349 10.2 11.6  1.46  4.76  4.41 345 1017.1   3.9  12.2 999.0 99.0 99.00
2019 11 30 13 50 351  9.1 11.1  1.45  4.55  4.36 354 1017.5   3.8  12.2 999.0 99.0 99.00
2019 11 30 14 50 342  7.9  9.6  1.32  4.55  4.46 349 1018.0   3.8  12.3 999.0 99.0 99.00
2019 11 30 15 50 336  7.8  9.4  1.32  4.35  4.39 356 1017.5   4.0  12.3 999.0 99.0 99.00
2019 11 30 16 50 330  9.1 10.5  1.22 10.00  4.42  77 1016.5   4.6  12.3 999.0 99.0 99.00
2019 11 30 17 50 334  7.2  9.6  1.17  3.85  4.43 349 1015.9   4.8  12.3 999.0 99.0 99.00
2019 11 30 18 50 329  7.6 10.1  1.08  3.57  4.24 346 1015.1   5.6  12.2 999.0 99.0 99.00
2019 11 30 19 50 327  7.2  9.2  1.00 10.00  4.67 112 1015.3   5.7  12.2 999.0 99.0 99.00
2019 11 30 20 50 319  6.9  9.1  0.99  9.09  4.34  90 1015.4   6.0  12.2 999.0 99.0 99.00
2019 11 30 21 50 325  6.9  9.0  1.01 10.00  4.56  90 1015.8   6.2  12.2 999.0 99.0 99.00
2019 11 30 22 50 327  7.7  9.9  0.97 11.43  4.45 113 1016.2   6.1  12.2 999.0 99.0 99.00
