#YY  MM DD hh mm WDIR WSPD GST  WVHT   DPD   APD MWD   PRES  ATMP  WTMP  DEWP  VIS  TIDE
#yr  mo dy hr mn degT m/s  m/s     m   sec   sec deg    hPa  degC  degC  degC  nmi    ft
2018 12 31 23 50 147  9.8 12.5  1.41  5.00  4.50 144 1020.7   7.6   7.1 999.0 99.0 99.00
2019 01 01 00 50 135 11.3 14.1  1.56  5.56  4.71 153 1018.4   8.1   7.1 999.0 99.0 99.00
2019 01 01 01 50 127 11.2 14.0  1.92  5.88  5.09 135 1016.6   8.3   7.1 999.0 99.0 99.00
2019 01 01 02 50 137 12.7 15.3  2.23  6.25  5.22 143 1013.6   8.7   7.2 999.0 99.0 99.00
2019 01 01 03 50 150 13.7 16.9  2.52  6.67  5.49 148 1010.7   9.5   7.2 999.0 99.0 99.00
2019 01 01 04 50 168  9.5 11.2  2.77  7.14  5.75 141 1010.0  10.2   7.2 999.0 99.0 99.00
2019 01 01 05 50 196  8.9 10.1  2.55  7.69  5.70 133 1007.8  10.8   7.3 999.0 99.0 99.00
2019 01 01 06 50 208 11.5 14.0  2.30  7.14  5.51 129 1006.0  11.2   7.3 999.0 99.0 99.00
2019 01 01 07 50 215 12.1 14.1  2.26  7.14  5.37 120 1004.4  11.4   7.3 999.0 99.0 99.00
2019 01 01 08 50 219 11.2 13.4  2.21  7.69  5.33 135 1003.3  11.3   7.4 999.0 99.0 99.00
2019 01 01 09 50 226 11.0 13.6  2.25  7.69  5.37 130 1002.3  11.0   7.4 999.0 99.0 99.00
2019 01 01 10 50 230  9.8 11.7  2.60  7.69  5.66 128 1003.2  10.7   7.4 999.0 99.0 99.00
2019 01 01 11 50 233  9.5 11.1  2.54  7.14  5.83 148 1003.7  10.6   7.4 999.0 99.0 99.00
2019 01 01 12 50 231  9.1 10.5  2.46  7.69  5.92 148 1004.9  10.8   7.5 999.0 99.0 99.00
2019 01 01 13 50 235  7.1  8.2  2.41  7.69  6.07 157 1005.7  10.7   7.5 999.0 99.0 99.00
2019 01 01 14 50 247  9.2 10.6  2.68  7.69  6.42 164 1006.4  12.2   7.6 999.0 99.0 99.00
2019 01 01 15 50 284 11.4 13.5  2.33  8.33  6.13 162 1007.4  12.7   7.6 999.0 99.0 99.00
2019 01 01 16 50 275  9.9 11.7  2.40  9.09  6.15 161 1007.8  11.5   7.6 999.0 99.0 99.00
2019 01 01 17 50 287  9.4 11.5  2.33  9.09  5.91 155 1008.3  11.0   7.5 999.0 99.0 99.00
2019 01 01 18 50 293  6.5  8.0  2.26  9.09  5.91 161 1009.6  10.0   7.5 999.0 99.0 99.00
2019 01 01 19 50 306  9.4 11.4  1.98 10.00  5.73 149 1011.5  10.3   7.5 999.0 99.0 99.00
2019 01 01 20 50 319 11.1 13.6  2.31  9.09  5.92 162 1013.4   9.2   7.4 999.0 99.0 99.00
2019 01 01 21 50 319 11.4 13.8  2.15  9.09  5.57 157 1015.2   8.6   7.4 999.0 99.0 99.00
2019 01 01 22 50 318 11.7 14.9  2.12  8.33  5.62 167 1017.0   8.2   7.4 999.0 99.0 99.00
2019 01 01 23 50 320  7.6  9.5  2.01  8.33  5.77 156 1018.2   7.6   7.3 999.0 99.0 99.00
2019 01 02 00 50 321  9.3 11.1  1.78  9.09  5.64 160 1019.3   7.6   7.3 999.0 99.0 99.00
2019 01 02 01 50 314  9.2 11.3  1.63  9.09  5.47 161 1019.9   7.4   7.3 999.0 99.0 99.00
2019 01 02 02 50 319 10.0 12.2  1.64  9.09  5.04 159 1020.2   6.9   7.3 999.0 99.0 99.00
2019 01 02 03 50 321  9.5 11.6  1.59  9.09  5.00 155 1020.3   6.6   7.3 999.0 99.0 99.00
2019 01 02 04 50 328 10.4 12.2  1.51  9.09  4.98 172 1020.6   6.3   7.3 999.0 99.0 99.00
2019 01 02 05 50 331  9.5 11.9  1.39  8.33  4.87 177 1021.2   6.1   7.2 999.0 99.0 99.00
2019 01 02 06 50 332  9.8 11.5  1.30  4.55  4.62 306 1022.1   5.7   7.2 999.0 99.0 99.00
2019 01 02 07 50 331  9.1 10.5  1.31  9.09  4.88 164 1022.9   5.3   7.2 999.0 99.0 99.00
2019 01 02 08 50 325  9.1 10.4  1.26  8.33  4.57 170 1023.3   4.9   7.2 999.0 99.0 99.00
2019 01 02 09 50 326  8.3 10.1  1.14  7.69  4.46 178 1023.7   4.6   7.2 999.0 99.0 99.00
2019 01 02 10 50 331  6.9  8.5  1.04  7.69  4.34 165 1024.5   4.0   7.2 999.0 99.0 99.00
2019 01 02 11 50 355  4.8  6.5  0.93  9.09  4.41 163 1025.6   3.8   7.2 999.0 99.0 99.00
2019 01 02 20 50  86  2.7  3.6  0.62  8.33  4.66 185 1025.8   3.1   7.0 999.0 99.0 99.00
2019 01 02 21 50  95  2.7  3.8  0.60  7.69  4.98 175 1025.1   3.3   7.0 999.0 99.0 99.00
2019 01 02 22 50 127  2.2  3.3  0.53  8.33  4.95 156 1025.1   3.8   7.0 999.0 99.0 99.00
2019 01 02 23 50 128  3.9  5.0  0.56  7.69  5.31 144 1024.1   4.4   6.9 999.0 99.0 99.00
2019 01 03 00 50 161  4.6  5.7  0.59  9.09  5.58 153 1023.8   4.8   7.0 999.0 99.0 99.00
2019 01 03 01 50 173  5.7  7.8  0.57  7.69  4.94 157 1022.3   5.2   7.0 999.0 99.0 99.00
2019 01 03 02 50 157  6.3  7.9  0.58  7.69  4.07 161 1021.3   5.6   7.0 999.0 99.0 99.00
2019 01 03 03 50 158  8.0  9.4  0.70  8.33  3.86 114 1019.3   5.9   7.0 999.0 99.0 99.00
2019 01 03 04 50 172  7.1  8.4  0.76  3.23  3.77 150 1018.9   6.5   7.0 999.0 99.0 99.00
2019 01 03 05 50 185  5.9  7.4  0.81  3.85  3.87 154 1018.2   7.1   7.0 999.0 99.0 99.00
2019 01 03 06 50 181  4.8  5.6  0.82  4.00  3.92 148 1017.1   7.6   7.0 999.0 99.0 99.00
2019 01 03 07 50 169  3.5  4.2  0.89  4.17  4.25 144 1015.4   7.8   7.0 999.0 99.0 99.00
2019 01 03 08 50 184  4.8  6.4  0.90  4.17  4.20 133 1013.5   7.6   7.0 999.0 99.0 99.00
2019 01 03 09 50 189  5.5  6.3  0.95  4.76  4.15 152 1012.4   7.2   7.0 999.0 99.0 99.00
2019 01 03 10 50 202  4.9  5.9  0.91  5.26  4.25 150 1012.0   7.0   7.0 999.0 99.0 99.00
2019 01 03 11 50 207  4.7  5.6  0.98  5.00  4.39 146 1011.8   7.6   7.0 999.0 99.0 99.00
2019 01 03 12 50 249  6.8  8.4  0.94  5.00  4.44 169 1011.6   8.0   7.0 999.0 99.0 99.00
2019 01 03 13 50 280  8.4 10.8  0.92  4.76  4.33 174 1012.3   7.7   7.0 999.0 99.0 99.00
2019 01 03 14 50 290  8.6 10.5  0.89  4.76  3.87 172 1012.7   7.3   7.0 999.0 99.0 99.00
2019 01 03 15 50 293 10.4 12.5  1.00  3.45  3.71 284 1012.4   6.7   7.0 999.0 99.0 99.00
2019 01 03 17 50 320  9.8 11.9  1.26  4.55  4.09 301 1011.8   6.9   6.9 999.0 99.0 99.00
2019 01 03 18 50 322 10.7 12.4  1.18  4.55  4.19 299 1012.2   6.6   6.9 999.0 99.0 99.00
2019 01 03 19 50 319  9.0 10.9  1.20  4.76  4.18 300 1013.0   6.4   6.8 999.0 99.0 99.00
2019 01 03 20 50 316  9.1 11.0  1.12  4.55  4.03 313 1013.7   6.2   6.8 999.0 99.0 99.00
2019 01 03 21 50 318  8.0  9.8  1.15  4.76  4.18 312 1014.2   6.0   6.7 999.0 99.0 99.00
2019 01 03 22 50 322  9.4 10.7  1.05  4.76  4.09 297 1014.6   5.7   6.7 999.0 99.0 99.00
2019 01 03 23 50 327  8.1  9.9  0.90  4.55  4.02 299 1015.9   5.5   6.7 999.0 99.0 99.00
2019 01 04 00 50 323  9.2 11.0  0.90  4.55  3.84 297 1016.5   5.1   6.7 999.0 99.0 99.00
2019 01 04 01 50 334  8.1  9.9  0.94  4.35  3.84 308 1017.1   4.9   6.7 999.0 99.0 99.00
2019 01 04 02 50 332  6.7  8.0  0.84  7.69  4.11 161 1017.5   4.7   6.6 999.0 99.0 99.00
2019 01 04 03 50 317  3.4  4.3  0.75  7.14  4.21 155 1017.0   4.7   6.6 999.0 99.0 99.00
2019 01 04 04 50 283  2.5  4.1  0.68  7.14  4.68 159 1017.2   4.8   6.6 999.0 99.0 99.00
2019 01 04 05 50 244  1.9  2.8  0.54  7.14  4.71 155 1016.6   4.9   6.5 999.0 99.0 99.00
2019 01 04 06 50 255  5.1  6.2  0.51  7.14  5.00 165 1017.1   5.5   6.5 999.0 99.0 99.00
2019 01 04 07 50 258  5.5  7.1  0.56  6.67  4.78 163 1016.6   5.4   6.5 999.0 99.0 99.00
2019 01 04 08 50 269  6.5  7.7  0.54  7.14  4.05 162 1016.5   5.0   6.6 999.0 99.0 99.00
2019 01 04 09 50 274  6.1  7.1  0.71  3.23  3.73 296 1016.4   4.6   6.6 999.0 99.0 99.00
2019 01 04 10 50 264  6.8  7.8  0.73  3.57  3.87 294 1016.2   4.8   6.6 999.0 99.0 99.00
2019 01 04 11 50 264  6.3  7.4  0.81  3.70  3.85 293 1016.8   5.0   6.6 999.0 99.0 99.00
2019 01 04 12 50 252  6.5  7.6  0.78  3.70  3.84 288 1016.6   5.3   6.6 999.0 99.0 99.00
2019 01 04 13 50 256  7.1  8.2  0.76  3.85  3.76 273 1016.7   5.7   6.6 999.0 99.0 99.00
2019 01 04 15 50 248  8.4 10.4  0.89  3.70  3.78 259 1016.6   6.0   6.6 999.0 99.0 99.00
2019 01 04 16 50 247  9.0 10.5  0.98  4.17  3.80 252 1015.3   6.1   6.7 999.0 99.0 99.00
2019 01 04 17 50 241  8.7  9.9  1.14  4.55  4.09 258 1014.5   6.5   6.7 999.0 99.0 99.00
2019 01 04 18 50 232  8.6 10.1  1.10  4.76  4.19 250 1013.9   6.9   6.8 999.0 99.0 99.00
2019 01 04 19 50 227 10.1 12.3  1.15  5.00  4.28 241 1013.3   7.3   6.7 999.0 99.0 99.00
2019 01 04 20 50 226  9.6 11.7  1.22  4.76  4.24 234 1013.1   7.5   6.7 999.0 99.0 99.00
2019 01 04 21 50 229  8.8 10.6  1.19  5.00  4.25 226 1012.9   7.8   6.7 999.0 99.0 99.00
2019 01 04 22 50 230  7.1  8.4  1.19  5.26  4.30 229 1012.6   7.9   6.6 999.0 99.0 99.00
2019 01 04 23 50 226  7.6  8.9  1.09  5.00  4.19 222 1012.3   7.9   6.6 999.0 99.0 99.00
2019 01 05 00 50 218  5.4  6.4  0.90  5.00  4.02 218 1012.2   8.0   6.6 999.0 99.0 99.00
2019 01 05 01 50 197  4.0  4.5  0.85  4.76  4.04 214 1011.5   7.9   6.6 999.0 99.0 99.00
2019 01 05 02 50 181  3.7  4.3  0.71  4.76  4.09 212 1010.2   7.8   6.6 999.0 99.0 99.00
2019 01 05 03 50 172  3.2  4.1  0.69  4.55  4.16 221 1009.4   8.0   6.7 999.0 99.0 99.00
2019 01 05 04 50 132  2.3  2.7  0.62  4.76  4.18 196 1008.6   7.8   6.7 999.0 99.0 99.00
2019 01 05 05 50 117  3.2  3.7  0.57  4.35  4.22 204 1007.0   7.4   6.7 999.0 99.0 99.00
2019 01 05 06 50  89  4.7  5.4  0.59  4.17  4.34 192 1005.7   7.5   6.7 999.0 99.0 99.00
2019 01 05 07 50  80  6.0  6.9  0.57  4.00  4.22 186 1004.2   7.7   6.7 999.0 99.0 99.00
2019 01 05 08 50  73  5.0  6.0  0.66  8.33  3.89  29 1003.2   7.9   6.7 999.0 99.0 99.00
2019 01 05 09 50  78  6.6  7.8  0.76  7.69  3.82 117 1001.5   8.1   6.7 999.0 99.0 99.00
2019 01 05 10 50  70  7.6  9.4  0.83  3.57  3.67 133 1000.1   8.1   6.7 999.0 99.0 99.00
2019 01 05 11 50  77  6.9  8.1  0.96  4.17  3.84 129  999.4   8.4   6.7 999.0 99.0 99.00
2019 01 05 12 50  85  7.8  9.4  1.04  3.85  3.97 109  998.7   8.6   6.7 999.0 99.0 99.00
2019 01 05 13 50  83  7.0  8.2  1.06  4.35  4.17  94  998.0   8.7   6.8 999.0 99.0 99.00
2019 01 05 14 50  83  5.8  6.6  1.08  4.55  4.37  89  996.8   8.7   6.8 999.0 99.0 99.00
2019 01 05 15 50  76  5.0  5.7  1.09  4.76  4.49 123  995.4   8.6   6.8 999.0 99.0 99.00
2019 01 05 16 50  56  4.3  5.4  1.14  5.26  4.82 116  993.6   8.5   6.8 999.0 99.0 99.00
2019 01 05 17 50  45  7.0  8.3  1.27  5.00  4.69 110  992.4   8.3   6.8 999.0 99.0 99.00
2019 01 05 18 50  27 10.2 12.9  1.30  5.00  4.58 108  992.5   7.5   6.8 999.0 99.0 99.00
2019 01 05 19 50  12 10.7 12.3  1.42  4.76  4.51  85  993.5   7.3   6.8 999.0 99.0 99.00
2019 01 05 20 50   4 10.2 12.6  1.57  5.00  4.65  79  994.2   6.6   6.8 999.0 99.0 99.00
2019 01 05 21 50 342 11.5 14.3  1.61  5.56  4.61  69  996.2   6.9   6.8 999.0 99.0 99.00
2019 01 05 22 50 334 10.6 13.1  1.68  5.88  4.60  66  998.8   6.9   6.8 999.0 99.0 99.00
2019 01 05 23 50 331 10.5 12.8  1.63  6.25  4.79  94 1000.3   6.9   6.8 999.0 99.0 99.00
2019 01 06 00 50 325  8.7 10.3  1.60  7.14  4.87 128 1002.0   6.9   6.9 999.0 99.0 99.00
2019 01 06 01 50 308  8.8 10.5  1.67  6.67  4.95  77 1003.6   7.1   6.9 999.0 99.0 99.00
2019 01 06 02 50 305  7.8  9.1  1.66  6.67  5.05  84 1004.1   7.2   6.9 999.0 99.0 99.00
2019 01 06 03 50 301  5.9  7.0  1.51  7.14  5.19  89 1005.1   7.4   6.9 999.0 99.0 99.00
2019 01 06 04 50 294  8.2 10.5  1.28  7.14  5.23  97 1005.3   7.4   6.9 999.0 99.0 99.00
2019 01 06 05 50 296  9.3 11.4  1.28  7.14  4.64  82 1006.1   7.2   7.0 999.0 99.0 99.00
2019 01 06 06 50 298  9.9 11.5  1.44  6.67  4.87  82 1006.9   6.9   7.1 999.0 99.0 99.00
2019 01 06 07 50 302 10.2 12.5  1.58  4.55  4.96 301 1007.6   6.8   7.1 999.0 99.0 99.00
2019 01 06 08 50 304 10.6 12.8  1.56  4.76  4.88 299 1008.1   6.6   7.1 999.0 99.0 99.00
2019 01 06 09 50 291  9.4 11.5  1.56  5.00  4.87 301 1008.4   6.7   7.2 999.0 99.0 99.00
2019 01 06 10 50 292 11.1 13.4  1.48  5.00  4.72 288 1008.7   7.0   7.2 999.0 99.0 99.00
2019 01 06 11 50 284  8.7 10.1  1.46  5.00  4.77 297 1009.6   8.0   7.2 999.0 99.0 99.00
2019 01 06 12 50 261  8.3  9.8  1.38  4.76  4.76 283 1010.5   8.0   7.3 999.0 99.0 99.00
2019 01 06 13 50 258  8.9 11.0  1.22  7.69  4.58 181 1011.3   7.8   7.3 999.0 99.0 99.00
2019 01 06 14 50 258  9.5 11.8  1.30  8.33  4.69 170 1011.8   8.2   7.3 999.0 99.0 99.00
2019 01 06 15 50 267  9.7 11.3  1.28  8.33  4.59 169 1012.2   8.0   7.2 999.0 99.0 99.00
2019 01 06 16 50 264  8.6 10.2  1.27  9.09  4.64 180 1011.9   8.0   7.0 999.0 99.0 99.00
2019 01 06 17 50 282  8.1  9.7  1.24  8.33  4.73 177 1012.1   8.1   7.0 999.0 99.0 99.00
2019 01 06 18 50 304  8.7 10.3  1.16  9.09  4.41 165 1012.6   8.5   7.0 999.0 99.0 99.00
2019 01 06 19 50 307  7.3  9.2  1.21  4.76  4.35 280 1013.7   8.6   7.0 999.0 99.0 99.00
2019 01 06 20 50 323 10.3 12.6  1.25  8.33  4.43 187 1014.9   8.2   7.0 999.0 99.0 99.00
2019 01 06 21 50 320 12.3 15.9  1.52  5.26  4.57 290 1015.9   7.8   7.1 999.0 99.0 99.00
2019 01 06 22 50 314 11.7 14.3  1.61  5.56  4.63 296 1017.3   7.3   7.3 999.0 99.0 99.00
2019 01 06 23 50 319 13.2 16.9  1.69  4.76  4.44 314 1018.7   6.3   7.4 999.0 99.0 99.00
2019 01 07 00 50 326 17.2 20.8  1.83  6.25  4.70 290 1019.8   4.8   7.6 999.0 99.0 99.00
2019 01 07 01 50 315 12.1 14.7  2.00  5.56  4.79 309 1021.7   4.3   7.7 999.0 99.0 99.00
2019 01 07 02 50 333 13.0 15.3  1.66  5.56  4.56 300 1022.4   3.5   7.6 999.0 99.0 99.00
2019 01 07 03 50 331 10.1 13.0  1.65  5.56  4.47 301 1023.8   2.8   7.6 999.0 99.0 99.00
2019 01 07 04 50 353 10.8 12.7  1.44  5.56  4.28 298 1024.8   1.6   7.5 999.0 99.0 99.00
2019 01 07 05 50 340 10.4 12.3  1.71  5.00  4.43 333 1025.9   0.8   7.4 999.0 99.0 99.00
2019 01 07 06 50 338 11.4 14.8  1.52  4.76  4.39 346 1027.0   1.0   7.5 999.0 99.0 99.00
2019 01 07 07 50 339 10.4 12.4  1.50  4.76  4.35 354 1027.8   0.5   7.5 999.0 99.0 99.00
2019 01 07 08 50 336  9.7 13.6  1.33  4.55  4.20 344 1027.9   0.6   7.6 999.0 99.0 99.00
2019 01 07 09 50 331  9.4 11.2  1.25  4.76  4.13 327 1028.6   0.3   7.6 999.0 99.0 99.00
2019 01 07 10 50 342 10.0 13.6  1.29  4.55  4.12 336 1029.3  -0.4   7.5 999.0 99.0 99.00
2019 01 07 11 50 339 10.8 13.9  1.27  4.35  4.04 338 1030.0  -1.0   7.5 999.0 99.0 99.00
2019 01 07 12 50 341 11.6 14.5  1.31  4.76  4.10 349 1030.9  -1.3   7.4 999.0 99.0 99.00
2019 01 07 13 50 343 11.1 13.2  1.32  4.76  4.24 341 1032.5  -1.5   7.5 999.0 99.0 99.00
2019 01 07 14 50 349 10.1 13.8  1.27  4.76  4.04 351 1033.3  -1.7   7.5 999.0 99.0 99.00
2019 01 07 15 50 351  9.7 12.1  1.20  4.55  4.01 339 1032.0  -1.6   7.5 999.0 99.0 99.00
2019 01 07 16 50 353  8.7 11.1  1.18  4.76  3.98 346 1031.0  -1.3   7.5 999.0 99.0 99.00
2019 01 07 17 50   6  7.7 10.1  1.00  4.55  3.78 360 1030.1  -1.1   7.5 999.0 99.0 99.00
2019 01 07 18 50   7  7.1  9.1  0.94  4.35  3.78 359 1030.0  -0.9   7.5 999.0 99.0 99.00
2019 01 07 19 50   8  4.4  6.3  0.86  4.00  3.65   2 1031.0  -0.6   7.5 999.0 99.0 99.00
2019 01 07 20 50 359  2.7  4.2  0.69  3.57  3.76 358 1031.1  -0.6   7.5 999.0 99.0 99.00
2019 01 07 21 50  33  2.6  4.8  0.59  3.45  3.84   8 1030.2  -0.2   7.5 999.0 99.0 99.00
2019 01 07 22 50  62  2.0  3.2  0.58 10.00  4.03 123 1029.8   0.0   7.5 999.0 99.0 99.00
2019 01 07 23 50  76  2.9  4.3  0.59  4.76  4.08  65 1029.4   0.4   7.5 999.0 99.0 99.00
2019 01 08 00 50 122  2.3  3.8  0.51  9.09  4.17 155 1029.2   0.7   7.4 999.0 99.0 99.00
2019 01 08 01 50 149  4.2  5.8  0.51  4.17  4.31  60 1028.2   1.3   7.4 999.0 99.0 99.00
2019 01 08 02 50 162  4.3  5.7  0.46  4.55  4.35  73 1028.3   1.9   7.4 999.0 99.0 99.00
2019 01 08 03 50 167  5.5  6.8  0.45  9.09  3.97  78 1027.3   2.5   7.4 999.0 99.0 99.00
2019 01 08 04 50 173  8.3 10.2  0.52  8.33  3.54  54 1025.2   3.4   7.5 999.0 99.0 99.00
2019 01 08 05 50 167  8.8 10.4  0.67  3.33  3.45 153 1024.4   4.0   7.5 999.0 99.0 99.00
2019 01 08 06 50 182  7.2  8.4  0.84  3.70  3.66 151 1025.4   4.9   7.6 999.0 99.0 99.00
2019 01 08 07 50 202  3.8  5.3  0.85  4.00  3.91 164 1025.6   5.8   7.6 999.0 99.0 99.00
2019 01 08 08 50 167  8.0 10.0  0.91  4.17  3.96 153 1022.3   6.3   7.6 999.0 99.0 99.00
2019 01 08 09 50 164  9.4 11.5  1.05  4.55  4.02 162 1021.2   6.6   7.6 999.0 99.0 99.00
2019 01 08 10 50 171  7.3  8.9  1.18  4.76  4.11 160 1020.9   6.6   7.6 999.0 99.0 99.00
2019 01 08 11 50 171  6.1  7.1  1.20  4.76  4.29 160 1020.2   7.1   7.6 999.0 99.0 99.00
2019 01 08 12 50 169  4.8  5.6  1.35  5.56  4.56 163 1019.5   7.6   7.6 999.0 99.0 99.00
2019 01 08 13 50 122  2.1  2.7  1.51  5.26  4.62 157 1018.6   8.0   7.6 999.0 99.0 99.00
2019 01 08 14 50 103  1.0  2.0  1.45  5.88  4.92 162 1017.9   8.2   7.7 999.0 99.0 99.00
2019 01 08 15 50 180  2.2  2.6  1.48  5.88  5.03 164 1016.2   8.6   7.7 999.0 99.0 99.00
2019 01 08 16 50 222  2.7  3.4  1.40  5.88  5.01 158 1014.4   8.6   7.7 999.0 99.0 99.00
2019 01 08 17 50 210  3.6  4.2  1.21  6.25  5.04 151 1012.7   8.6   7.8 999.0 99.0 99.00
2019 01 08 18 50 226  4.4  5.5  1.24  6.25  4.98 141 1011.7   8.4   7.8 999.0 99.0 99.00
2019 01 08 19 50 239  3.9  4.5  1.15  6.25  5.06 140 1010.6   8.2   7.9 999.0 99.0 99.00
2019 01 08 20 50 207  3.4  3.9  1.21  6.25  5.19 151 1009.3   8.0   7.9 999.0 99.0 99.00
2019 01 08 21 50 197  2.8  3.3  1.24  6.25  5.29 138 1008.8   7.9   7.8 999.0 99.0 99.00
2019 01 08 22 50 201  5.8  7.1  1.17  5.88  5.16 136 1007.9   8.2   7.9 999.0 99.0 99.00
2019 01 08 23 50 255  3.9  4.7  1.25  5.56  5.20 142 1007.9   7.8   7.9 999.0 99.0 99.00
2019 01 09 00 50 263  2.4  2.9  1.06  5.88  4.97 150 1007.0   7.4   7.8 999.0 99.0 99.00
2019 01 09 01 50 215  2.9  3.9  1.01  5.88  4.80 127 1005.6   7.6   7.8 999.0 99.0 99.00
2019 01 09 02 50 200  4.5  5.5  1.04  5.88  4.89 133 1004.2   7.9   7.8 999.0 99.0 99.00
2019 01 09 03 50 188  4.5  5.5  1.20  6.25  5.37 149 1002.3   7.9   7.8 999.0 99.0 99.00
2019 01 09 04 50 188  4.9  6.4  1.46  7.14  5.90 167 1000.6   8.1   7.8 999.0 99.0 99.00
2019 01 09 05 50 275  9.6 11.6  1.70  7.14  5.83 159 1000.2   7.7   7.8 999.0 99.0 99.00
2019 01 09 06 50 280  6.5  7.7  1.63  7.69  5.76 160 1000.0   7.6   7.7 999.0 99.0 99.00
2019 01 09 07 50 259  7.4  8.5  1.40  8.33  5.60 151 1000.2   8.0   7.7 999.0 99.0 99.00
2019 01 09 08 50 267 10.9 13.1  1.58  7.69  5.30 174 1000.1   8.4   7.8 999.0 99.0 99.00
2019 01 09 09 50 271 12.5 16.1  1.70  7.69  4.89 165 1000.2   7.9   7.8 999.0 99.0 99.00
2019 01 09 10 50 274 12.6 16.3  1.92  4.55  4.84 261 1000.4   7.4   7.8 999.0 99.0 99.00
2019 01 09 11 50 276 13.8 18.2  2.31  5.56  5.25 271 1000.5   7.4   7.8 999.0 99.0 99.00
2019 01 09 12 50 281 14.3 19.1  2.93  6.25  5.68 286 1000.6   7.2   7.8 999.0 99.0 99.00
2019 01 09 13 50 280 14.8 18.1  2.86  6.67  5.72 263 1000.9   7.0   7.8 999.0 99.0 99.00
2019 01 09 14 50 281 14.7 18.7  2.89  6.25  5.63 283 1001.3   7.1   7.8 999.0 99.0 99.00
2019 01 09 15 50 282 13.7 16.3  2.69  6.25  5.46 280 1000.6   7.0   7.8 999.0 99.0 99.00
2019 01 09 16 50 283 13.9 16.3  2.63  6.25  5.47 277  999.9   7.0   7.9 999.0 99.0 99.00
2019 01 09 17 50 291 13.4 16.2  2.34  6.25  5.21 286  999.4   7.2   7.9 999.0 99.0 99.00
2019 01 09 18 50 294 12.8 15.1  2.16  5.56  4.97 290  999.9   7.3   7.9 999.0 99.0 99.00
2019 01 09 19 50 288 10.9 13.5  2.18  5.56  5.08 294 1000.6   7.3   7.9 999.0 99.0 99.00
2019 01 09 20 50 288 12.2 15.0  1.88  5.56  4.76 281 1001.0   7.2   7.8 999.0 99.0 99.00
2019 01 09 21 50 288 13.8 16.6  1.84  5.56  4.71 290 1001.3   6.8   7.6 999.0 99.0 99.00
2019 01 09 22 50 292 12.6 16.0  1.96  5.88  4.94 304 1001.9   6.6   7.5 999.0 99.0 99.00
2019 01 09 23 50 293 13.9 16.4  2.22  5.88  5.02 301 1002.1   6.0   7.5 999.0 99.0 99.00
2019 01 10 00 50 296 14.2 16.7  2.18  6.25  5.10 295 1002.3   5.3   7.5 999.0 99.0 99.00
2019 01 10 01 50 292 13.5 16.3  2.14  5.88  5.04 296 1002.5   4.8   7.3 999.0 99.0 99.00
2019 01 10 02 50 306 14.2 17.8  2.29  6.25  5.20 292 1002.4   4.2   7.2 999.0 99.0 99.00
2019 01 10 03 50 293 13.1 16.8  1.94  6.25  5.02 302 1002.1   3.9   7.2 999.0 99.0 99.00
2019 01 10 04 50 302 14.2 17.4  1.97  5.56  4.88 301 1001.7   3.2   7.1 999.0 99.0 99.00
2019 01 10 05 50 288 14.5 18.4  1.88  5.88  4.75 298 1001.7   3.1   7.1 999.0 99.0 99.00
2019 01 10 06 50 293 13.9 18.3  2.03  6.25  4.79 298 1002.0   2.8   7.1 999.0 99.0 99.00
2019 01 10 07 50 291 14.2 17.0  1.97  5.88  4.86 295 1002.1   2.7   7.0 999.0 99.0 99.00
2019 01 10 08 50 286 13.8 17.9  2.09  6.25  4.96 298 1001.7   2.1   7.0 999.0 99.0 99.00
2019 01 10 09 50 291 14.0 17.2  2.25  6.25  5.00 296 1001.7   1.7   7.0 999.0 99.0 99.00
2019 01 10 10 50 294 14.6 17.2  2.48  6.25  5.22 296 1002.2   1.5   7.0 999.0 99.0 99.00
2019 01 10 11 50 294 14.3 18.4  2.59  6.25  5.36 291 1002.6   1.5   6.9 999.0 99.0 99.00
2019 01 10 12 50 295 14.4 17.5  2.06  6.25  5.05 289 1003.1   2.1   6.8 999.0 99.0 99.00
2019 01 10 13 50 296 14.7 18.1  2.17  6.25  5.02 294 1003.9   2.1   6.8 999.0 99.0 99.00
2019 01 10 14 50 303 15.7 19.6  2.28  6.67  5.16 284 1004.4   1.8   6.8 999.0 99.0 99.00
2019 01 10 15 50 297 14.7 17.6  2.28  6.25  5.13 300 1004.4   1.8   6.8 999.0 99.0 99.00
2019 01 10 16 50 296 14.7 17.8  2.46  6.67  5.29 289 1004.1   1.7   6.8 999.0 99.0 99.00
2019 01 10 17 50 302 15.5 18.6  2.28  6.25  5.01 300 1004.1   1.8   6.8 999.0 99.0 99.00
2019 01 10 18 50 300 15.9 20.8  2.31  6.25  5.04 296 1004.6   1.8   6.8 999.0 99.0 99.00
2019 01 10 19 50 307 14.8 19.0  2.29  6.25  5.12 292 1005.8   2.1   6.8 999.0 99.0 99.00
2019 01 10 20 50 312 14.4 17.6  2.14  5.56  4.94 298 1007.1   2.1   6.7 999.0 99.0 99.00
2019 01 10 21 50 312 15.4 19.0  2.16  6.25  5.04 289 1007.9   2.2   6.7 999.0 99.0 99.00
2019 01 10 22 50 309 16.1 20.1  2.33  6.25  5.09 289 1008.8   2.3   6.7 999.0 99.0 99.00
2019 01 10 23 50 312 15.2 18.3  2.18  6.25  5.10 293 1010.4   2.1   6.7 999.0 99.0 99.00
2019 01 11 00 50 312 14.3 18.2  2.12  5.88  5.05 308 1011.1   2.0   6.6 999.0 99.0 99.00
2019 01 11 01 50 316 13.7 18.8  1.99  5.88  5.04 303 1012.2   1.7   6.6 999.0 99.0 99.00
2019 01 11 02 50 314 11.9 14.6  1.95  6.25  4.97 294 1013.1   1.3   6.6 999.0 99.0 99.00
2019 01 11 03 50 312 13.9 17.1  1.87  5.88  4.88 292 1013.0   1.1   6.6 999.0 99.0 99.00
2019 01 11 04 50 317 12.1 14.5  1.53  5.88  4.49 304 1013.5   0.5   6.6 999.0 99.0 99.00
2019 01 11 05 50 311 12.8 16.2  1.46  5.56  4.32 297 1014.3   0.1   6.6 999.0 99.0 99.00
2019 01 11 06 50 310 12.2 15.3  1.62  5.88  4.47 290 1015.5   0.1   6.6 999.0 99.0 99.00
2019 01 11 07 50 314 12.0 15.3  1.65  5.88  4.60 290 1016.2  -0.4   6.6 999.0 99.0 99.00
2019 01 11 08 50 310 11.5 14.4  1.46  5.56  4.40 289 1016.6  -0.7   6.6 999.0 99.0 99.00
2019 01 11 09 50 317 13.3 16.1  1.76  5.88  4.66 293 1017.1  -1.1   6.6 999.0 99.0 99.00
2019 01 11 10 50 321 12.5 15.5  1.60  5.88  4.62 293 1018.3  -1.4   6.6 999.0 99.0 99.00
2019 01 11 11 50 317 12.7 15.5  1.58  5.56  4.50 295 1019.0  -1.7   6.6 999.0 99.0 99.00
2019 01 11 12 50 316 13.2 15.5  1.71  5.26  4.67 314 1020.1  -2.3   6.5 999.0 99.0 99.00
2019 01 11 13 50 314 13.7 16.7  1.73  5.88  4.68 304 1020.8  -2.5   6.5 999.0 99.0 99.00
2019 01 11 14 50 314 13.4 16.1  1.83  5.88  4.77 300 1021.8  -2.5   6.5 999.0 99.0 99.00
2019 01 11 15 50 313 11.5 13.9  1.99  5.88  4.85 302 1022.5  -2.3   6.5 999.0 99.0 99.00
2019 01 11 16 50 310 11.7 14.2  1.86  5.88  4.80 298 1022.1  -1.8   6.5 999.0 99.0 99.00
2019 01 11 17 50 310 11.7 15.0  1.61  5.88  4.57 297 1021.8  -1.4   6.5 999.0 99.0 99.00
2019 01 11 18 50 309 11.3 15.1  1.51  5.56  4.38 296 1022.4  -0.6   6.5 999.0 99.0 99.00
2019 01 11 19 50 316 10.7 14.0  1.53  5.56  4.34 291 1023.2   0.2   6.5 999.0 99.0 99.00
2019 01 11 20 50 319 10.8 13.6  1.36  5.56  4.31 296 1023.6   0.4   6.5 999.0 99.0 99.00
2019 01 11 21 50 314 11.5 13.9  1.41  5.56  4.27 297 1024.4   0.4   6.5 999.0 99.0 99.00
2019 01 11 22 50 319 11.3 13.2  1.40  5.56  4.37 302 1025.2   0.3   6.5 999.0 99.0 99.00
2019 01 11 23 50 321  8.7 11.3  1.24  5.26  4.21 300 1026.5   0.1   6.4 999.0 99.0 99.00
2019 01 12 00 50 317  8.6 10.6  1.16  5.00  4.19 299 1027.4  -0.8   6.4 999.0 99.0 99.00
2019 01 12 01 50 312  7.7 10.2  1.03  5.00  4.01 299 1028.3  -1.1   6.4 999.0 99.0 99.00
2019 01 12 02 50 312  7.7 10.8  1.01  5.00  4.11 300 1028.9  -1.2   6.3 999.0 99.0 99.00
2019 01 12 03 50 304  6.3  8.4  0.85  5.00  3.72 299 1029.9  -1.6   6.3 999.0 99.0 99.00
2019 01 12 04 50 326  6.6  8.5  0.79  4.55  3.71 294 1029.7  -1.8   6.3 999.0 99.0 99.00
2019 01 12 05 50 316  6.0  8.7  0.74  4.55  3.74 292 1030.3  -1.9   6.3 999.0 99.0 99.00
2019 01 12 06 50 328  6.7  8.2  0.64  4.00  3.48 298 1030.8  -2.1   6.3 999.0 99.0 99.00
2019 01 12 07 50 333  5.9  7.7  0.62  4.17  3.39 297 1031.5  -2.4   6.2 999.0 99.0 99.00
2019 01 12 08 50 331  4.9  7.1  0.55  3.57  3.30 301 1031.8  -2.4   6.2 999.0 99.0 99.00
2019 01 12 09 50 337  4.9  6.6  0.49  3.23  3.29 305 1032.1  -2.7   6.2 999.0 99.0 99.00
2019 01 12 10 50 323  3.7  5.2  0.52  4.00  3.41 299 1032.7  -2.8   6.2 999.0 99.0 99.00
2019 01 12 11 50 346  4.1  5.2  0.48  3.85  3.46 294 1032.9  -2.8   6.1 999.0 99.0 99.00
2019 01 12 12 50 330  2.6  4.9  0.44  4.00  3.55 302 1033.5  -2.6   6.1 999.0 99.0 99.00
2019 01 12 13 50 339  2.0  3.3  0.40  3.85  3.72 294 1034.2  -2.2   6.1 999.0 99.0 99.00
2019 01 12 14 50 346  1.9  3.0  0.37  3.70  3.57 303 1034.6  -2.2   6.1 999.0 99.0 99.00
2019 01 12 15 50   4  1.9  3.4  0.34 12.12  3.67 341 1034.6  -2.2   6.2 999.0 99.0 99.00
2019 01 12 16 50 324  2.0  3.2  0.34 10.00  3.79 163 1033.5  -1.9   6.2 999.0 99.0 99.00
2019 01 12 17 50 298  2.0  3.2  0.28 11.43  3.74 134 1033.2  -1.6   6.3 999.0 99.0 99.00
2019 01 12 18 50 309  2.1  4.0  0.28 12.12  4.13  94 1033.1  -1.2   6.3 999.0 99.0 99.00
2019 01 12 19 50 303  2.4  4.2  0.25 99.00  4.22 999 1033.1  -1.0   6.3 999.0 99.0 99.00
2019 01 12 20 50 313  3.3  4.5  0.25 99.00  4.73 999 1032.9  -0.7   6.3 999.0 99.0 99.00
2019 01 12 21 50 322  2.7  3.8  0.24 99.00  5.28 999 1032.9   0.1   6.2 999.0 99.0 99.00
2019 01 12 22 50 307  2.7  3.9  0.22 99.00  5.03 999 1033.4   0.5   6.2 999.0 99.0 99.00
2019 01 12 23 50 317  1.6  2.8  0.25 10.00  5.42  87 1033.6   0.7   6.2 999.0 99.0 99.00
2019 01 13 00 50 266  2.0  3.0  0.24 99.00  5.54 999 1033.3   1.0   6.2 999.0 99.0 99.00
2019 01 13 01 50 267  2.1  3.5  0.24 99.00  5.55 999 1033.3   1.1   6.1 999.0 99.0 99.00
2019 01 13 02 50 321  2.5  3.9  0.27 10.00  5.35 200 1033.2   1.3   6.2 999.0 99.0 99.00
2019 01 13 03 50  21  2.9  4.2  0.24 99.00  5.60 999 1032.2   1.2   6.1 999.0 99.0 99.00
2019 01 13 04 50  30  3.4  5.0  0.24 99.00  5.78 999 1031.8   1.0   6.2 999.0 99.0 99.00
2019 01 13 05 50  11  3.1  4.3  0.24 99.00  6.09 999 1031.5   0.9   6.2 999.0 99.0 99.00
2019 01 13 06 50  36  1.9  3.1  0.25 12.90  4.76 122 1031.6   0.2   6.2 999.0 99.0 99.00
2019 01 13 07 50  37  0.5  1.3  0.27  9.09  4.20 131 1032.0   0.3   6.2 999.0 99.0 99.00
2019 01 13 08 50 348  2.2  4.9  0.27  8.33  4.08 150 1031.4   0.5   6.2 999.0 99.0 99.00
2019 01 13 09 50  27  5.1  7.5  0.30 13.79  3.67  95 1031.0   0.0   6.3 999.0 99.0 99.00
2019 01 13 10 50  19  5.9  7.5  0.39  2.60  3.13  20 1030.9  -1.0   6.3 999.0 99.0 99.00
2019 01 13 11 50  19  6.5  7.8  0.48  3.03  3.04  13 1030.6  -1.5   6.3 999.0 99.0 99.00
2019 01 13 12 50  25  6.6  8.0  0.52  3.13  3.14  16 1030.5  -1.3   6.3 999.0 99.0 99.00
2019 01 13 13 50  32  8.0 10.0  0.58  3.33  3.20  32 1030.5  -1.6   6.3 999.0 99.0 99.00
2019 01 13 14 50  34  8.2 11.1  0.57  3.33  3.24  39 1030.7  -1.0   6.3 999.0 99.0 99.00
2019 01 13 15 50  44  8.2  9.5  0.73  3.57  3.34  38 1029.5  -1.1   6.3 999.0 99.0 99.00
2019 01 13 16 50  47  7.6  8.9  0.78  3.70  3.53  44 1028.6  -0.9   6.3 999.0 99.0 99.00
2019 01 13 17 50  38  8.6 10.1  0.81  3.85  3.82  47 1027.4  -0.9   6.3 999.0 99.0 99.00
2019 01 13 18 50  41  8.3  9.7  0.88  4.35  3.72  52 1027.1  -0.7   6.3 999.0 99.0 99.00
2019 01 13 19 50  54  8.4 10.7  0.85  4.17  3.72  52 1026.4  -0.3   6.4 999.0 99.0 99.00
2019 01 13 20 50  47  8.8 11.3  0.88  4.35  3.69  58 1026.0   0.0   6.4 999.0 99.0 99.00
2019 01 13 22 50  53 10.7 13.2  1.18  4.76  4.01  59 1025.1   0.6   6.3 999.0 99.0 99.00
2019 01 13 23 50  50 12.0 15.1  1.38  5.00  4.14  68 1024.8   0.9   6.3 999.0 99.0 99.00
2019 01 14 00 50  60 12.3 14.9  1.66  5.26  4.59  61 1024.2   1.7   6.4 999.0 99.0 99.00
2019 01 14 01 50  61 12.0 14.7  1.89  5.88  4.71  69 1023.8   2.2   6.5 999.0 99.0 99.00
2019 01 14 02 50  53 13.1 15.8  2.00  6.25  4.83  61 1023.4   2.1   6.7 999.0 99.0 99.00
2019 01 14 03 50  53 12.1 15.4  2.18  6.67  5.04  65 1023.3   2.2   6.7 999.0 99.0 99.00
2019 01 14 04 50  49 11.8 14.5  2.25  6.67  5.25  71 1022.7   1.8   6.9 999.0 99.0 99.00
2019 01 14 05 50  28 12.2 14.2  2.25  6.67  5.27  69 1022.0   0.8   6.9 999.0 99.0 99.00
2019 01 14 06 50  25 12.3 14.5  2.36  7.14  5.40  84 1021.9   1.0   6.9 999.0 99.0 99.00
2019 01 14 07 50  23 12.0 15.7  2.64  7.14  5.75  78 1022.3   1.1   6.9 999.0 99.0 99.00
2019 01 14 08 50  18 11.7 14.5  2.64  7.14  5.77  76 1022.2   0.7   6.8 999.0 99.0 99.00
2019 01 14 09 50  10 11.6 14.0  2.63  7.69  5.75  87 1021.7   0.0   6.7 999.0 99.0 99.00
2019 01 14 10 50  19 10.9 13.3  2.60  7.69  5.64  90 1021.7   0.1   6.6 999.0 99.0 99.00
2019 01 14 11 50  17 10.6 13.3  2.52  7.69  5.82  84 1022.1   0.1   6.7 999.0 99.0 99.00
2019 01 14 12 50  13 10.9 13.2  2.12  7.14  5.34  88 1022.3  -0.2   6.7 999.0 99.0 99.00
2019 01 14 13 50  13 10.4 12.3  2.45  8.33  5.76  95 1022.9   0.0   6.7 999.0 99.0 99.00
2019 01 14 14 50  15  9.8 14.5  2.08  7.14  5.27  77 1023.6   0.2   6.6 999.0 99.0 99.00
2019 01 14 15 50  16  9.6 11.6  2.30  8.33  5.59  95 1023.2   0.0   6.6 999.0 99.0 99.00
2019 01 14 16 50   9  9.2 11.0  2.18  8.33  5.79  98 1022.3  -0.1   6.6 999.0 99.0 99.00
2019 01 14 17 50   9  7.7 10.2  2.27  9.09  5.94 112 1021.8  -0.4   6.6 999.0 99.0 99.00
2019 01 14 18 50 359  8.7 10.9  2.27  8.33  6.26  94 1021.4  -0.4   6.6 999.0 99.0 99.00
2019 01 14 19 50 359  6.7  9.2  2.37  9.09  6.47 104 1021.4  -0.4   6.6 999.0 99.0 99.00
2019 01 14 20 50 358  6.1  8.5  2.28 10.00  6.54 118 1021.0  -0.2   6.5 999.0 99.0 99.00
2019 01 14 21 50 355  5.9  8.2  2.46 10.00  6.79 110 1020.7   0.2   6.4 999.0 99.0 99.00
2019 01 14 22 50 348  6.3  7.8  2.51  9.09  6.93 102 1020.9   0.6   6.4 999.0 99.0 99.00
2019 01 14 23 50 348  5.8  7.4  2.27 10.00  6.63 120 1020.9   0.7   6.3 999.0 99.0 99.00
2019 01 15 00 50 333  5.4  7.5  2.43 10.00  6.66 118 1020.5   0.7   6.3 999.0 99.0 99.00
2019 01 15 01 50 335  5.7  7.8  2.33  9.09  6.72 111 1020.3   0.9   6.2 999.0 99.0 99.00
2019 01 15 02 50 349  5.5  7.1  2.39  9.09  7.10 106 1020.5   1.0   6.2 999.0 99.0 99.00
2019 01 15 03 50 334  6.3  8.0  2.14 10.81  6.48 122 1020.6   1.0   6.2 999.0 99.0 99.00
2019 01 15 04 50 328  6.6  8.2  2.12  9.09  6.30  97 1019.9   1.1   6.2 999.0 99.0 99.00
2019 01 15 05 50 329  6.9  8.8  2.07  9.09  6.43 108 1019.5   1.0   6.3 999.0 99.0 99.00
2019 01 15 06 50 333  7.1  9.1  2.10 10.00  6.70 107 1019.5   1.0   6.3 999.0 99.0 99.00
2019 01 15 07 50 330  7.3  8.9  1.87 10.00  6.44 105 1019.2   1.0   6.3 999.0 99.0 99.00
2019 01 15 08 50 328  6.5  8.3  1.90 10.81  6.56 112 1018.8   0.9   6.3 999.0 99.0 99.00
2019 01 15 09 50 334  7.4  9.3  1.90 10.00  6.53 111 1018.8   0.8   6.3 999.0 99.0 99.00
2019 01 15 10 50 329  6.6  7.9  1.77 10.00  6.33 106 1019.1   0.2   6.3 999.0 99.0 99.00
2019 01 15 11 50 336  6.1  7.3  1.68 10.00  6.56 111 1019.7   0.4   6.2 999.0 99.0 99.00
2019 01 15 12 50 335  6.2  7.6  1.64 10.00  6.64  99 1020.1   0.3   6.2 999.0 99.0 99.00
2019 01 15 13 50 337  6.6  7.9  1.83 10.81  6.99 109 1020.6   0.5   6.3 999.0 99.0 99.00
2019 01 15 14 50 339  6.6  8.8  1.77 12.12  6.79 108 1021.2   0.2   6.3 999.0 99.0 99.00
2019 01 15 15 50 334  6.0  7.3  1.81 10.81  6.72 108 1021.3  -0.1   6.4 999.0 99.0 99.00
2019 01 15 16 50 332  5.9  7.5  1.91 12.12  6.84 113 1020.6   0.5   6.4 999.0 99.0 99.00
2019 01 15 17 50 320  5.4  6.6  1.68 12.90  6.95  96 1019.9   0.7   6.5 999.0 99.0 99.00
2019 01 15 18 50 312  4.7  5.8  1.92 12.12  7.69 107 1019.6   0.9   6.5 999.0 99.0 99.00
2019 01 15 19 50 304  3.9  5.6  1.80 12.12  7.88 106 1019.8   1.3   6.5 999.0 99.0 99.00
2019 01 15 20 50 306  3.5  5.4  1.48 10.81  7.22 107 1019.7   1.5   6.5 999.0 99.0 99.00
2019 01 15 21 50 297  5.0  6.6  1.46 10.00  7.20 100 1019.9   1.7   6.5 999.0 99.0 99.00
2019 01 15 22 50 318  5.2  6.9  1.57 10.81  7.48 102 1020.3   2.1   6.4 999.0 99.0 99.00
2019 01 15 23 50 328  5.3  7.8  1.42 11.43  7.00  98 1020.5   2.2   6.4 999.0 99.0 99.00
2019 01 16 00 50 316  5.2  6.6  1.40 10.00  6.73 107 1020.7   2.3   6.4 999.0 99.0 99.00
2019 01 16 01 50 310  4.5  5.7  1.43 11.43  6.95 116 1020.8   2.4   6.3 999.0 99.0 99.00
2019 01 16 02 50 319  3.2  4.6  1.43 10.81  7.09 117 1020.5   2.3   6.3 999.0 99.0 99.00
2019 01 16 03 50 308  2.7  4.4  1.42 10.81  7.40 107 1020.5   2.4   6.3 999.0 99.0 99.00
2019 01 16 04 50 276  2.2  3.7  1.41 10.81  7.67 113 1019.7   2.4   6.3 999.0 99.0 99.00
2019 01 16 05 50 254  2.4  3.4  1.34 10.00  8.29  99 1019.2   2.5   6.3 999.0 99.0 99.00
2019 01 16 06 50 239  2.9  4.0  1.25 11.43  8.03 101 1018.7   2.7   6.3 999.0 99.0 99.00
2019 01 16 07 50 246  5.0  6.5  1.22 10.00  7.88 103 1018.6   2.4   6.3 999.0 99.0 99.00
2019 01 16 08 50 246  6.1  7.4  1.22  8.33  7.14  99 1018.0   2.5   6.4 999.0 99.0 99.00
2019 01 16 09 50 247  7.6  9.5  1.10 10.81  5.76  89 1017.8   2.5   6.4 999.0 99.0 99.00
2019 01 16 10 50 252  8.2  9.9  1.30 10.81  5.76  99 1017.9   2.6   6.4 999.0 99.0 99.00
2019 01 16 11 50 248  9.0 10.7  1.31 10.00  4.81  95 1018.1   2.7   6.4 999.0 99.0 99.00
2019 01 16 14 50 269 11.1 14.0  1.56  5.00  4.73 250 1018.7   2.5   6.4 999.0 99.0 99.00
2019 01 16 15 50 276 10.8 13.2  1.64  4.55  4.67 261 1018.8   2.4   6.4 999.0 99.0 99.00
2019 01 16 16 50 281 10.4 12.9  1.49  4.55  4.57 257 1018.5   2.1   6.4 999.0 99.0 99.00
2019 01 16 17 50 274  8.7 11.0  1.47  5.00  4.67 243 1017.9   2.1   6.4 999.0 99.0 99.00
2019 01 16 18 50 272  9.0 11.0  1.39  4.55  4.50 248 1017.5   2.5   6.5 999.0 99.0 99.00
2019 01 16 19 50 280  8.7 10.7  1.41  4.55  4.55 268 1017.7   3.1   6.5 999.0 99.0 99.00
2019 01 16 20 50 284  9.1 12.2  1.32  4.17  4.42 279 1017.8   3.6   6.5 999.0 99.0 99.00
2019 01 16 21 50 285  9.1 11.1  1.24  4.17  4.33 278 1018.4   4.0   6.5 999.0 99.0 99.00
2019 01 16 22 50 281  9.2 11.1  1.20  4.17  4.26 287 1019.2   4.3   6.5 999.0 99.0 99.00
2019 01 16 23 50 286  9.9 12.1  1.24  4.35  4.30 288 1019.9   4.8   6.4 999.0 99.0 99.00
2019 01 17 00 50 279  9.7 11.2  1.36  4.76  4.27 277 1020.2   4.8   6.4 999.0 99.0 99.00
2019 01 17 01 50 278 10.2 12.0  1.26  4.76  4.19 291 1020.7   4.9   6.3 999.0 99.0 99.00
2019 01 17 02 50 276 10.5 12.6  1.50  4.76  4.47 285 1021.3   4.7   6.3 999.0 99.0 99.00
2019 01 17 03 50 288  9.9 12.5  1.36  4.76  4.41 283 1022.3   4.6   6.4 999.0 99.0 99.00
2019 01 17 04 50 327  9.8 11.4  1.39  5.00  4.37 287 1022.8   3.9   6.4 999.0 99.0 99.00
2019 01 17 05 50 323 10.5 12.8  1.37  5.00  4.26 288 1023.2   3.4   6.4 999.0 99.0 99.00
2019 01 17 06 50 329 10.2 12.0  1.25  4.76  4.22 296 1024.3   2.6   6.4 999.0 99.0 99.00
2019 01 17 07 50 326 10.5 12.5  1.25  4.55  4.08 291 1024.9   1.9   6.4 999.0 99.0 99.00
2019 01 17 08 50 327  8.6 10.0  1.22  4.55  4.13 307 1025.5   0.8   6.4 999.0 99.0 99.00
2019 01 17 09 50 330  7.0  8.6  1.04  4.55  3.95 308 1026.2   0.3   6.3 999.0 99.0 99.00
2019 01 17 10 50 340  6.7  8.5  0.91  4.00  4.02 318 1026.9  -0.2   6.3 999.0 99.0 99.00
2019 01 17 11 50 350  6.2  7.9  0.81  4.55  3.88 289 1027.8  -0.7   6.3 999.0 99.0 99.00
2019 01 17 12 50   2  6.5  8.0  0.81  9.09  4.04 102 1028.5  -1.0   6.2 999.0 99.0 99.00
2019 01 17 13 50   7  6.4  8.1  0.76 10.00  3.86 105 1029.1  -0.9   6.2 999.0 99.0 99.00
2019 01 17 14 50  22  5.6  7.0  0.76 10.00  3.96 126 1029.8  -1.1   6.2 999.0 99.0 99.00
2019 01 17 15 50  27  5.3  7.4  0.71  3.45  3.80 360 1030.2  -1.2   6.2 999.0 99.0 99.00
2019 01 17 16 50  29  4.5  5.8  0.69  3.57  3.76  23 1029.4  -1.2   6.2 999.0 99.0 99.00
2019 01 17 17 50  29  4.7  6.3  0.63  3.45  3.77  15 1028.4  -1.4   6.3 999.0 99.0 99.00
2019 01 17 18 50  36  3.7  5.5  0.60 10.00  3.87  71 1027.8  -1.4   6.3 999.0 99.0 99.00
2019 01 17 19 50  82  2.4  4.0  0.55 10.00  4.08  94 1027.9  -1.0   6.3 999.0 99.0 99.00
2019 01 17 20 50  90  3.7  5.0  0.51  9.09  4.34 107 1026.8  -0.6   6.3 999.0 99.0 99.00
2019 01 17 21 50 133  3.1  4.5  0.51 10.00  4.47 138 1026.8  -0.1   6.3 999.0 99.0 99.00
2019 01 17 22 50 120  4.3  6.0  0.47 10.00  4.55 110 1026.4   0.6   6.3 999.0 99.0 99.00
2019 01 17 23 50 118  3.3  4.3  0.48  9.09  4.44 132 1026.5   1.2   6.2 999.0 99.0 99.00
2019 01 18 00 50 132  2.3  3.6  0.48  9.09  4.54 116 1026.3   1.6   6.2 999.0 99.0 99.00
2019 01 18 01 50 120  2.1  3.4  0.48 10.00  4.69 136 1025.6   1.9   6.1 999.0 99.0 99.00
2019 01 18 02 50 132  3.6  4.4  0.45  9.09  4.74 145 1025.0   2.4   6.1 999.0 99.0 99.00
2019 01 18 03 50 124  4.2  6.0  0.44  9.09  4.25 100 1024.5   2.9   6.1 999.0 99.0 99.00
2019 01 18 04 50 127  4.3  5.8  0.45 10.00  4.07  89 1023.5   3.5   6.1 999.0 99.0 99.00
2019 01 18 05 50 113  4.0  5.1  0.46  7.69  3.90 102 1022.5   2.4   6.2 999.0 99.0 99.00
2019 01 18 06 50  79  3.2  4.3  0.45  9.09  4.01 136 1021.8   2.3   6.2 999.0 99.0 99.00
2019 01 18 07 50  61  2.2  3.8  0.47  8.33  3.90  60 1021.3   2.6   6.2 999.0 99.0 99.00
2019 01 18 08 50  60  2.8  3.5  0.51 10.00  4.25  62 1020.4   2.9   6.2 999.0 99.0 99.00
2019 01 18 09 50  72  2.7  3.3  0.53  9.09  4.27 139 1019.5   3.2   6.2 999.0 99.0 99.00
2019 01 18 10 50  82  2.9  3.9  0.53 10.00  4.39  93 1019.1   3.5   6.2 999.0 99.0 99.00
2019 01 18 11 50  73  2.1  2.8  0.56  4.17  4.47  80 1019.2   3.8   6.2 999.0 99.0 99.00
2019 01 18 12 50  68  1.7  2.5  0.57  4.35  4.28  87 1019.0   4.1   6.2 999.0 99.0 99.00
2019 01 18 13 50  92  0.8  1.3  0.54  4.55  4.22  84 1018.9   4.5   6.3 999.0 99.0 99.00
2019 01 18 14 50 286  1.3  1.6  0.55  4.17  4.23  99 1019.6   4.7   6.3 999.0 99.0 99.00
2019 01 18 15 50 312  2.5  3.2  0.58  4.55  4.32  95 1019.5   4.7   6.3 999.0 99.0 99.00
2019 01 18 16 50   1  3.3  3.9  0.61  4.76  4.20  94 1018.8   4.1   6.3 999.0 99.0 99.00
2019 01 18 17 50  13  3.6  4.3  0.68  4.76  4.13  92 1017.8   3.6   6.4 999.0 99.0 99.00
2019 01 18 18 50   1  2.6  3.3  0.65  4.35  4.17  98 1017.7   3.6   6.4 999.0 99.0 99.00
2019 01 18 19 50 334  2.1  3.0  0.63  4.55  4.24  90 1017.5   3.8   6.4 999.0 99.0 99.00
2019 01 18 20 50 315  2.0  2.5  0.62  5.00  4.42  90 1017.5   3.9   6.4 999.0 99.0 99.00
2019 01 18 21 50 295  4.8  6.0  0.67  5.56  4.66  92 1018.4   4.4   6.3 999.0 99.0 99.00
2019 01 18 22 50 284  5.2  6.3  0.68  5.56  4.84  92 1018.6   4.5   6.3 999.0 99.0 99.00
2019 01 18 23 50 279  5.7  6.7  0.75  5.56  4.68  91 1019.0   4.7   6.3 999.0 99.0 99.00
2019 01 19 00 50 297  6.8  7.7  0.80  6.67  4.31  93 1019.2   4.5   6.3 999.0 99.0 99.00
2019 01 19 01 50 289  6.5  8.3  0.89  6.25  3.83 102 1020.0   3.9   6.3 999.0 99.0 99.00
2019 01 19 02 50 290  7.2  8.3  0.88  6.25  4.08  97 1020.5   3.8   5.9 999.0 99.0 99.00
2019 01 19 03 50 286  7.1  8.5  0.82  3.70  4.00 294 1021.7   4.0   5.8 999.0 99.0 99.00
2019 01 19 04 50 303  6.1  7.8  0.91  6.67  4.11  90 1021.7   3.9   5.8 999.0 99.0 99.00
2019 01 19 05 50 318  6.9  8.5  0.88  4.00  4.04 295 1021.6   4.0   5.8 999.0 99.0 99.00
2019 01 19 06 50 329  7.1  8.5  0.85  6.25  4.10  96 1021.7   3.7   5.8 999.0 99.0 99.00
2019 01 19 07 50 322  7.2  9.1  0.82  6.67  4.11  85 1022.9   3.5   5.9 999.0 99.0 99.00
2019 01 19 08 50 351  6.1  7.3  0.77  3.70  4.03 305 1022.5   3.4   5.9 999.0 99.0 99.00
2019 01 19 09 50 346  5.0  6.2  0.81  7.14  4.15  90 1022.4   3.3   5.9 999.0 99.0 99.00
2019 01 19 10 50 342  5.2  6.5  0.82  6.67  4.07  91 1023.0   3.2   5.9 999.0 99.0 99.00
2019 01 19 11 50   3  5.2  6.5  0.72  6.67  4.03  94 1023.6   3.0   5.8 999.0 99.0 99.00
2019 01 19 12 50  43  4.8  5.9  0.70  6.67  3.98  81 1023.3   2.9   5.8 999.0 99.0 99.00
2019 01 19 13 50  46  5.1  6.9  0.65  6.67  3.82  99 1024.4   3.3   5.8 999.0 99.0 99.00
2019 01 19 14 50  59  5.1  7.5  0.63  6.25  3.78  86 1025.0   3.2   5.8 999.0 99.0 99.00
2019 01 19 15 50  68  6.6  8.0  0.65  6.25  3.80  89 1024.6   3.5   5.8 999.0 99.0 99.00
2019 01 19 16 50  71  4.8  6.9  0.69  6.25  3.82  88 1024.5   3.4   5.9 999.0 99.0 99.00
2019 01 19 17 50  90  6.2  7.1  0.76  4.17  4.00  58 1022.6   3.7   5.9 999.0 99.0 99.00
2019 01 19 18 50  98  6.6  8.2  0.76  5.88  3.84  83 1021.6   4.1   6.0 999.0 99.0 99.00
2019 01 19 19 50 112  4.9  5.9  0.76  4.17  3.86  60 1021.7   4.4   6.0 999.0 99.0 99.00
2019 01 19 20 50 125  5.4  6.6  0.73  4.00  3.68  62 1021.2   4.9   6.0 999.0 99.0 99.00
2019 01 19 21 50 125  7.9  9.4  0.70  4.17  3.72  69 1019.3   5.2   6.0 999.0 99.0 99.00
2019 01 19 22 50 124  7.2  8.8  0.80  4.00  3.70  73 1019.4   5.5   6.0 999.0 99.0 99.00
2019 01 19 23 50 121  8.3  9.7  0.86  4.17  3.72  74 1018.3   5.5   6.0 999.0 99.0 99.00
2019 01 20 00 50 107  8.8 10.4  1.01  4.35  3.96  93 1016.9   5.9   6.0 999.0 99.0 99.00
2019 01 20 01 50 101 10.2 12.1  1.14  4.76  4.05  89 1015.0   6.1   6.0 999.0 99.0 99.00
2019 01 20 02 50 104  9.9 11.7  1.33  5.00  4.27  92 1013.7   6.3   6.0 999.0 99.0 99.00
2019 01 20 03 50 108 11.2 13.4  1.62  5.26  4.44 101 1011.5   6.5   6.0 999.0 99.0 99.00
2019 01 20 04 50 103 11.8 14.9  1.73  5.26  4.63  95 1009.1   6.6   6.0 999.0 99.0 99.00
2019 01 20 05 50 102 11.1 13.3  1.93  5.88  4.82 104 1007.4   6.8   6.0 999.0 99.0 99.00
2019 01 20 06 50  84  8.8 11.3  1.89  6.25  4.98 104 1005.5   7.3   6.0 999.0 99.0 99.00
2019 01 20 07 50 119  9.6 13.5  2.19  6.25  5.23 107 1003.3   9.1   6.1 999.0 99.0 99.00
2019 01 20 08 50 107  4.9  7.1  2.16  6.25  5.05  92 1000.8   9.0   6.1 999.0 99.0 99.00
2019 01 20 09 50 171  3.7  4.5  1.94  6.25  5.20  97  999.4   9.7   6.2 999.0 99.0 99.00
2019 01 20 10 50 189  4.8  5.5  1.81  6.25  5.35  80  998.0   9.7   6.4 999.0 99.0 99.00
2019 01 20 11 50 192  2.8  3.6  1.73  6.25  5.42  85  996.8   9.5   6.5 999.0 99.0 99.00
2019 01 20 12 50 194  3.7  4.7  1.83  7.14  5.57  58  995.7   9.6   6.6 999.0 99.0 99.00
2019 01 20 13 50 186  3.9  4.6  1.73  7.14  5.51  71  994.6   9.5   6.5 999.0 99.0 99.00
2019 01 20 14 50 176  5.5  6.8  1.68  6.25  5.47 111  992.7   9.7   6.4 999.0 99.0 99.00
2019 01 20 15 50 171  8.1  9.5  1.85  6.25  5.66 114  991.3   9.9   6.3 999.0 99.0 99.00
2019 01 20 16 50 196 10.8 13.2  1.77  7.14  5.34  83  988.7  10.4   6.3 999.0 99.0 99.00
2019 01 20 17 50 227 11.4 16.1  2.68 10.00  6.33 161  988.0   9.5   6.3 999.0 99.0 99.00
2019 01 20 18 50 314 11.8 15.0  2.96 10.00  6.66 164  989.4   4.8   6.3 999.0 99.0 99.00
2019 01 20 19 50 316 15.5 18.7  2.94  9.09  5.91 162  990.9   4.0   6.2 999.0 99.0 99.00
2019 01 20 20 50 321 12.2 15.2  2.89 10.00  6.06 173  993.3   3.4   6.2 999.0 99.0 99.00
2019 01 20 21 50 316 12.4 15.3  2.91 10.00  6.25 159  995.8   1.2   6.2 999.0 99.0 99.00
2019 01 20 22 50 307 14.8 18.9  3.18 10.81  6.26 158  996.9  -0.2   6.1 999.0 99.0 99.00
2019 01 20 23 50 306 15.1 19.3  3.18 10.00  6.23 159  998.8  -2.1   6.1 999.0 99.0 99.00
2019 01 21 00 50 311 16.4 20.2  3.21  6.67  6.25 294 1000.5  -3.8   6.1 999.0 99.0 99.00
2019 01 21 01 50 316 16.7 21.1  3.24 12.12  6.29 133 1001.6  -5.2   6.1 999.0 99.0 99.00
2019 01 21 02 50 309 16.4 20.7  3.28  7.14  6.27 299 1003.7  -5.9   6.0 999.0 99.0 99.00
2019 01 21 03 50 307 16.1 19.8  3.46  7.14  6.32 298 1005.1  -6.1   6.0 999.0 99.0 99.00
2019 01 21 04 50 312 15.5 18.8  3.37  7.14  6.29 296 1006.4  -6.3   6.0 999.0 99.0 99.00
2019 01 21 05 50 304 14.1 18.0  2.80  7.14  6.02 302 1007.5  -6.4   5.9 999.0 99.0 99.00
2019 01 21 06 50 304 15.4 19.4  2.57  6.67  5.70 292 1008.2  -7.2   5.9 999.0 99.0 99.00
2019 01 21 07 50 305 16.6 20.6  2.67  6.67  5.77 297 1009.0  -7.6   5.9 999.0 99.0 99.00
2019 01 21 08 50 308 15.1 19.3  2.71  6.67  5.92 293 1009.6  -8.4   5.9 999.0 99.0 99.00
2019 01 21 09 50 295 15.5 20.2  2.79  7.14  5.93 291 1010.2  -8.8   6.0 999.0 99.0 99.00
2019 01 21 10 50 301 14.2 18.0  2.79  6.67  5.82 293 1011.2  -9.4   6.0 999.0 99.0 99.00
2019 01 21 11 50 295 15.9 20.5  2.92  7.14  5.75 292 1012.1 -10.4   5.9 999.0 99.0 99.00
2019 01 21 12 50 290 16.0 19.9  2.56  6.67  5.57 297 1013.2 -10.5   5.9 999.0 99.0 99.00
2019 01 21 13 50 296 16.0 19.5  2.75  6.67  5.67 297 1014.4 -11.4   5.9 999.0 99.0 99.00
2019 01 21 14 50 300 17.1 22.2  2.73  6.67  5.57 291 1015.7 -11.6   5.8 999.0 99.0 99.00
2019 01 21 15 50 299 15.9 19.8  2.92  7.14  5.63 305 1016.6 -11.1   5.7 999.0 99.0 99.00
2019 01 21 16 50 296 16.5 20.8  2.99  6.67  5.68 301 1016.7 -10.5   5.7 999.0 99.0 99.00
2019 01 21 17 50 297 16.1 19.8  2.75  6.67  5.50 306 1017.3  -9.6   5.7 999.0 99.0 99.00
2019 01 21 18 50 302 16.7 22.3  3.07  7.14  5.85 296 1017.3  -9.3   5.7 999.0 99.0 99.00
2019 01 21 19 50 299 17.5 21.2  2.96  7.14  5.74 305 1017.6  -8.5   5.7 999.0 99.0 99.00
2019 01 21 20 50 296 16.8 20.3  2.70  7.14  5.75 303 1018.5  -7.9   5.7 999.0 99.0 99.00
2019 01 21 21 50 294 16.8 20.7  2.88  7.14  5.81 298 1019.2  -7.3   5.7 999.0 99.0 99.00
2019 01 21 22 50 302 16.8 21.0  2.90  7.14  5.81 295 1020.3  -7.1   5.7 999.0 99.0 99.00
2019 01 21 23 50 310 15.6 19.7  3.19  7.14  6.02 293 1022.4  -7.1   5.6 999.0 99.0 99.00
2019 01 22 00 50 306 17.3 21.0  2.95  7.14  5.72 302 1023.6  -7.9   5.6 999.0 99.0 99.00
2019 01 22 01 50 306 16.7 21.1  2.93  6.67  5.68 305 1025.1  -7.9   5.6 999.0 99.0 99.00
2019 01 22 02 50 310 15.9 19.6  2.94  7.14  5.56 303 1026.2  -7.4   5.6 999.0 99.0 99.00
2019 01 22 03 50 308 16.2 21.0  2.55  7.14  5.39 309 1027.0  -7.2   5.7 999.0 99.0 99.00
2019 01 22 04 50 308 15.4 18.2  2.48  6.67  5.21 299 1028.2  -6.6   5.7 999.0 99.0 99.00
2019 01 22 05 50 311 15.9 20.0  2.31  6.67  5.17 303 1028.5  -6.7   5.7 999.0 99.0 99.00
2019 01 22 06 50 314 13.2 17.0  2.13  6.67  4.99 300 1029.5  -6.4   5.7 999.0 99.0 99.00
2019 01 22 07 50 310 12.5 16.0  2.32  6.25  5.26 300 1030.2  -6.2   5.6 999.0 99.0 99.00
2019 01 22 08 50 308 13.0 16.1  2.04  6.25  5.08 309 1031.1  -6.1   5.6 999.0 99.0 99.00
2019 01 22 09 50 301 11.8 14.7  2.28  6.25  5.27 301 1032.6  -5.5   5.7 999.0 99.0 99.00
2019 01 22 10 50 298 10.9 13.9  1.77  5.88  4.78 295 1034.7  -5.3   5.6 999.0 99.0 99.00
2019 01 22 11 50 308 11.6 13.9  1.91  5.88  4.91 295 1034.9  -5.2   5.6 999.0 99.0 99.00
2019 01 22 12 50 311  9.7 11.6  1.61  5.88  4.69 303 1035.7  -5.4   5.5 999.0 99.0 99.00
2019 01 22 13 50 312 10.4 12.4  1.48  5.26  4.39 301 1036.5  -5.1   5.3 999.0 99.0 99.00
2019 01 22 14 50 317  9.0 11.3  1.31  5.26  4.17 291 1037.1  -4.7   5.3 999.0 99.0 99.00
2019 01 22 15 50 318  8.7 10.8  1.07  5.00  3.80 293 1037.5  -4.2   5.2 999.0 99.0 99.00
2019 01 22 16 50 321  7.6 10.2  0.96  4.17  3.79 303 1037.4  -3.9   5.1 999.0 99.0 99.00
2019 01 22 17 50 315  7.6  9.6  0.91  4.55  3.62 301 1037.3  -3.4   5.1 999.0 99.0 99.00
2019 01 22 18 50 307  7.3  9.8  0.79  4.00  3.49 295 1037.3  -2.7   5.1 999.0 99.0 99.00
2019 01 22 19 50 304  5.3  7.3  0.83  4.00  3.65 296 1037.3  -2.0   5.0 999.0 99.0 99.00
2019 01 22 20 50 329  4.7  6.6  0.67  4.17  3.69 297 1036.7  -1.5   5.0 999.0 99.0 99.00
2019 01 22 21 50 299  4.8  6.3  0.58  4.17  3.68 283 1037.5  -1.2   5.0 999.0 99.0 99.00
2019 01 22 22 50 311  1.9  3.3  0.51  3.45  3.69 298 1036.7  -1.2   5.0 999.0 99.0 99.00
2019 01 22 23 50 306  2.5  4.5  0.44 10.81  3.67  41 1037.7  -0.7   5.0 999.0 99.0 99.00
2019 01 23 00 50 272  1.9  3.2  0.38 12.12  3.76 134 1037.4  -0.6   5.0 999.0 99.0 99.00
2019 01 23 01 50 270  2.2  4.1  0.36 12.12  4.27 128 1036.9  -0.3   4.9 999.0 99.0 99.00
2019 01 23 02 50 232  2.3  3.2  0.32 11.43  4.26  82 1036.7   0.1   4.9 999.0 99.0 99.00
2019 01 23 03 50 204  4.2  6.3  0.32 10.00  4.88 137 1036.3   0.5   4.8 999.0 99.0 99.00
2019 01 23 04 50 205  6.5  7.8  0.30 10.81  5.18 102 1035.6   1.2   4.9 999.0 99.0 99.00
2019 01 23 05 50 209  7.2  8.6  0.43  2.86  3.35 213 1034.7   1.4   4.9 999.0 99.0 99.00
2019 01 23 06 50 213  8.8 10.6  0.63  3.33  3.49 210 1033.9   2.1   4.9 999.0 99.0 99.00
2019 01 23 07 50 210  8.8 10.8  0.73  3.70  3.61 215 1033.0   2.6   4.9 999.0 99.0 99.00
2019 01 23 08 50 209 10.1 12.3  0.98  4.17  3.90 222 1031.6   3.1   4.9 999.0 99.0 99.00
2019 01 23 09 50 223 10.9 12.9  1.31  4.76  4.29 218 1031.2   3.7   5.0 999.0 99.0 99.00
2019 01 23 10 50 209  9.8 11.4  1.67  5.26  4.58 210 1029.5   4.1   5.0 999.0 99.0 99.00
2019 01 23 11 50 217 10.5 13.1  1.54  5.56  4.55 218 1028.9   4.8   5.1 999.0 99.0 99.00
2019 01 23 12 50 225  9.0 11.0  1.78  5.56  4.71 215 1028.8   5.1   5.1 999.0 99.0 99.00
2019 01 23 13 50 225 10.0 12.6  1.80  6.25  4.76 219 1028.3   5.4   5.1 999.0 99.0 99.00
2019 01 23 14 50 221  9.6 11.6  1.96  6.25  5.02 223 1027.9   5.5   5.1 999.0 99.0 99.00
2019 01 23 15 50 211  8.7 10.4  1.77  6.25  4.85 207 1027.1   5.8   5.2 999.0 99.0 99.00
2019 01 23 16 50 214  8.4 10.4  1.73  5.88  4.99 215 1026.0   6.0   5.1 999.0 99.0 99.00
2019 01 23 17 50 217  6.4  7.9  1.36  6.25  4.63 202 1024.6   6.1   4.9 999.0 99.0 99.00
2019 01 23 18 50 226  5.3  6.1  1.52  6.25  4.95 199 1023.8   6.2   4.9 999.0 99.0 99.00
2019 01 23 19 50 201  5.4  6.4  1.44  5.88  4.82 201 1022.6   6.4   4.9 999.0 99.0 99.00
2019 01 23 20 50 199  5.8  6.7  1.25  5.88  4.64 199 1021.7   6.9   5.0 999.0 99.0 99.00
2019 01 23 21 50 195  6.9  7.9  1.24  6.25  4.70 201 1020.4   7.4   5.0 999.0 99.0 99.00
2019 01 23 22 50 187  6.6  7.7  1.15  6.25  4.65 206 1019.5   7.2   4.9 999.0 99.0 99.00
2019 01 23 23 50 187  8.4  9.6  1.12  5.88  4.61 195 1018.3   7.8   4.9 999.0 99.0 99.00
2019 01 24 00 50 201  9.8 11.3  1.19  5.88  4.43 188 1017.4   8.5   4.9 999.0 99.0 99.00
2019 01 24 01 50 199  9.6 10.9  1.35  5.88  4.50 199 1016.6   8.8   4.9 999.0 99.0 99.00
2019 01 24 02 50 203  8.0  9.0  1.48  5.56  4.61 194 1016.3   8.4   4.9 999.0 99.0 99.00
2019 01 24 03 50 200  8.2  9.4  1.59  6.25  4.90 187 1015.7   8.5   5.0 999.0 99.0 99.00
2019 01 24 04 50 206 10.1 11.5  1.88  7.14  5.28 182 1014.8   9.1   5.0 999.0 99.0 99.00
2019 01 24 05 50 202 11.6 13.5  1.99  7.14  5.26 177 1013.9   9.6   5.0 999.0 99.0 99.00
2019 01 24 06 50 186  9.8 12.0  2.08  6.67  5.38 192 1012.7   9.1   5.0 999.0 99.0 99.00
2019 01 24 07 50 183  9.8 11.3  1.84  7.14  5.25 187 1011.8   9.4   5.1 999.0 99.0 99.00
2019 01 24 08 50 181  8.9 10.3  1.99  7.69  5.35 189 1010.5   9.1   5.2 999.0 99.0 99.00
2019 01 24 09 50 186 10.1 12.3  2.34  7.69  5.61 183 1009.2   9.6   5.2 999.0 99.0 99.00
2019 01 24 10 50 181 12.6 15.0  2.45  8.33  5.68 174 1006.9  10.4   5.2 999.0 99.0 99.00
2019 01 24 11 50 178 11.5 14.1  3.06  8.33  6.40 181 1005.7  10.0   5.2 999.0 99.0 99.00
2019 01 24 12 50 176 11.8 14.4  3.05  8.33  6.26 169 1004.7  10.0   5.2 999.0 99.0 99.00
2019 01 24 13 50 178 12.1 14.5  3.03  7.69  6.19 183 1003.0  10.4   5.3 999.0 99.0 99.00
2019 01 24 14 50 178 12.4 14.8  2.98  8.33  5.96 174 1001.4  10.4   5.3 999.0 99.0 99.00
2019 01 24 15 50 177 13.5 17.0  2.99  7.14  6.10 173  999.2  10.7   5.4 999.0 99.0 99.00
2019 01 24 16 50 176 15.3 19.6  3.26  9.09  6.41 165  996.4  11.2   5.5 999.0 99.0 99.00
2019 01 24 17 50 180 13.6 16.0  3.69  9.09  6.60 169  994.2  11.2   5.6 999.0 99.0 99.00
2019 01 24 18 50 196 12.4 15.1  3.85  9.09  6.80 173  993.0  10.6   5.6 999.0 99.0 99.00
2019 01 24 19 50 198 10.0 11.9  3.44  9.09  6.54 161  991.2  10.2   5.6 999.0 99.0 99.00
2019 01 24 20 50 212 12.2 14.3  3.74  9.09  6.88 181  990.6  10.3   5.5 999.0 99.0 99.00
2019 01 24 21 50 293 12.1 14.8  3.70 10.00  6.99 154  993.3   9.3   5.5 999.0 99.0 99.00
2019 01 24 22 50 276  7.7  9.1  3.81 10.81  7.51 158  995.3   7.7   5.3 999.0 99.0 99.00
2019 01 24 23 50 282 12.7 16.5  3.98 10.81  7.61 158  998.7   7.6   5.3 999.0 99.0 99.00
2019 01 25 00 50 282 10.6 13.6  3.81 11.43  7.63 157 1001.1   6.3   5.2 999.0 99.0 99.00
2019 01 25 01 50 288 12.5 16.1  4.26 11.43  7.75 163 1002.7   5.5   5.2 999.0 99.0 99.00
2019 01 25 02 50 286 10.7 13.1  4.01 12.90  7.47 157 1004.5   5.4   5.2 999.0 99.0 99.00
2019 01 25 03 50 285 12.4 15.3  3.70 11.43  7.50 166 1005.6   4.9   5.2 999.0 99.0 99.00
2019 01 25 04 50 304 12.8 17.0  3.31 12.12  6.96 170 1007.2   3.6   5.1 999.0 99.0 99.00
2019 01 25 05 50 303 11.5 14.7  3.22 12.90  6.65 156 1008.7   2.9   5.1 999.0 99.0 99.00
2019 01 25 06 50 301 10.5 13.4  3.08 12.12  6.78 159 1009.8   2.8   5.1 999.0 99.0 99.00
2019 01 25 07 50 299  9.0 11.7  2.70 12.90  6.66 149 1010.1   2.9   5.0 999.0 99.0 99.00
2019 01 25 08 50 297  9.5 12.2  2.89 12.12  7.61 165 1010.7   2.9   5.0 999.0 99.0 99.00
2019 01 25 09 50 284  9.3 11.1  2.63 11.43  7.20 158 1011.4   2.7   5.0 999.0 99.0 99.00
2019 01 25 10 50 296  9.8 12.3  2.33 12.90  6.73 164 1012.0   2.4   4.9 999.0 99.0 99.00
2019 01 25 11 50 286  9.0 11.6  2.41 12.12  6.77 157 1013.0   2.3   4.9 999.0 99.0 99.00
2019 01 25 12 50 301  9.7 12.2  2.17 12.12  6.49 158 1013.5   2.3   4.9 999.0 99.0 99.00
2019 01 25 13 50 297  9.0 10.9  2.17 11.43  6.33 167 1014.1   2.7   4.9 999.0 99.0 99.00
2019 01 25 14 50 266  7.8  9.6  2.00 11.43  6.54 159 1014.3   2.7   4.9 999.0 99.0 99.00
2019 01 25 15 50 263  8.8 10.8  2.02 12.12  6.70 146 1014.6   2.6   4.9 999.0 99.0 99.00
2019 01 25 16 50 279  9.0 10.8  2.00 11.43  6.21 156 1014.4   2.7   5.0 999.0 99.0 99.00
2019 01 25 17 50 276  9.5 11.3  2.10 10.81  6.28 156 1014.4   2.9   5.0 999.0 99.0 99.00
2019 01 25 18 50 278  8.7 11.8  2.11 11.43  6.31 158 1014.6   3.4   5.0 999.0 99.0 99.00
2019 01 25 19 50 266 10.6 12.3  2.13 11.43  6.01 162 1015.1   3.9   5.0 999.0 99.0 99.00
2019 01 25 20 50 293 12.0 15.3  2.09 11.43  5.54 175 1016.1   3.6   5.0 999.0 99.0 99.00
2019 01 25 21 50 277 12.0 15.8  2.22 10.81  5.41 155 1016.9   3.5   5.0 999.0 99.0 99.00
2019 01 25 22 50 276 11.0 13.8  2.36 11.43  5.71 154 1017.7   3.4   5.0 999.0 99.0 99.00
2019 01 25 23 50 277 11.0 13.4  2.18 11.43  5.65 146 1018.7   3.3   5.0 999.0 99.0 99.00
2019 01 26 00 50 284 10.7 13.8  2.17 11.43  5.60 136 1019.0   2.9   4.9 999.0 99.0 99.00
2019 01 26 01 50 284 11.1 16.2  2.05 10.81  5.58 140 1019.4   2.7   4.9 999.0 99.0 99.00
2019 01 26 02 50 279 10.1 12.1  1.96 10.81  5.21 163 1020.5   2.2   4.9 999.0 99.0 99.00
2019 01 26 03 50 280  9.6 11.6  1.85 10.81  5.20 136 1021.6   1.6   4.8 999.0 99.0 99.00
2019 01 26 04 50 275 10.0 12.4  1.77 10.81  5.31 136 1022.1   1.1   4.8 999.0 99.0 99.00
2019 01 26 05 50 274  9.3 10.9  1.69  5.26  4.99 282 1022.4   0.7   4.8 999.0 99.0 99.00
2019 01 26 06 50 282 10.4 12.2  1.75 10.81  5.30 155 1023.1   0.1   4.8 999.0 99.0 99.00
2019 01 26 07 50 282  9.8 12.2  1.64 10.81  5.09 151 1023.9  -0.3   4.8 999.0 99.0 99.00
2019 01 26 08 50 284  9.8 12.1  1.59 10.81  4.86 157 1024.0  -0.9   4.8 999.0 99.0 99.00
2019 01 26 09 50 292 10.8 13.7  1.58 10.81  5.02 153 1024.5  -1.2   4.8 999.0 99.0 99.00
2019 01 26 10 50 285  8.0 11.4  1.59 10.81  5.15 155 1025.0  -1.4   4.8 999.0 99.0 99.00
2019 01 26 11 50 293  9.4 12.0  1.53 10.00  5.11 157 1025.2  -1.4   4.7 999.0 99.0 99.00
2019 01 26 12 50 302  7.8  9.9  1.44 10.00  5.17 146 1025.0  -1.5   4.7 999.0 99.0 99.00
2019 01 26 13 50 307  6.9  9.0  1.30 10.00  4.89 137 1025.0  -1.2   4.7 999.0 99.0 99.00
2019 01 26 14 50 301  6.2  8.0  1.14  9.09  4.91 153 1025.5  -1.1   4.7 999.0 99.0 99.00
2019 01 26 15 50 286  3.6  6.0  1.00 10.00  5.06 147 1026.4  -1.1   4.7 999.0 99.0 99.00
2019 01 26 16 50 274  3.6  5.1  0.96 10.00  5.47 141 1025.8  -1.1   4.8 999.0 99.0 99.00
2019 01 26 17 50 243  3.1  5.0  0.94 10.00  6.11 143 1025.1  -0.8   4.9 999.0 99.0 99.00
2019 01 26 18 50 247  3.4  4.9  0.85  9.09  6.32 159 1024.6  -0.5   5.0 999.0 99.0 99.00
2019 01 26 19 50 241  1.9  3.5  0.82 10.00  6.70 141 1024.3  -0.4   5.0 999.0 99.0 99.00
2019 01 26 20 50 229  1.6  3.3  0.81 10.00  7.11 148 1024.2   0.2   5.0 999.0 99.0 99.00
2019 01 26 21 50 150  0.8  1.8  0.72 10.00  7.33 138 1024.3   0.2   4.9 999.0 99.0 99.00
2019 01 26 22 50 187  1.1  1.8  0.79 10.00  8.02 136 1024.4   0.4   4.8 999.0 99.0 99.00
2019 01 26 23 50 129  1.7  2.5  0.71 10.00  7.84 143 1024.7   0.6   4.7 999.0 99.0 99.00
2019 01 27 00 50  86  1.7  2.6  0.69  9.09  8.14 151 1024.7   0.8   4.7 999.0 99.0 99.00
2019 01 27 01 50 114  1.7  3.2  0.85  9.09  8.42 151 1024.8   1.0   4.7 999.0 99.0 99.00
2019 01 27 02 50 114  0.7  1.7  0.75  9.09  8.14 152 1025.1   1.3   4.7 999.0 99.0 99.00
2019 01 27 03 50 133  3.1  4.1  0.81  9.09  8.25 167 1024.3   1.7   4.7 999.0 99.0 99.00
2019 01 27 04 50 123  4.2  5.4  0.63  8.33  7.89 167 1023.9   2.0   4.7 999.0 99.0 99.00
2019 01 27 05 50 118  5.1  6.1  0.81  8.33  7.66 162 1023.3   2.4   4.8 999.0 99.0 99.00
2019 01 27 06 50 115  5.9  7.1  0.74  8.33  5.49 151 1023.1   3.0   4.8 999.0 99.0 99.00
2019 01 27 07 50 120  7.7  8.8  0.82  9.09  4.94 139 1022.3   3.4   4.8 999.0 99.0 99.00
2019 01 27 08 50 134  7.5  8.7  0.97  8.33  4.74 144 1021.4   3.8   4.8 999.0 99.0 99.00
2019 01 27 09 50 129  8.2  9.5  0.99  8.33  4.37 146 1021.0   4.3   4.9 999.0 99.0 99.00
2019 01 27 10 50 139  8.4 10.2  1.10  8.33  4.38 131 1020.7   4.6   4.9 999.0 99.0 99.00
2019 01 27 11 50 149  8.5  9.8  1.13  8.33  4.38 158 1020.6   5.1   4.9 999.0 99.0 99.00
2019 01 27 12 50 161  7.1  8.4  1.14  4.76  4.40 127 1020.5   5.7   4.9 999.0 99.0 99.00
2019 01 27 13 50 173  7.6  9.0  1.21  5.00  4.42 125 1020.0   6.2   5.0 999.0 99.0 99.00
2019 01 27 14 50 184  7.9  9.4  1.13  5.26  4.23 117 1019.4   6.4   5.0 999.0 99.0 99.00
2019 01 27 15 50 188  8.5  9.9  1.18  5.00  4.26 108 1018.5   6.7   5.1 999.0 99.0 99.00
2019 01 27 16 50 193  9.7 11.2  1.28  4.00  4.16 170 1017.4   6.9   5.1 999.0 99.0 99.00
2019 01 27 17 50 191 10.9 13.0  1.49  4.55  4.38 192 1016.5   7.1   5.1 999.0 99.0 99.00
2019 01 27 18 50 197 10.6 13.2  1.59  4.76  4.38 201 1014.8   7.1   5.2 999.0 99.0 99.00
2019 01 27 19 50 201  9.3 10.8  1.58  5.26  4.63 187 1014.8   7.2   5.2 999.0 99.0 99.00
2019 01 27 20 50 206  9.5 11.5  1.66  5.56  4.72 206 1014.8   7.3   5.3 999.0 99.0 99.00
2019 01 27 21 50 213  9.4 11.6  1.47  5.00  4.58 201 1014.6   7.3   5.3 999.0 99.0 99.00
2019 01 27 22 50 215 10.1 11.9  1.57  5.88  4.68 181 1014.6   7.3   5.3 999.0 99.0 99.00
2019 01 27 23 50 218  9.9 11.9  1.61  5.88  4.79 199 1014.7   7.3   5.2 999.0 99.0 99.00
2019 01 28 00 50 231  9.6 11.9  1.52  5.56  4.80 203 1015.2   7.1   5.2 999.0 99.0 99.00
2019 01 28 01 50 236  8.3 10.1  1.57  5.26  4.67 198 1015.4   6.6   5.2 999.0 99.0 99.00
2019 01 28 02 50 238  6.5  7.5  1.39  5.56  4.75 203 1015.1   6.3   5.2 999.0 99.0 99.00
2019 01 28 03 50 232  4.9  6.0  1.36  5.88  4.82 191 1014.9   6.2   5.1 999.0 99.0 99.00
2019 01 28 04 50 297  7.5  9.0  1.28  5.56  4.86 193 1014.9   6.2   5.1 999.0 99.0 99.00
2019 01 28 05 50 307  9.3 11.1  1.28  5.56  4.60 194 1015.2   5.5   5.1 999.0 99.0 99.00
2019 01 28 06 50 320  9.5 11.1  1.21  5.56  4.35 197 1015.1   4.8   5.1 999.0 99.0 99.00
2019 01 28 07 50 320 10.4 12.4  1.29  5.88  4.27 194 1015.5   4.3   5.1 999.0 99.0 99.00
2019 01 28 08 50 312  9.8 12.2  1.32  4.35  4.26 302 1015.8   3.7   5.1 999.0 99.0 99.00
2019 01 28 09 50 346  8.9 10.3  1.21  4.55  4.19 309 1016.0   2.6   5.1 999.0 99.0 99.00
2019 01 28 10 50   2  8.2  9.8  1.13  4.35  4.18 301 1016.2   1.7   5.0 999.0 99.0 99.00
2019 01 28 11 50  13  8.7 10.7  1.09  4.55  4.03 294 1015.9   0.7   5.0 999.0 99.0 99.00
2019 01 28 12 50  12  8.3 10.2  1.09  4.35  4.02 335 1018.0   0.0   5.0 999.0 99.0 99.00
2019 01 28 13 50   6  9.4 11.5  1.11  4.00  4.01   6 1018.6  -0.8   5.0 999.0 99.0 99.00
2019 01 28 14 50  16  8.8 11.1  1.17  4.35  4.09  11 1019.8  -1.4   5.0 999.0 99.0 99.00
2019 01 28 15 50  16  8.7 10.7  1.19  4.35  4.04  22 1019.6  -1.8   5.0 999.0 99.0 99.00
2019 01 28 16 50  11  8.7 10.9  1.11  4.55  4.22  37 1018.9  -2.2   5.1 999.0 99.0 99.00
2019 01 28 17 50   6  7.6  9.5  1.06  4.35  4.16  29 1018.5  -2.0   5.0 999.0 99.0 99.00
2019 01 28 18 50   8  8.8 10.3  1.16  4.76  4.15  55 1017.3  -1.7   5.0 999.0 99.0 99.00
2019 01 28 19 50  17  7.2  8.8  1.06  5.00  4.23  60 1017.0  -1.6   5.0 999.0 99.0 99.00
2019 01 28 20 50  29  6.6  8.1  0.98  5.26  4.21  60 1017.4  -1.3   5.0 999.0 99.0 99.00
2019 01 28 21 50  26  5.5  7.2  0.92  4.76  4.09  54 1017.3  -0.9   5.0 999.0 99.0 99.00
2019 01 28 22 50  29  5.4  7.2  0.83  7.69  4.11 123 1017.0  -0.6   4.9 999.0 99.0 99.00
2019 01 28 23 50  23  5.4  7.0  0.77  8.33  4.14 131 1017.1  -0.4   4.9 999.0 99.0 99.00
2019 01 29 00 50  46  4.5  8.0  0.83  4.76  4.29  66 1017.3  -0.2   4.9 999.0 99.0 99.00
2019 01 29 01 50  38  3.9  5.7  0.80  8.33  4.36 140 1017.4   0.1   4.8 999.0 99.0 99.00
2019 01 29 02 50  26  4.0  5.5  0.80  7.14  4.53 110 1017.6   0.4   4.7 999.0 99.0 99.00
2019 01 29 03 50  17  4.7  5.7  0.78  7.14  4.48 115 1017.3   0.5   4.7 999.0 99.0 99.00
2019 01 29 04 50 352  5.5  6.5  0.86  9.09  4.79 100 1017.3   0.2   4.6 999.0 99.0 99.00
2019 01 29 05 50   3  5.2  6.2  0.86  7.69  4.64 100 1017.0   0.2   4.5 999.0 99.0 99.00
2019 01 29 06 50  20  3.5  4.2  0.99  7.69  5.12 115 1017.1   0.7   4.4 999.0 99.0 99.00
2019 01 29 07 50 116  4.4  5.8  1.08  7.69  5.17  97 1016.9   2.2   4.3 999.0 99.0 99.00
2019 01 29 08 50 113  2.7  3.5  1.12  7.14  5.47  93 1016.5   2.3   4.3 999.0 99.0 99.00
2019 01 29 09 50  86  4.8  6.1  1.23  6.25  5.66  75 1016.2   2.3   4.3 999.0 99.0 99.00
2019 01 29 10 50  87  6.2  7.2  1.09  7.14  5.37  86 1015.6   2.4   4.3 999.0 99.0 99.00
2019 01 29 11 50 113  4.1  5.1  1.15  6.25  5.15  78 1016.2   3.1   4.4 999.0 99.0 99.00
2019 01 29 12 50 130  4.4  5.6  1.23  7.14  5.42  92 1016.4   3.6   4.4 999.0 99.0 99.00
2019 01 29 13 50 152  5.7  7.4  1.16  7.14  5.28  88 1016.6   4.3   4.4 999.0 99.0 99.00
2019 01 29 14 50 150  6.5  8.1  1.17  7.14  5.20  87 1015.9   4.9   4.5 999.0 99.0 99.00
2019 01 29 15 50 163  5.7  7.1  1.24  6.67  5.08  92 1015.6   5.4   4.5 999.0 99.0 99.00
2019 01 29 16 50 155  5.9  6.9  1.27  6.25  4.95  78 1014.7   5.5   4.6 999.0 99.0 99.00
2019 01 29 17 50 147  6.8  8.1  1.44  6.67  5.07  90 1013.0   5.6   4.6 999.0 99.0 99.00
2019 01 29 18 50 152  6.8  8.0  1.50 10.81  5.11 138 1012.2   5.9   4.6 999.0 99.0 99.00
2019 01 29 19 50 149  7.5  8.7  1.62 10.81  5.35 139 1011.2   6.1   4.6 999.0 99.0 99.00
2019 01 29 20 50 147  7.3  9.1  1.73 11.43  5.55 133 1010.7   6.3   4.7 999.0 99.0 99.00
2019 01 29 21 50 154  8.7 10.4  1.80 10.00  5.45 115 1010.0   6.5   4.7 999.0 99.0 99.00
2019 01 29 22 50 154  8.3  9.6  2.04 11.43  5.64 144 1009.4   6.6   4.7 999.0 99.0 99.00
2019 01 29 23 50 157  9.1 10.6  1.98 11.43  5.44 149 1009.0   6.8   4.7 999.0 99.0 99.00
2019 01 30 00 50 157 10.7 12.8  2.26  5.56  5.56 140 1008.1   6.9   4.7 999.0 99.0 99.00
2019 01 30 01 50 241  9.2 15.9  2.34  5.88  5.78 152 1008.8   6.8   4.8 999.0 99.0 99.00
2019 01 30 02 50 288  8.3 10.7  2.25 10.81  5.86 139 1009.6   3.9   4.8 999.0 99.0 99.00
2019 01 30 03 50 291  5.3  6.6  1.93 10.00  5.69 144 1009.3   3.8   4.7 999.0 99.0 99.00
2019 01 30 04 50 287  7.8  9.3  1.88 10.81  5.82 140 1009.2   2.6   4.7 999.0 99.0 99.00
2019 01 30 05 50 293  9.4 11.2  1.91 10.00  5.54 131 1009.1   3.2   4.7 999.0 99.0 99.00
2019 01 30 06 50 291 11.8 14.5  2.05 10.00  5.52 130 1009.2   2.9   4.7 999.0 99.0 99.00
2019 01 30 07 50 289 13.4 16.1  2.18 10.00  5.42 126 1009.5   1.1   4.6 999.0 99.0 99.00
2019 01 30 08 50 287 13.7 17.3  2.36  5.56  5.21 302 1010.4  -1.1   4.6 999.0 99.0 99.00
2019 01 30 09 50 291 14.1 17.4  2.43  6.25  5.34 292 1011.2  -1.7   4.5 999.0 99.0 99.00
2019 01 30 10 50 296 12.9 15.2  2.40  6.25  5.45 294 1011.5  -2.3   4.5 999.0 99.0 99.00
2019 01 30 11 50 294 12.3 14.4  2.30  5.88  5.49 300 1011.9  -2.6   4.4 999.0 99.0 99.00
2019 01 30 12 50 285 12.3 14.6  2.07  6.25  5.16 295 1013.1  -3.1   4.3 999.0 99.0 99.00
2019 01 30 13 50 288 11.5 14.4  2.03  5.88  5.06 304 1014.3  -2.8   4.3 999.0 99.0 99.00
2019 01 30 14 50 288  9.8 12.1  1.79  5.56  4.95 296 1014.7  -2.3   4.3 999.0 99.0 99.00
2019 01 30 15 50 273  7.3  9.6  1.55  5.26  4.82 289 1014.2  -2.7   4.3 999.0 99.0 99.00
2019 01 30 16 50 251  6.5  8.2  1.33 10.00  4.99 136 1012.8  -2.4   4.2 999.0 99.0 99.00
2019 01 30 17 50 227  7.4  9.4  1.24 10.00  5.13  94 1011.3  -1.8   4.3 999.0 99.0 99.00
2019 01 30 18 50 220 11.9 14.9  1.18 10.00  4.90 107 1010.1  -0.3   4.4 999.0 99.0 99.00
2019 01 30 19 50 224 14.8 18.1  1.44  4.55  4.40 228 1009.3   1.0   4.4 999.0 99.0 99.00
2019 01 30 20 50 228 15.3 20.7  2.11  5.56  4.90 234 1009.1   2.0   4.4 999.0 99.0 99.00
2019 01 30 21 50 290 17.7 22.4  2.49  5.88  5.34 237 1010.3  -1.5   4.4 999.0 99.0 99.00
2019 01 30 22 50 289 17.8 21.3  2.75  6.67  5.28 232 1013.1  -3.4   4.5 999.0 99.0 99.00
2019 01 30 23 50 288 17.4 22.4  3.25  7.14  5.67 242 1016.1  -5.3   4.6 999.0 99.0 99.00
2019 01 31 00 50 291 18.4 22.7  3.35  7.14  5.82 302 1018.1  -7.5   4.7 999.0 99.0 99.00
2019 01 31 01 50 298 16.4 21.2  3.47  7.14  6.06 285 1019.3  -8.4   4.7 999.0 99.0 99.00
2019 01 31 02 50 301 15.7 19.4  2.96  7.14  5.75 301 1020.8  -8.9   4.8 999.0 99.0 99.00
2019 01 31 03 50 294 13.7 16.6  2.92  7.14  5.74 293 1022.3  -9.7   4.8 999.0 99.0 99.00
2019 01 31 04 50 298 12.8 16.5  2.54  6.67  5.56 291 1023.3 -10.2   4.8 999.0 99.0 99.00
2019 01 31 05 50 305 10.8 14.1  2.16  6.25  5.18 283 1023.7 -10.6   4.7 999.0 99.0 99.00
2019 01 31 06 50 302 10.8 14.0  1.79  5.88  4.82 297 1024.2 -10.6   4.7 999.0 99.0 99.00
2019 01 31 07 50 292 11.7 14.8  1.70  5.56  4.64 297 1024.9 -10.6   4.7 999.0 99.0 99.00
2019 01 31 08 50 292 12.0 15.7  1.61  5.56  4.54 293 1025.7 -11.1   4.7 999.0 99.0 99.00
2019 01 31 09 50 287 12.3 16.1  1.75  5.56  4.63 288 1026.3 -10.9   4.7 999.0 99.0 99.00
2019 01 31 10 50 277 12.5 16.3  1.79  5.88  4.61 295 1027.0 -11.7   4.7 999.0 99.0 99.00
2019 01 31 11 50 277 12.0 15.2  1.73  5.56  4.48 295 1028.0 -11.5   4.8 999.0 99.0 99.00
2019 01 31 12 50 284 10.8 14.4  1.76  5.56  4.46 295 1029.2 -11.5   4.9 999.0 99.0 99.00
2019 01 31 13 50 290 11.0 14.4  1.66  5.56  4.50 299 1029.9 -11.3   4.9 999.0 99.0 99.00
2019 01 31 14 50 290 10.1 12.7  1.70  5.56  4.57 286 1030.4 -11.3   4.9 999.0 99.0 99.00
2019 01 31 15 50 283 10.4 13.9  1.59  5.56  4.50 293 1030.4 -11.0   4.9 999.0 99.0 99.00
2019 01 31 16 50 283  9.7 12.1  1.66  5.26  4.45 289 1029.8 -10.6   4.9 999.0 99.0 99.00
2019 01 31 17 50 288  9.5 12.3  1.41  5.56  4.42 289 1028.9 -10.1   4.9 999.0 99.0 99.00
2019 01 31 18 50 277  8.6 10.9  1.19  5.00  4.11 286 1028.2  -9.1   4.9 999.0 99.0 99.00
2019 01 31 19 50 266  8.4 11.5  1.19  4.76  4.12 283 1027.9  -8.5   4.9 999.0 99.0 99.00
2019 01 31 20 50 265  9.0 11.8  1.18  4.76  4.02 277 1027.9  -7.9   4.9 999.0 99.0 99.00
2019 01 31 21 50 264  8.6 11.7  1.11  4.55  3.94 272 1028.1  -7.2   4.9 999.0 99.0 99.00
2019 01 31 22 50 262  8.7 11.6  1.17  4.76  3.86 277 1028.4  -7.1   4.9 999.0 99.0 99.00
