#YY  MM DD hh mm WDIR WSPD GST  WVHT   DPD   APD MWD   PRES  ATMP  WTMP  DEWP  VIS  TIDE
#yr  mo dy hr mn degT m/s  m/s     m   sec   sec deg    hPa  degC  degC  degC  nmi    ft
2019 02 28 23 50  15  6.2  7.4  0.90  4.55  4.12  71 1024.2   0.8   4.2 999.0 99.0 99.00
2019 03 01 00 50  11  5.4  7.1  0.85  5.56  4.09  92 1025.0   0.7   4.2 999.0 99.0 99.00
2019 03 01 01 50  31  5.8  7.1  0.87  4.76  4.17  76 1024.8   0.7   4.1 999.0 99.0 99.00
2019 03 01 02 50  31  4.8  6.8  0.85  7.69  4.31 154 1025.3   0.6   4.1 999.0 99.0 99.00
2019 03 01 03 50  28  3.5  4.8  0.80  4.55  4.25  84 1025.4   0.6   4.1 999.0 99.0 99.00
2019 03 01 04 50  70  4.3  5.3  0.75  8.33  4.37 155 1025.5   1.0   4.1 999.0 99.0 99.00
2019 03 01 05 50  86  5.7  7.1  0.75  5.56  4.52 100 1024.8   1.0   4.1 999.0 99.0 99.00
2019 03 01 06 50  97  5.5  7.0  0.75  8.33  4.47 152 1025.2   1.2   4.1 999.0 99.0 99.00
2019 03 01 07 50 107  4.1  5.6  0.72  5.26  4.25 102 1025.6   1.2   4.1 999.0 99.0 99.00
2019 03 01 08 50  92  3.9  5.4  0.72  8.33  4.26 153 1025.6   1.3   4.1 999.0 99.0 99.00
2019 03 01 09 50  90  5.8  6.9  0.72  7.69  4.31 147 1025.5   1.4   4.1 999.0 99.0 99.00
2019 03 01 10 50  84  4.4  5.4  0.68  8.33  4.21 125 1026.4   1.5   4.1 999.0 99.0 99.00
2019 03 01 11 50  79  4.0  4.8  0.68  5.26  4.24  96 1027.1   0.2   4.1 999.0 99.0 99.00
2019 03 01 12 50  73  5.8  7.3  0.67  8.33  4.26 149 1026.9   0.4   4.1 999.0 99.0 99.00
2019 03 01 13 50  72  7.3  8.4  0.71  7.69  3.99 152 1027.0   0.7   4.1 999.0 99.0 99.00
2019 03 01 14 50  73  7.5  9.3  0.83  7.69  3.83 157 1026.9   1.1   4.1 999.0 99.0 99.00
2019 03 01 15 50  73  7.2  8.8  0.91  3.70  3.86  82 1027.2   1.4   4.2 999.0 99.0 99.00
2019 03 01 16 50  80  7.7  9.2  0.96  4.00  3.94  90 1026.8   1.7   4.2 999.0 99.0 99.00
2019 03 01 17 50  76  8.1  9.7  1.05  4.55  4.05  98 1025.8   2.1   4.2 999.0 99.0 99.00
2019 03 01 18 50  75  8.0  9.8  1.07  4.55  4.16  94 1025.4   2.5   4.3 999.0 99.0 99.00
2019 03 01 19 50  70  8.5 10.0  1.22  5.00  4.23 102 1025.3   2.6   4.2 999.0 99.0 99.00
2019 03 01 20 50  70  9.8 11.3  1.24  5.56  4.47 106 1024.1   2.6   4.3 999.0 99.0 99.00
2019 03 01 21 50  69  9.5 11.1  1.52  5.56  4.72  99 1023.9   2.8   4.3 999.0 99.0 99.00
2019 03 01 22 50  68  9.2 10.8  1.53  5.88  4.68  99 1023.9   2.5   4.3 999.0 99.0 99.00
2019 03 01 23 50  66  9.6 11.1  1.64  5.88  4.94 104 1023.6   2.6   4.3 999.0 99.0 99.00
2019 03 02 00 50  59  9.3 11.1  1.73  6.25  5.07 109 1023.5   3.0   4.3 999.0 99.0 99.00
2019 03 02 01 50  60  9.4 11.4  1.77  6.25  5.05 110 1023.0   3.3   4.3 999.0 99.0 99.00
2019 03 02 02 50  70 10.3 11.9  1.95  6.25  5.18 104 1022.0   3.6   4.3 999.0 99.0 99.00
2019 03 02 03 50  74 10.7 12.9  2.02  6.25  5.30 106 1020.4   3.6   4.2 999.0 99.0 99.00
2019 03 02 04 50  66 10.1 12.1  1.98  7.14  5.25 121 1019.2   3.7   4.2 999.0 99.0 99.00
2019 03 02 05 50  67 11.0 13.0  2.19  6.25  5.34 112 1018.1   3.8   4.2 999.0 99.0 99.00
2019 03 02 06 50  63 11.0 13.0  2.12  5.88  5.14  92 1017.1   3.8   4.2 999.0 99.0 99.00
2019 03 02 07 50  57 11.7 14.1  2.26  6.67  5.50 112 1015.6   3.7   4.3 999.0 99.0 99.00
2019 03 02 08 50  48 12.4 15.3  2.54  7.14  5.63 112 1014.7   3.6   4.2 999.0 99.0 99.00
2019 03 02 09 50  31 11.4 13.3  2.28  7.14  5.44 115 1014.7   2.9   4.2 999.0 99.0 99.00
2019 03 02 10 50  19 11.0 12.7  2.25  7.69  5.45 116 1015.0   2.1   4.2 999.0 99.0 99.00
2019 03 02 11 50  18 11.4 13.5  2.38  7.69  5.57 117 1014.5   1.8   4.2 999.0 99.0 99.00
2019 03 02 12 50  17 10.9 12.9  2.33  7.69  5.60 130 1015.7   1.7   4.2 999.0 99.0 99.00
2019 03 02 13 50  22 11.8 13.9  2.32  7.69  5.61 127 1014.8   1.7   4.2 999.0 99.0 99.00
2019 03 02 14 50  18  9.0 10.8  2.40  8.33  5.66 129 1015.8   1.8   4.2 999.0 99.0 99.00
2019 03 02 15 50  10  8.5 10.2  2.26  8.33  5.70 132 1015.9   1.8   4.2 999.0 99.0 99.00
2019 03 02 16 50   5  7.2  8.9  2.18  8.33  5.76 121 1016.0   1.9   4.2 999.0 99.0 99.00
2019 03 02 17 50 358  6.3  7.8  2.27  8.33  5.88 122 1016.0   1.8   4.2 999.0 99.0 99.00
2019 03 02 18 50 338  6.5  8.3  2.37  8.33  6.16 126 1016.0   2.0   4.2 999.0 99.0 99.00
2019 03 02 19 50 324  6.5  7.9  2.05  7.14  5.95  93 1016.4   2.4   4.3 999.0 99.0 99.00
2019 03 02 20 50 312  4.3  5.5  2.06  7.14  5.99 104 1016.3   2.9   4.3 999.0 99.0 99.00
2019 03 02 21 50 300  4.9  6.1  2.05  8.33  6.28 121 1016.7   3.0   4.3 999.0 99.0 99.00
2019 03 02 22 50 283  4.6  6.1  2.06  8.33  6.43 116 1016.9   3.2   4.2 999.0 99.0 99.00
2019 03 02 23 50 282  4.5  6.0  1.89  9.09  6.37 123 1017.4   3.4   4.2 999.0 99.0 99.00
2019 03 03 00 50 265  5.2  6.7  1.96  9.09  6.65 124 1018.0   3.8   4.2 999.0 99.0 99.00
2019 03 03 01 50 260  5.2  6.6  1.80  7.69  6.61 100 1017.8   4.2   4.2 999.0 99.0 99.00
2019 03 03 02 50 266  6.9  8.8  1.79  8.33  6.54 100 1018.3   4.4   4.2 999.0 99.0 99.00
2019 03 03 03 50 278  8.1 10.0  1.57  8.33  5.79 121 1018.2   4.4   4.2 999.0 99.0 99.00
2019 03 03 04 50 286  7.3  8.7  1.50  7.14  5.43 100 1018.2   4.2   4.2 999.0 99.0 99.00
2019 03 03 05 50 287  7.4  9.2  1.46  8.33  5.22 111 1018.2   4.1   4.1 999.0 99.0 99.00
2019 03 03 06 50 292  6.7  8.5  1.52  7.69  5.48 137 1018.1   4.1   4.1 999.0 99.0 99.00
2019 03 03 07 50 292  6.9  8.4  1.46  8.33  5.57 130 1018.2   4.1   4.1 999.0 99.0 99.00
2019 03 03 08 50 291  6.2  7.2  1.33  8.33  5.56 113 1018.6   4.1   4.1 999.0 99.0 99.00
2019 03 03 09 50 293  5.5  6.5  1.22  8.33  5.31 118 1019.1   4.1   4.1 999.0 99.0 99.00
2019 03 03 10 50 298  5.7  6.6  1.19  9.09  5.53 106 1019.4   4.0   4.0 999.0 99.0 99.00
2019 03 03 11 50 305  5.3  6.4  1.26 10.00  5.90 115 1019.8   3.9   4.0 999.0 99.0 99.00
2019 03 03 12 50 326  4.8  6.3  1.15  9.09  5.92 102 1021.0   4.1   4.0 999.0 99.0 99.00
2019 03 03 13 50 341  5.4  6.3  1.01  8.33  5.68 106 1021.5   3.9   4.1 999.0 99.0 99.00
2019 03 03 14 50   2  3.7  4.7  1.02  9.09  5.90 106 1021.3   3.6   4.1 999.0 99.0 99.00
2019 03 03 15 50 360  3.2  3.8  0.94  9.09  6.01 103 1021.3   3.6   4.2 999.0 99.0 99.00
2019 03 03 16 50  35  2.7  3.4  0.86  7.69  6.47 131 1020.4   3.6   4.3 999.0 99.0 99.00
2019 03 03 17 50  89  1.5  2.4  1.06 10.81  7.35  87 1020.1   3.7   4.5 999.0 99.0 99.00
2019 03 03 18 50  90  2.1  2.7  0.91 10.00  7.02 112 1018.7   3.8   4.5 999.0 99.0 99.00
2019 03 03 19 50 120  5.4  6.5  1.06 10.81  7.52  81 1017.5   4.4   4.6 999.0 99.0 99.00
2019 03 03 20 50 144  5.8  7.0  0.96 10.00  6.53  95 1017.3   4.7   4.4 999.0 99.0 99.00
2019 03 03 21 50 154  4.8  5.7  0.91 10.00  5.41 101 1017.1   4.9   4.4 999.0 99.0 99.00
2019 03 03 22 50 176  4.2  5.2  0.95 10.00  5.43  75 1015.8   4.3   4.4 999.0 99.0 99.00
2019 03 03 23 50 127  6.3  7.4  0.93  9.09  5.44  86 1014.4   4.2   4.3 999.0 99.0 99.00
2019 03 04 00 50 121  5.9  7.9  0.94  8.33  5.11 115 1013.7   3.9   4.3 999.0 99.0 99.00
2019 03 04 01 50  74  7.4  9.1  1.13 10.00  4.89  95 1013.0   3.6   4.2 999.0 99.0 99.00
2019 03 04 02 50  55  8.7 10.2  1.13  8.33  4.60 106 1011.9   3.3   4.2 999.0 99.0 99.00
2019 03 04 03 50  48 10.6 13.0  1.18  4.17  4.29  78 1008.9   2.8   4.2 999.0 99.0 99.00
2019 03 04 04 50  41 11.9 14.1  1.40  4.35  4.36  76 1007.1   3.1   4.0 999.0 99.0 99.00
2019 03 04 05 50  39 13.1 15.3  1.61  4.76  4.42  71 1005.5   2.7   3.9 999.0 99.0 99.00
2019 03 04 06 50  29 12.0 14.9  1.88  5.26  4.66  72 1003.6   2.4   3.9 999.0 99.0 99.00
2019 03 04 07 50  20 13.5 15.7  2.17  5.88  4.85  58 1001.6   2.5   3.9 999.0 99.0 99.00
2019 03 04 08 50  25 12.7 15.6  1.93  5.88  4.85  63 1000.5   2.5   4.0 999.0 99.0 99.00
2019 03 04 09 50   9 11.2 13.4  2.01  6.67  4.87  79 1001.3   2.8   4.1 999.0 99.0 99.00
2019 03 04 10 50 346 12.9 15.1  1.90  6.25  4.92  69 1002.0   2.4   4.1 999.0 99.0 99.00
2019 03 04 11 50 343 11.8 14.5  2.05  6.67  5.00  79 1003.1   2.4   4.2 999.0 99.0 99.00
2019 03 04 12 50 336 11.4 14.1  2.19  7.14  4.98  86 1005.0   2.6   4.2 999.0 99.0 99.00
2019 03 04 13 50 328 10.8 12.5  2.06  6.67  5.28  82 1005.8   2.7   4.2 999.0 99.0 99.00
2019 03 04 14 50 322 11.3 13.4  1.78  7.14  4.91  86 1006.5   2.5   4.2 999.0 99.0 99.00
2019 03 04 15 50 324  9.8 12.0  2.00  7.69  4.98  95 1007.4   2.5   4.2 999.0 99.0 99.00
2019 03 04 16 50 317  9.5 11.3  1.63  4.76  4.76 317 1008.4   2.9   4.3 999.0 99.0 99.00
2019 03 04 17 50 306  9.6 11.3  1.58  4.76  4.68 316 1008.1   2.7   4.3 999.0 99.0 99.00
2019 03 04 18 50 288  9.3 12.0  1.47  4.76  4.82 316 1008.5   2.6   4.5 999.0 99.0 99.00
2019 03 04 19 50 292  9.4 11.6  1.53  9.09  4.89 129 1008.7   2.9   4.5 999.0 99.0 99.00
2019 03 04 20 50 285  9.6 11.4  1.55  4.76  4.83 291 1009.2   3.1   4.5 999.0 99.0 99.00
2019 03 04 21 50 281 10.6 12.5  1.52  7.69  4.99 130 1009.6   3.4   4.5 999.0 99.0 99.00
2019 03 04 22 50 283  9.4 11.3  1.49  4.76  4.88 296 1010.6   3.2   4.5 999.0 99.0 99.00
2019 03 04 23 50 273 10.6 12.9  1.49  5.00  4.83 290 1011.6   3.1   4.4 999.0 99.0 99.00
2019 03 05 00 50 275 10.2 12.3  1.57  5.00  4.94 287 1012.6   3.0   4.4 999.0 99.0 99.00
2019 03 05 01 50 280 11.4 13.3  1.65  5.00  4.71 286 1013.3   2.8   4.4 999.0 99.0 99.00
2019 03 05 02 50 272 10.6 12.7  1.64  5.26  4.69 279 1014.3   2.5   4.4 999.0 99.0 99.00
2019 03 05 03 50 289 10.9 13.5  1.70  5.26  4.74 278 1014.9   1.8   4.4 999.0 99.0 99.00
2019 03 05 04 50 299  9.1 12.0  1.86  5.26  4.92 280 1015.4   1.0   4.4 999.0 99.0 99.00
2019 03 05 05 50 323  6.7  8.4  1.64  5.26  4.98 282 1016.4   0.2   4.3 999.0 99.0 99.00
2019 03 05 06 50 334  7.4  9.6  1.52  5.56  5.06 280 1016.9  -0.1   4.3 999.0 99.0 99.00
2019 03 05 07 50 336  8.9 10.8  1.40  9.09  4.76 165 1017.0  -1.4   4.2 999.0 99.0 99.00
2019 03 05 08 50 332  9.5 12.4  1.44  9.09  4.70 146 1017.8  -2.5   4.2 999.0 99.0 99.00
2019 03 05 09 50 330  8.3 10.5  1.36  5.00  4.60 292 1018.5  -3.1   4.2 999.0 99.0 99.00
2019 03 05 10 50 323  8.1 10.6  1.37  4.55  4.62 317 1018.9  -3.3   4.2 999.0 99.0 99.00
2019 03 05 11 50 335  6.5  8.8  1.27 10.00  4.71 157 1019.7  -3.6   4.2 999.0 99.0 99.00
2019 03 05 12 50 328  4.6  6.7  1.10 10.00  4.64 147 1020.0  -3.6   4.2 999.0 99.0 99.00
2019 03 05 13 50 322  3.6  5.5  0.96 10.00  4.82 172 1020.1  -3.2   4.1 999.0 99.0 99.00
2019 03 05 14 50 334  1.5  2.3  0.85 10.00  4.87 139 1019.4  -3.1   4.2 999.0 99.0 99.00
2019 03 05 15 50 276  3.9  5.5  0.88  9.09  5.45 150 1019.0  -2.9   4.3 999.0 99.0 99.00
2019 03 05 16 50 258  3.4  5.0  0.86 10.00  5.62 157 1018.3  -3.0   4.3 999.0 99.0 99.00
2019 03 05 17 50 275  5.2  6.9  0.83 10.00  5.96 147 1017.2  -2.9   4.5 999.0 99.0 99.00
2019 03 05 18 50 236  4.1  5.8  0.77  9.09  5.90 158 1016.4  -2.5   4.5 999.0 99.0 99.00
2019 03 05 19 50 215  3.6  5.7  0.88 10.00  6.88 197 1015.7  -2.0   4.6 999.0 99.0 99.00
2019 03 05 20 50 203  5.2  7.2  0.82  9.09  6.77 155 1014.8  -1.4   4.6 999.0 99.0 99.00
2019 03 05 21 50 213  6.5  8.0  0.83 10.00  5.48 144 1013.8  -0.9   4.6 999.0 99.0 99.00
2019 03 05 22 50 223  7.6  9.6  0.90 10.00  4.77 134 1013.6   0.0   4.5 999.0 99.0 99.00
2019 03 05 23 50 273 10.6 13.0  0.93 10.00  4.47 147 1013.8   0.8   4.4 999.0 99.0 99.00
2019 03 06 00 50 278 10.8 14.6  1.01  9.09  4.09 139 1014.2   0.2   4.4 999.0 99.0 99.00
2019 03 06 01 50 297 10.7 12.7  1.21  4.00  4.08 261 1014.2   0.2   4.3 999.0 99.0 99.00
2019 03 06 02 50 305 11.0 13.6  1.43  4.35  4.20 284 1014.2   0.2   4.2 999.0 99.0 99.00
2019 03 06 03 50 307 11.0 14.3  1.49  4.76  4.31 294 1014.2   0.2   4.2 999.0 99.0 99.00
2019 03 06 04 50 293 12.3 14.5  1.51  5.00  4.35 300 1014.2  -0.3   4.1 999.0 99.0 99.00
2019 03 06 05 50 315 11.7 14.1  1.53  5.26  4.51 300 1014.8  -1.2   4.1 999.0 99.0 99.00
2019 03 06 06 50 325 10.9 13.8  1.63  5.56  4.63 294 1015.3  -1.8   4.0 999.0 99.0 99.00
2019 03 06 07 50 330 12.2 15.1  1.58  5.56  4.53 301 1015.7  -2.9   4.0 999.0 99.0 99.00
2019 03 06 08 50 318 11.5 14.2  1.57  5.88  4.47 294 1016.5  -3.7   4.1 999.0 99.0 99.00
2019 03 06 09 50 324 11.5 13.6  1.72  5.56  4.66 301 1017.6  -4.2   4.1 999.0 99.0 99.00
2019 03 06 10 50 318 11.9 15.3  1.66  5.26  4.58 307 1017.9  -4.2   4.1 999.0 99.0 99.00
2019 03 06 11 50 303 10.3 13.2  1.70  5.56  4.61 306 1018.9  -4.4   4.1 999.0 99.0 99.00
2019 03 06 12 50 307  9.9 12.8  1.51  5.26  4.32 303 1019.6  -4.6   4.1 999.0 99.0 99.00
2019 03 06 13 50 297 12.1 15.1  1.33  5.00  4.18 295 1020.0  -4.6   4.1 999.0 99.0 99.00
2019 03 06 14 50 306 10.3 13.9  1.64  5.26  4.50 306 1020.6  -5.1   4.1 999.0 99.0 99.00
2019 03 06 15 50 300  9.8 12.0  1.49  5.26  4.32 299 1020.5  -5.0   4.0 999.0 99.0 99.00
2019 03 06 16 50 291  8.9 11.2  1.20  5.26  4.14 301 1020.6  -4.9   4.0 999.0 99.0 99.00
2019 03 06 17 50 302  9.9 12.8  1.20  5.00  4.04 303 1019.9  -4.3   4.0 999.0 99.0 99.00
2019 03 06 18 50 296 10.8 13.4  1.26  4.76  4.07 293 1019.6  -4.0   4.0 999.0 99.0 99.00
2019 03 06 19 50 276  9.0 11.6  1.42  5.00  4.26 299 1020.0  -4.2   4.0 999.0 99.0 99.00
2019 03 06 20 50 289 11.0 14.1  1.41  5.26  4.50 292 1020.0  -3.2   3.9 999.0 99.0 99.00
2019 03 06 21 50 282 12.5 15.6  1.56  5.56  4.49 293 1020.4  -3.2   3.9 999.0 99.0 99.00
2019 03 06 22 50 290 11.2 14.2  1.63  5.88  4.61 286 1021.1  -3.0   3.9 999.0 99.0 99.00
2019 03 06 23 50 293 11.1 15.2  1.61  5.56  4.50 290 1021.9  -2.8   3.9 999.0 99.0 99.00
2019 03 07 00 50 293 11.0 13.8  1.62  5.56  4.45 295 1022.4  -3.0   3.9 999.0 99.0 99.00
2019 03 07 01 50 291 10.2 13.1  1.54  5.56  4.41 300 1023.1  -2.8   3.9 999.0 99.0 99.00
2019 03 07 02 50 289 10.3 15.5  1.38  5.56  4.27 292 1023.9  -2.9   3.9 999.0 99.0 99.00
2019 03 07 03 50 300 10.2 13.0  1.35  5.00  4.18 300 1024.3  -3.1   3.8 999.0 99.0 99.00
2019 03 07 04 50 306  9.4 12.3  1.26  5.26  4.23 293 1024.9  -3.5   3.8 999.0 99.0 99.00
2019 03 07 05 50 302  9.5 12.1  1.26  5.00  4.16 286 1025.0  -3.9   3.8 999.0 99.0 99.00
2019 03 07 06 50 307  8.9 10.9  1.11  4.55  4.04 299 1025.3  -4.3   3.8 999.0 99.0 99.00
2019 03 07 07 50 306 10.7 14.3  1.20  4.76  4.04 292 1024.7  -4.3   3.7 999.0 99.0 99.00
2019 03 07 08 50 309 10.8 12.8  1.31  4.76  4.13 292 1024.8  -4.1   3.7 999.0 99.0 99.00
2019 03 07 09 50 306 10.1 12.5  1.32  5.00  4.26 293 1025.1  -4.5   3.7 999.0 99.0 99.00
2019 03 07 10 50 296 10.2 12.7  1.19  5.00  4.03 298 1025.5  -4.3   3.7 999.0 99.0 99.00
2019 03 07 11 50 289  8.8 10.7  1.09  4.35  3.92 296 1026.0  -4.4   3.7 999.0 99.0 99.00
2019 03 07 12 50 281  6.9  8.6  0.89  4.76  3.77 275 1026.5  -4.2   3.7 999.0 99.0 99.00
2019 03 07 13 50 272  8.5 11.2  0.83  4.35  3.55 296 1026.6  -3.9   3.7 999.0 99.0 99.00
2019 03 07 14 50 277  9.0 10.7  0.88  4.17  3.48 289 1026.5  -3.5   3.7 999.0 99.0 99.00
2019 03 07 15 50 273  8.6 10.8  0.95  4.35  3.65 288 1026.6  -3.2   3.7 999.0 99.0 99.00
2019 03 07 16 50 264  7.9 10.6  0.92  4.17  3.63 284 1026.1  -2.6   3.7 999.0 99.0 99.00
2019 03 07 17 50 266  7.6 11.0  0.95  4.35  3.76 271 1025.5  -2.1   3.7 999.0 99.0 99.00
2019 03 07 18 50 275  8.9 11.9  0.82  4.17  3.61 274 1024.7  -1.3   3.7 999.0 99.0 99.00
2019 03 07 19 50 279  8.9 11.3  0.92  4.17  3.54 272 1024.6  -0.6   3.7 999.0 99.0 99.00
2019 03 07 20 50 275  9.6 12.0  1.08  4.17  3.83 284 1024.6   0.1   3.7 999.0 99.0 99.00
2019 03 07 21 50 280  9.2 11.2  1.22  4.55  4.05 281 1025.0   0.1   3.6 999.0 99.0 99.00
2019 03 07 22 50 293 10.2 12.2  1.36  5.26  4.29 278 1025.1   0.5   3.6 999.0 99.0 99.00
2019 03 07 23 50 283 10.2 12.2  1.36  5.00  4.19 284 1026.2   0.5   3.6 999.0 99.0 99.00
2019 03 08 00 50 290  9.7 11.1  1.32  5.26  4.20 292 1027.0   0.8   3.6 999.0 99.0 99.00
2019 03 08 01 50 282  9.8 11.9  1.12  4.76  4.03 286 1027.4   0.8   3.6 999.0 99.0 99.00
2019 03 08 02 50 285  7.6  9.1  1.13  4.55  3.90 292 1027.9   0.7   3.6 999.0 99.0 99.00
2019 03 08 03 50 305  7.0  8.7  0.92  4.35  3.63 272 1028.4   0.8   3.5 999.0 99.0 99.00
2019 03 08 04 50 358  5.1  6.8  0.77  4.35  3.79 277 1028.9   0.0   3.4 999.0 99.0 99.00
2019 03 08 05 50   7  4.4  5.7  0.64  3.85  3.46 274 1029.6  -0.5   3.4 999.0 99.0 99.00
2019 03 08 06 50   3  3.0  4.2  0.54  3.45  3.28 274 1030.0  -0.7   3.3 999.0 99.0 99.00
2019 03 08 07 50  27  2.5  4.2 99.00 99.00 99.00 999 1029.8  -0.8   3.2 999.0 99.0 99.00
2019 03 08 08 50  21  2.8  3.8  0.40  2.86  3.39 331 1029.4  -0.9   3.2 999.0 99.0 99.00
2019 03 08 09 50  22  1.7  2.4  0.35  4.35  3.41 218 1030.0  -0.9   3.2 999.0 99.0 99.00
2019 03 08 10 50  20  2.0  3.0  0.30  7.69  3.64 181 1030.2  -0.8   3.1 999.0 99.0 99.00
2019 03 08 11 50  39  1.9  3.0  0.26 10.81  3.57 131 1030.3  -0.7   3.1 999.0 99.0 99.00
2019 03 08 12 50 114  1.7  2.2  0.29  3.85  4.03 164 1030.5   0.1   3.2 999.0 99.0 99.00
2019 03 08 13 50  87  2.0  2.7  0.24 99.00  4.16 999 1030.7   0.2   3.3 999.0 99.0 99.00
2019 03 08 14 50 109  2.7  4.1  0.24 99.00  4.68 999 1030.1   0.5   3.5 999.0 99.0 99.00
2019 03 08 15 50  96  2.8  3.6  0.23 99.00  4.72 999 1029.8   0.9   3.7 999.0 99.0 99.00
2019 03 08 16 50 130  2.6  4.5  0.25 99.00  5.06 999 1029.5   1.4   3.8 999.0 99.0 99.00
2019 03 08 17 50 236  4.5  5.6  0.24 99.00  4.95 999 1028.7   1.9   4.0 999.0 99.0 99.00
2019 03 08 18 50 238  5.3  6.3  0.28 10.00  3.83  95 1027.8   2.0   4.0 999.0 99.0 99.00
2019 03 08 19 50 220  4.4  5.2  0.34 10.00  3.39 115 1026.8   2.3   4.0 999.0 99.0 99.00
2019 03 08 20 50 213  5.4  6.5  0.36 10.81  3.41 102 1026.4   2.6   4.0 999.0 99.0 99.00
2019 03 08 21 50 200  4.8  5.8  0.40  2.74  3.29 219 1025.5   2.7   3.9 999.0 99.0 99.00
2019 03 08 22 50 209  5.7  6.8  0.39  2.74  3.43 209 1025.3   3.3   3.8 999.0 99.0 99.00
2019 03 08 23 50 212  6.0  7.1  0.47  2.86  3.28 215 1024.7   3.7   3.8 999.0 99.0 99.00
2019 03 09 00 50 215  5.9  7.1  0.61  3.45  3.41 219 1024.4   3.6   3.8 999.0 99.0 99.00
2019 03 09 01 50 212  5.7  6.6  0.66  3.85  3.46 233 1024.1   3.5   3.7 999.0 99.0 99.00
2019 03 09 02 50 225  4.7  5.6  0.69  3.85  3.59 233 1024.1   3.4   3.8 999.0 99.0 99.00
2019 03 09 03 50 223  3.2  4.3  0.59  4.00  3.70 237 1024.1   3.2   3.7 999.0 99.0 99.00
2019 03 09 04 50 226  3.2  3.7  0.53  4.00  3.71 246 1023.9   3.1   3.6 999.0 99.0 99.00
2019 03 09 05 50 266  2.4  3.1  0.48  3.70  3.79 245 1023.8   3.2   3.6 999.0 99.0 99.00
2019 03 09 06 50 294  2.7  3.2  0.43  3.45  3.73 232 1023.6   3.1   3.5 999.0 99.0 99.00
2019 03 09 07 50 305  3.4  4.0  0.38 10.00  4.14 136 1023.4   3.0   3.5 999.0 99.0 99.00
2019 03 09 08 50 316  3.9  4.7  0.37  9.09  4.49 172 1023.5   2.9   3.5 999.0 99.0 99.00
2019 03 09 09 50 323  3.9  4.5  0.36 14.81  4.29  76 1024.0   2.8   3.4 999.0 99.0 99.00
2019 03 09 10 50 332  3.3  4.0  0.36 10.00  4.22 188 1024.5   2.9   3.4 999.0 99.0 99.00
2019 03 09 11 50   5  4.2  4.8  0.35 10.00  4.10 128 1025.1   2.8   3.4 999.0 99.0 99.00
2019 03 09 12 50 359  5.0  5.8  0.32  9.09  3.97 131 1025.8   2.8   3.5 999.0 99.0 99.00
2019 03 09 13 50 355  3.7  4.6  0.36 13.79  3.66  72 1026.5   2.7   3.6 999.0 99.0 99.00
2019 03 09 14 50 346  3.1  3.6  0.32 10.00  4.12 123 1027.2   2.6   3.7 999.0 99.0 99.00
2019 03 09 15 50 348  2.7  3.3  0.32 10.00  4.73 123 1027.1   2.6   3.8 999.0 99.0 99.00
2019 03 09 16 50 359  2.2  3.2  0.33 10.81  5.11 119 1027.1   2.7   4.0 999.0 99.0 99.00
2019 03 09 17 50  48  0.8  1.5  0.30  8.33  4.34 135 1026.4   3.0   4.3 999.0 99.0 99.00
2019 03 09 18 50 216  0.5  1.0  0.31 10.00  5.12 116 1026.5   3.7   4.8 999.0 99.0 99.00
2019 03 09 19 50 268  0.4  0.9  0.27  9.09  5.30 186 1026.7   3.9   5.1 999.0 99.0 99.00
2019 03 09 20 50 202  1.1  1.7  0.30 10.00  6.32 128 1027.1   4.0   5.5 999.0 99.0 99.00
2019 03 09 21 50 188  0.8  1.4  0.27  9.09  6.20 129 1027.0   4.2   5.4 999.0 99.0 99.00
2019 03 09 22 50 174  1.4  2.2  0.28 10.00  6.12 151 1027.6   3.5   5.1 999.0 99.0 99.00
2019 03 09 23 50 145  2.4  2.8  0.28  9.09  6.14  86 1027.4   3.5   4.7 999.0 99.0 99.00
2019 03 10 00 50 137  3.4  3.9  0.31  9.09  6.85 110 1027.2   3.5   4.4 999.0 99.0 99.00
2019 03 10 01 50 161  4.5  5.4  0.30  9.09  6.77 166 1028.1   3.7   4.1 999.0 99.0 99.00
2019 03 10 02 50 152  4.4  5.2  0.32 10.00  4.69  68 1028.7   4.0   4.0 999.0 99.0 99.00
2019 03 10 03 50 123  5.7  6.6  0.35  9.09  3.77 117 1028.4   4.2   3.8 999.0 99.0 99.00
2019 03 10 04 50 116  6.6  7.8  0.46  9.09  3.87 123 1027.6   4.4   3.8 999.0 99.0 99.00
2019 03 10 05 50 113  9.0 10.9  0.64  3.03  3.56 117 1026.5   4.3   3.7 999.0 99.0 99.00
2019 03 10 06 50 102  9.6 11.0  1.01  4.17  3.77 103 1025.7   4.7   3.8 999.0 99.0 99.00
2019 03 10 07 50 100  9.6 11.6  1.31  5.00  4.13  95 1025.9   4.8   3.8 999.0 99.0 99.00
2019 03 10 08 50 101  9.0 11.5  1.58  5.00  4.37  88 1026.1   4.5   3.8 999.0 99.0 99.00
2019 03 10 09 50  99 12.2 15.0  1.91  5.56  4.78  94 1023.8   4.4   3.7 999.0 99.0 99.00
2019 03 10 10 50 101 11.9 15.1  2.00  5.88  4.93  86 1023.6   4.5   3.7 999.0 99.0 99.00
2019 03 10 11 50 108 11.5 13.6  2.07  6.67  5.10 102 1022.4   5.0   3.7 999.0 99.0 99.00
2019 03 10 12 50 109 12.0 14.1  2.23  6.25  5.12  92 1020.6   5.4   3.7 999.0 99.0 99.00
2019 03 10 13 50 122 11.5 14.5  2.44  6.67  5.41  94 1019.0   6.2   3.8 999.0 99.0 99.00
2019 03 10 14 50 128 14.6 19.0  2.90  7.69  5.81 122 1016.2   6.9   3.9 999.0 99.0 99.00
2019 03 10 15 50 139 12.9 16.3  3.31  7.69  6.10 121 1014.5   7.2   4.0 999.0 99.0 99.00
2019 03 10 16 50 161  8.9 11.6  3.41  8.33  6.33 135 1014.2   7.8   4.0 999.0 99.0 99.00
2019 03 10 17 50 194  8.5  9.8  3.10  7.69  6.34 120 1012.9   8.2   4.1 999.0 99.0 99.00
2019 03 10 18 50 211  8.1  9.2  2.42  8.33  5.98 131 1012.3   7.0   4.2 999.0 99.0 99.00
2019 03 10 19 50 201  6.7  7.9  2.78  7.69  6.51 122 1012.2   6.3   4.2 999.0 99.0 99.00
2019 03 10 20 50 235  4.3  5.7  2.99  7.69  6.67 125 1012.3   5.8   4.1 999.0 99.0 99.00
2019 03 10 21 50 243  3.0  4.0  2.58  9.09  6.57 126 1012.4   5.2   4.1 999.0 99.0 99.00
2019 03 10 22 50 257  2.6  3.8  2.36  8.33  6.32 119 1012.8   5.1   4.1 999.0 99.0 99.00
2019 03 10 23 50 245  1.3  2.5  2.42  9.09  6.53 118 1013.5   4.7   4.1 999.0 99.0 99.00
2019 03 11 00 50 238  1.7  2.5  2.29  9.09  6.58 121 1013.8   4.5   4.0 999.0 99.0 99.00
2019 03 11 01 50 273  1.6  2.5  2.29  9.09  6.65 118 1014.3   4.6   4.0 999.0 99.0 99.00
2019 03 11 02 50 276  1.8  2.8  2.14  9.09  6.55 124 1014.7   4.4   4.0 999.0 99.0 99.00
2019 03 11 03 50 291  2.1  3.5  2.06  9.09  6.63 125 1014.7   4.6   4.0 999.0 99.0 99.00
2019 03 11 04 50 272  3.5  4.8  2.14  8.33  6.87 152 1015.0   4.9   3.9 999.0 99.0 99.00
2019 03 11 05 50 276  4.9  6.7  2.25  9.09  7.05 143 1014.8   5.4   3.9 999.0 99.0 99.00
2019 03 11 06 50 280  6.9  8.7  2.11  8.33  6.95 151 1014.5   5.2   3.9 999.0 99.0 99.00
2019 03 11 07 50 270  7.1  9.6  2.03  8.33  6.61 147 1014.6   5.6   4.0 999.0 99.0 99.00
2019 03 11 08 50 285  8.8 10.8  2.29  9.09  6.43 156 1014.8   5.7   4.0 999.0 99.0 99.00
2019 03 11 09 50 292  8.5 10.6  1.98  8.33  5.86 154 1015.6   5.8   4.0 999.0 99.0 99.00
2019 03 11 10 50 287  7.1  8.7  1.97  8.33  6.13 155 1016.6   5.7   4.0 999.0 99.0 99.00
2019 03 11 11 50 268  5.5  6.7  2.04  8.33  6.28 152 1017.4   5.6   4.1 999.0 99.0 99.00
2019 03 11 12 50 257  5.1  6.0  1.70  9.09  6.36 157 1018.2   5.2   4.1 999.0 99.0 99.00
2019 03 11 13 50 253  5.3  6.1  1.61  8.33  6.26 162 1018.6   5.5   4.2 999.0 99.0 99.00
2019 03 11 14 50 265  5.4  6.4  1.54  8.33  6.42 162 1018.6   5.5   4.2 999.0 99.0 99.00
2019 03 11 15 50 265  6.3  7.5  1.54  8.33  6.35 144 1018.2   5.6   4.2 999.0 99.0 99.00
2019 03 11 16 50 250  4.9  5.6  1.58  7.69  6.38 155 1018.1   5.8   4.3 999.0 99.0 99.00
2019 03 11 17 50 246  4.3  5.1  1.63  8.33  6.52 149 1017.5   5.9   4.5 999.0 99.0 99.00
2019 03 11 18 50 235  2.5  3.1  1.50  8.33  6.22 153 1017.1   5.6   4.7 999.0 99.0 99.00
2019 03 11 19 50 217  3.8  5.4  1.38  8.33  5.97 143 1016.4   6.7   4.9 999.0 99.0 99.00
2019 03 11 20 50 253  5.0  6.7  1.36  8.33  5.95 143 1016.6   7.2   4.8 999.0 99.0 99.00
2019 03 11 21 50 244  3.1  4.3  1.23  8.33  5.71 157 1016.4   7.2   4.7 999.0 99.0 99.00
2019 03 11 22 50 221  3.8  4.4  1.26  7.69  5.93 151 1016.1   6.2   4.5 999.0 99.0 99.00
2019 03 11 23 50 244  3.9  5.1  1.25  7.69  6.02 155 1016.7   6.7   4.5 999.0 99.0 99.00
2019 03 12 00 50 236  5.2  5.9  1.08  9.09  5.65 111 1016.8   6.9   4.4 999.0 99.0 99.00
2019 03 12 01 50 241  6.3  7.3  1.19  8.33  5.52 139 1016.3   7.0   4.3 999.0 99.0 99.00
2019 03 12 02 50 248  6.5  7.8  1.02  8.33  5.20 148 1016.1   7.0   4.2 999.0 99.0 99.00
2019 03 12 03 50 273  8.5  9.4  1.03  8.33  4.61 143 1015.8   7.6   4.2 999.0 99.0 99.00
2019 03 12 04 50 288 10.4 12.4  1.09  7.14  4.32 163 1016.0   7.1   4.2 999.0 99.0 99.00
2019 03 12 05 50 327 12.0 13.7  1.26  4.17  4.13 292 1017.7   4.9   4.2 999.0 99.0 99.00
2019 03 12 06 50 317 11.6 14.3  1.29  4.55  4.09 293 1018.5   4.2   4.2 999.0 99.0 99.00
2019 03 12 07 50 317  9.5 11.2  1.63  4.76  4.48 306 1019.0   3.6   4.1 999.0 99.0 99.00
2019 03 12 08 50 312  8.2  9.7  1.34  5.26  4.36 299 1019.2   3.6   4.0 999.0 99.0 99.00
2019 03 12 09 50 328 10.0 11.7  1.27  5.56  4.40 285 1019.4   3.1   4.0 999.0 99.0 99.00
2019 03 12 10 50 316 12.0 14.2  1.35  5.00  4.22 298 1019.7   2.5   4.0 999.0 99.0 99.00
2019 03 12 11 50 317 11.4 13.0  1.56  5.26  4.46 299 1020.6   2.4   4.0 999.0 99.0 99.00
2019 03 12 12 50 320 10.4 12.3  1.44  5.56  4.36 297 1021.4   2.4   4.0 999.0 99.0 99.00
2019 03 12 13 50 314  9.4 12.2  1.26  5.56  4.27 301 1022.3   2.5   4.0 999.0 99.0 99.00
2019 03 12 14 50 312 10.8 13.4  1.16  5.00  4.18 302 1022.4   2.6   4.0 999.0 99.0 99.00
2019 03 12 15 50 310  9.5 11.0  1.17  5.00  4.02 303 1022.5   2.5   4.0 999.0 99.0 99.00
2019 03 12 16 50 314  8.2  9.8  1.19  4.76  4.12 306 1022.7   2.9   4.1 999.0 99.0 99.00
2019 03 12 17 50 315  8.2  9.4  1.08  5.00  4.07 298 1022.5   3.4   4.1 999.0 99.0 99.00
2019 03 12 18 50 313  8.2  9.4  0.96  4.76  3.92 298 1021.8   3.7   4.2 999.0 99.0 99.00
2019 03 12 19 50 298  8.9 10.7  0.90  4.55  3.77 297 1021.9   4.0   4.2 999.0 99.0 99.00
2019 03 12 20 50 309  7.8  9.4  1.07  4.76  3.96 291 1022.3   4.3   4.2 999.0 99.0 99.00
2019 03 12 21 50 294  5.7  6.7  0.91  4.76  4.03 291 1022.7   4.5   4.2 999.0 99.0 99.00
2019 03 12 22 50 311  4.9  5.6  0.78  4.76  4.01 293 1023.4   4.8   4.1 999.0 99.0 99.00
2019 03 12 23 50 313  5.9  6.8  0.68  4.17  3.76 289 1024.2   4.7   4.0 999.0 99.0 99.00
2019 03 13 00 50 316  7.6  9.2  0.63  3.70  3.65 299 1024.4   4.7   4.0 999.0 99.0 99.00
2019 03 13 01 50 325  7.8  9.9  0.75  4.00  3.52 295 1024.9   4.4   3.9 999.0 99.0 99.00
2019 03 13 02 50 325  8.8 10.7  0.88  4.17  3.74 301 1025.5   4.1   3.9 999.0 99.0 99.00
2019 03 13 03 50 324  8.2 10.2  0.89  4.55  3.82 295 1025.8   3.8   3.9 999.0 99.0 99.00
2019 03 13 04 50 327  9.2 10.4  0.86  4.35  3.78 293 1026.2   3.4   3.9 999.0 99.0 99.00
2019 03 13 05 50 334  9.1 11.1  0.84  4.55  3.63 294 1026.5   3.2   3.9 999.0 99.0 99.00
2019 03 13 06 50 354  6.0  7.1  0.78  4.17  3.58 292 1027.0   3.0   3.9 999.0 99.0 99.00
2019 03 13 07 50  26  6.5  7.4  0.66  3.85  3.40 291 1026.2   2.7   3.8 999.0 99.0 99.00
2019 03 13 08 50  31  4.5  5.4  0.58  3.23  3.47 337 1026.6   2.3   3.8 999.0 99.0 99.00
2019 03 13 10 50   8  5.8  6.9  0.55  3.23  3.28   5 1028.0   2.1   3.7 999.0 99.0 99.00
2019 03 13 11 50  12  5.3  6.0  0.50  3.03  3.41  24 1028.3   2.2   3.7 999.0 99.0 99.00
2019 03 13 12 50  10  3.7  4.6  0.44  9.09  3.59 123 1029.1   2.2   3.8 999.0 99.0 99.00
2019 03 13 13 50  15  3.2  4.5  0.43 10.00  3.87 102 1029.5   2.3   3.9 999.0 99.0 99.00
2019 03 13 14 50  18  2.2  3.0  0.40 10.00  4.15 119 1029.6   2.2   4.0 999.0 99.0 99.00
2019 03 13 15 50 347  1.1  2.0  0.36 10.00  4.22  94 1029.4   2.3   4.3 999.0 99.0 99.00
2019 03 13 16 50 353  0.3  0.7  0.37 10.00  4.58  62 1028.8   2.6   4.9 999.0 99.0 99.00
2019 03 13 17 50 222  1.2  2.0  0.39 10.00  4.68 113 1028.9   3.0   5.6 999.0 99.0 99.00
2019 03 13 18 50 166  1.8  2.4  0.39  9.09  4.99 110 1027.7   3.1   5.8 999.0 99.0 99.00
2019 03 13 19 50 167  2.5  3.3  0.37 10.00  5.30 119 1027.1   3.4   5.3 999.0 99.0 99.00
2019 03 13 20 50 162  4.2  5.2  0.37 10.81  5.61 143 1026.7   3.6   5.2 999.0 99.0 99.00
2019 03 13 21 50 186  4.6  5.5  0.35 10.00  5.73 138 1026.8   3.8   5.1 999.0 99.0 99.00
2019 03 13 22 50 194  5.4  6.4  0.38  9.09  4.00 168 1027.0   4.2   4.7 999.0 99.0 99.00
2019 03 13 23 50 198  5.6  6.5  0.45 10.00  3.65 108 1027.2   4.4   4.5 999.0 99.0 99.00
2019 03 14 00 50 203  5.8  6.9  0.47 10.00  3.61  89 1027.2   4.6   4.4 999.0 99.0 99.00
2019 03 14 01 50 201  5.3  6.3  0.54  9.09  3.70  61 1027.0   4.8   4.4 999.0 99.0 99.00
2019 03 14 02 50 199  5.1  6.0  0.55 10.00  3.78  73 1026.5   4.9   4.5 999.0 99.0 99.00
2019 03 14 03 50 200  5.7  6.7  0.52  3.23  3.99 186 1026.2   5.0   4.5 999.0 99.0 99.00
2019 03 14 04 50 186  4.3  5.0  0.57  3.57  3.77 202 1025.7   5.2   4.4 999.0 99.0 99.00
2019 03 14 05 50 193  3.1  3.6  0.61 10.00  4.01  94 1025.8   5.2   4.4 999.0 99.0 99.00
2019 03 14 06 50 185  3.3  3.8  0.57 10.00  3.99 106 1025.5   5.2   4.4 999.0 99.0 99.00
2019 03 14 07 50 158  2.8  3.2  0.58  3.85  4.12 195 1024.9   5.3   4.5 999.0 99.0 99.00
2019 03 14 08 50 168  2.8  3.2  0.60  4.00  4.18 205 1025.0   5.5   4.5 999.0 99.0 99.00
2019 03 14 09 50 149  3.4  4.2  0.55  4.00  4.03 191 1025.1   5.6   4.5 999.0 99.0 99.00
2019 03 14 10 50 142  3.6  4.1  0.55  3.85  4.36 187 1025.3   5.6   4.5 999.0 99.0 99.00
2019 03 14 11 50 149  3.5  3.9  0.54  3.70  4.16 202 1025.1   5.6   4.4 999.0 99.0 99.00
2019 03 14 12 50 145  4.1  5.0  0.51  9.09  4.37 204 1025.0   5.8   4.5 999.0 99.0 99.00
2019 03 14 13 50 170  4.5  5.1  0.48  9.09  4.41  96 1025.2   6.2   4.5 999.0 99.0 99.00
2019 03 14 14 50 155  5.0  6.2  0.47 10.00  4.08 191 1024.5   6.4   4.6 999.0 99.0 99.00
2019 03 14 15 50 149  4.7  5.4  0.51 10.00  4.09  97 1023.8   6.7   4.7 999.0 99.0 99.00
2019 03 14 16 50 165  4.2  4.8  0.49 10.00  3.81  73 1023.5   6.9   4.8 999.0 99.0 99.00
2019 03 14 17 50 157  4.6  5.1  0.53  3.23  3.78 182 1022.6   6.9   4.9 999.0 99.0 99.00
2019 03 14 19 50 167  5.6  6.3  0.58  3.33  3.79 174 1021.4   7.3   5.0 999.0 99.0 99.00
2019 03 14 20 50 162  5.7  6.4  0.64 10.00  3.79 251 1021.1   7.2   5.0 999.0 99.0 99.00
2019 03 14 21 50 165  6.5  7.6  0.63 10.00  3.83  85 1020.6   7.5   5.0 999.0 99.0 99.00
2019 03 14 22 50 168  7.8  9.1  0.76  3.57  3.62 177 1020.2   7.7   4.9 999.0 99.0 99.00
2019 03 14 23 50 166  8.5 10.0  0.88  3.85  3.78 162 1019.5   8.0   4.7 999.0 99.0 99.00
2019 03 15 00 50 164  9.7 11.1  0.98  4.35  3.80 168 1018.9   8.0   4.7 999.0 99.0 99.00
2019 03 15 02 50 172  8.6  9.6  1.23  5.00  4.13 175 1018.5   8.2   4.7 999.0 99.0 99.00
2019 03 15 03 50 175  8.6 10.5  1.30  5.00  4.22 176 1017.9   8.1   4.6 999.0 99.0 99.00
2019 03 15 04 50 187  8.9 10.4  1.27  4.76  4.17 181 1017.3   8.7   4.6 999.0 99.0 99.00
2019 03 15 05 50 188  9.0 10.9  1.43  5.26  4.37 190 1016.0   8.6   4.6 999.0 99.0 99.00
2019 03 15 06 50 195 10.0 11.5  1.43  5.26  4.43 183 1015.0   8.8   4.6 999.0 99.0 99.00
2019 03 15 07 50 191  9.4 11.1  1.52  5.26  4.51 185 1014.2   8.5   4.7 999.0 99.0 99.00
2019 03 15 08 50 200 10.7 12.6  1.68  5.56  4.67 182 1013.5   8.6   4.7 999.0 99.0 99.00
2019 03 15 09 50 198 10.7 12.2  1.75  5.56  4.76 191 1013.0   8.7   4.6 999.0 99.0 99.00
2019 03 15 10 50 198 11.1 13.1  2.22  5.88  5.16 192 1012.5   8.9   4.6 999.0 99.0 99.00
2019 03 15 11 50 201 11.1 13.2  2.25  6.67  5.35 219 1012.6   9.0   4.6 999.0 99.0 99.00
2019 03 15 21 50 208  9.5 11.8  2.61  7.14  5.78 206 1006.5   8.6   4.5 999.0 99.0 99.00
2019 03 15 22 50 209 10.5 12.7  2.42  7.14  5.71 185 1006.3   9.0   4.4 999.0 99.0 99.00
2019 03 15 23 50 205 10.6 12.9  2.28  7.69  5.60 188 1005.2   9.0   4.4 999.0 99.0 99.00
2019 03 16 00 50 207 12.5 15.4  2.60  7.69  5.73 201 1004.3   9.4   4.4 999.0 99.0 99.00
2019 03 16 01 50 215 11.8 13.5  2.79  7.69  5.99 191 1004.7   9.3   4.4 999.0 99.0 99.00
2019 03 16 02 50 255 10.6 14.8  2.90  7.69  6.11 195 1006.3   8.0   4.4 999.0 99.0 99.00
2019 03 16 03 50 226  7.8  9.6  2.41  7.14  5.68 188 1006.8   7.4   4.4 999.0 99.0 99.00
2019 03 16 04 50 240  6.2  7.6  2.40  7.69  5.86 189 1006.9   7.1   4.4 999.0 99.0 99.00
2019 03 16 05 50 287  8.7 10.9  2.36  7.69  5.90 172 1006.9   9.0   4.4 999.0 99.0 99.00
2019 03 16 06 50 281 11.9 13.9  2.08  7.69  5.41 169 1007.9   9.2   4.4 999.0 99.0 99.00
2019 03 16 07 50 279 10.7 12.2  2.14  7.69  5.53 172 1008.8   8.6   4.4 999.0 99.0 99.00
2019 03 16 08 50 288 11.2 13.6  2.08  7.69  5.15 167 1009.7   8.1   4.4 999.0 99.0 99.00
2019 03 16 10 50 285 10.9 13.3  2.00  8.33  5.52 159 1011.9   7.2   4.4 999.0 99.0 99.00
2019 03 16 11 50 285  9.7 11.2  1.74  7.69  5.17 163 1013.1   6.8   4.4 999.0 99.0 99.00
2019 03 16 12 50 281  9.5 12.2  1.91  7.69  5.40 169 1013.7   6.4   4.4 999.0 99.0 99.00
2019 03 16 13 50 285 10.6 12.7  1.75  7.69  5.32 174 1014.1   6.4   4.4 999.0 99.0 99.00
2019 03 16 14 50 294  8.8 10.8  1.60  8.33  4.97 161 1014.8   6.2   4.4 999.0 99.0 99.00
2019 03 16 15 50 278 10.8 12.6  1.60  8.33  5.03 157 1014.9   6.5   4.5 999.0 99.0 99.00
2019 03 16 16 50 277  8.4  9.5  1.85  8.33  5.40 162 1015.4   6.4   4.5 999.0 99.0 99.00
2019 03 16 17 50 285  6.8  8.1  1.67  7.14  5.35 185 1015.4   6.4   4.6 999.0 99.0 99.00
2019 03 16 18 50 283  8.6 10.2  1.51  8.33  5.16 174 1014.8   6.5   4.7 999.0 99.0 99.00
2019 03 16 19 50 276  7.4  8.5  1.41  7.69  4.91 184 1015.0   6.8   4.7 999.0 99.0 99.00
2019 03 16 20 50 282  5.2  6.2  1.24  9.09  4.98 147 1015.2   6.6   4.7 999.0 99.0 99.00
2019 03 16 21 50 281  5.7  6.8  1.15  8.33  4.98 152 1015.8   6.8   4.7 999.0 99.0 99.00
2019 03 16 22 50 276  7.2  8.7  1.08  8.33  4.89 161 1016.5   6.7   4.7 999.0 99.0 99.00
2019 03 16 23 50 288  8.4  9.5  1.05  8.33  4.33 154 1017.0   6.7   4.6 999.0 99.0 99.00
2019 03 17 00 50 312  8.1 10.5  1.16  4.55  4.30 288 1018.6   6.0   4.5 999.0 99.0 99.00
2019 03 17 01 50 303  8.9 11.1  1.21  4.35  4.24 295 1019.3   5.8   4.4 999.0 99.0 99.00
2019 03 17 02 50 314  5.3  6.5  1.24  4.76  4.40 296 1019.8   5.3   4.4 999.0 99.0 99.00
2019 03 17 03 50 314  9.8 11.9  1.12  4.76  4.26 275 1019.8   5.1   4.3 999.0 99.0 99.00
2019 03 17 04 50 318  9.6 11.7  1.10  4.76  4.09 280 1020.1   4.5   4.3 999.0 99.0 99.00
2019 03 17 05 50 313 10.6 13.2  1.32  4.55  4.22 300 1020.4   4.0   4.3 999.0 99.0 99.00
2019 03 17 06 50 314 10.9 13.6  1.36  5.00  4.29 303 1020.5   3.6   4.3 999.0 99.0 99.00
2019 03 17 07 50 304 10.1 12.5  1.50  5.26  4.46 309 1020.4   3.4   4.3 999.0 99.0 99.00
2019 03 17 08 50 309  8.5 10.7  1.33  5.26  4.25 292 1020.9   3.4   4.2 999.0 99.0 99.00
2019 03 17 09 50 319  9.3 10.9  1.24  5.00  4.14 298 1021.3   2.9   4.2 999.0 99.0 99.00
2019 03 17 10 50 321  8.1  9.9  1.10  4.76  3.99 297 1021.9   2.8   4.2 999.0 99.0 99.00
2019 03 17 11 50 320  6.1  7.1  0.96  4.17  3.92 298 1022.7   2.9   4.1 999.0 99.0 99.00
2019 03 17 12 50 322  5.8  7.1  0.82  4.35  3.72 293 1023.4   2.7   4.1 999.0 99.0 99.00
2019 03 17 13 50 310  4.9  6.3  0.75  4.00  3.84 291 1023.3   2.7   4.1 999.0 99.0 99.00
2019 03 17 14 50 294  7.2  9.0  0.73  3.70  3.55 282 1023.4   2.6   4.2 999.0 99.0 99.00
2019 03 17 15 50 292  5.1  6.4  0.82  4.00  3.78 276 1023.2   2.4   4.2 999.0 99.0 99.00
2019 03 17 16 50 284  5.9  7.8  0.67  3.85  3.68 293 1022.8   2.5   4.3 999.0 99.0 99.00
2019 03 17 17 50 289  5.0  6.4  0.62  4.00  3.73 263 1022.6   2.6   4.4 999.0 99.0 99.00
2019 03 17 18 50 266  4.5  5.6  0.58  3.70  3.71 284 1021.8   2.8   4.5 999.0 99.0 99.00
2019 03 17 19 50 271  5.3  6.4  0.49  3.45  3.55 285 1021.1   3.4   4.6 999.0 99.0 99.00
2019 03 17 20 50 259  4.8  5.9  0.50  3.33  3.54 291 1020.6   4.0   4.7 999.0 99.0 99.00
2019 03 17 21 50 240  5.0  6.0  0.49  3.23  3.94 286 1020.5   4.2   4.6 999.0 99.0 99.00
2019 03 17 22 50 231  4.5  5.3  0.46 10.00  4.06 130 1021.0   4.2   4.5 999.0 99.0 99.00
2019 03 17 23 50 222  5.8  7.0  0.51 12.12  3.63 131 1021.5   4.0   4.4 999.0 99.0 99.00
2019 03 18 00 50 227  6.1  7.0  0.52 11.43  3.49 112 1022.1   4.2   4.3 999.0 99.0 99.00
2019 03 18 01 50 268  4.1  5.0  0.54  3.33  3.32 285 1022.9   4.5   4.3 999.0 99.0 99.00
2019 03 18 02 50 335  6.7  8.1  0.49 11.43  3.57  99 1023.2   4.4   4.2 999.0 99.0 99.00
2019 03 18 03 50 348  7.5  8.6  0.60  3.33  3.32 320 1023.8   3.6   4.2 999.0 99.0 99.00
2019 03 18 04 50 348  7.0  8.4  0.79  3.85  3.60 335 1023.9   3.0   4.1 999.0 99.0 99.00
2019 03 18 05 50 350  8.1  9.6  0.87  4.17  3.65 329 1023.9   2.7   4.1 999.0 99.0 99.00
2019 03 18 06 50  12  7.0  8.2  0.91  4.17  3.74 339 1024.1   2.5   4.1 999.0 99.0 99.00
2019 03 18 07 50  40  4.7  5.8  0.78  4.00  3.73 348 1024.1   1.9   4.1 999.0 99.0 99.00
2019 03 18 08 50  46  3.4  4.5  0.64  3.85  3.69 354 1024.2   1.9   4.0 999.0 99.0 99.00
2019 03 18 09 50  45  2.5  3.4  0.59  3.57  3.79   7 1024.2   2.0   4.0 999.0 99.0 99.00
2019 03 18 10 50  15  2.6  3.5  0.48  3.70  3.89  29 1024.7   2.2   3.9 999.0 99.0 99.00
2019 03 18 11 50   3  2.2  3.1  0.46 11.43  4.08 175 1025.1   2.6   3.9 999.0 99.0 99.00
2019 03 18 12 50 328  3.5  4.5  0.41 11.43  4.04 152 1025.7   2.9   3.9 999.0 99.0 99.00
2019 03 18 13 50 331  4.0  5.4  0.37 10.81  4.18  84 1026.3   2.7   4.1 999.0 99.0 99.00
2019 03 18 14 50 320  3.3  4.6  0.39 10.81  3.82 114 1026.8   2.5   4.2 999.0 99.0 99.00
2019 03 18 15 50 317  3.3  4.2  0.40 10.81  3.52 125 1026.7   2.5   4.4 999.0 99.0 99.00
2019 03 18 16 50 305  3.3  4.3  0.39 11.43  3.85 144 1026.6   2.7   4.5 999.0 99.0 99.00
2019 03 18 17 50 272  2.6  3.4  0.36 10.81  4.20 130 1026.2   2.8   4.7 999.0 99.0 99.00
2019 03 18 18 50 260  2.9  4.2  0.31 10.00  4.72 168 1025.4   3.2   4.9 999.0 99.0 99.00
2019 03 18 19 50 229  2.4  3.3  0.31 12.12  4.92 334 1025.1   3.5   5.1 999.0 99.0 99.00
2019 03 18 20 50 225  2.8  3.6  0.31 10.81  5.78 309 1024.9   3.8   5.2 999.0 99.0 99.00
2019 03 18 21 50 222  4.8  5.7  0.28 10.00  5.53 122 1025.2   3.9   5.1 999.0 99.0 99.00
2019 03 18 22 50 220  6.3  7.1  0.34 10.00  3.47 169 1025.7   3.9   4.8 999.0 99.0 99.00
2019 03 18 23 50 228  6.9  7.8  0.45  2.86  3.32 223 1026.3   4.0   4.5 999.0 99.0 99.00
2019 03 19 00 50 235  6.3  7.0  0.52  3.13  3.27 230 1027.1   4.3   4.4 999.0 99.0 99.00
2019 03 19 01 50 235  5.3  6.4  0.49  3.03  3.25 226 1027.3   4.4   4.4 999.0 99.0 99.00
2019 03 19 02 50 243  4.7  5.5  0.47  3.23  3.46 216 1027.6   4.4   4.3 999.0 99.0 99.00
2019 03 19 03 50 236  4.2  4.9  0.40  2.94  3.56 218 1027.6   4.4   4.3 999.0 99.0 99.00
2019 03 19 04 50 246  4.7  5.6  0.38 10.81  3.76   4 1027.8   4.5   4.2 999.0 99.0 99.00
2019 03 19 05 50 247  4.1  4.8  0.38 10.81  3.52 115 1028.1   4.6   4.2 999.0 99.0 99.00
2019 03 19 06 50 252  3.4  4.0  0.40 10.00  3.86  61 1028.1   4.7   4.2 999.0 99.0 99.00
2019 03 19 07 50 268  2.8  3.2  0.38  9.09  3.74  59 1027.6   4.5   4.2 999.0 99.0 99.00
2019 03 19 08 50 304  2.3  3.3  0.36 10.81  3.78 134 1027.5   4.3   4.2 999.0 99.0 99.00
2019 03 19 09 50   2  7.0  8.5  0.35  9.09  3.88 149 1028.2   3.9   4.2 999.0 99.0 99.00
2019 03 19 10 50 351  7.7  8.8  0.49  2.86  3.04 343 1028.9   3.7   4.3 999.0 99.0 99.00
2019 03 19 11 50 344  6.8  7.9  0.68  3.45  3.41 340 1029.6   3.7   4.3 999.0 99.0 99.00
2019 03 19 12 50 341  5.8  6.4  0.73  3.70  3.47 333 1030.5   3.5   4.3 999.0 99.0 99.00
2019 03 19 13 50 355  5.5  6.3  0.57  3.33  3.34 331 1030.9   3.4   4.3 999.0 99.0 99.00
2019 03 19 14 50 355  4.3  5.0  0.50  2.94  3.26 346 1031.2   3.3   4.3 999.0 99.0 99.00
2019 03 19 15 50   4  1.4  2.1  0.41  2.94  3.28 350 1031.4   3.4   4.4 999.0 99.0 99.00
2019 03 19 16 50 308  1.1  1.7  0.34 10.00  3.47 163 1031.3   3.5   5.0 999.0 99.0 99.00
2019 03 19 17 50 271  1.2  1.8  0.32 10.00  3.87 125 1031.0   3.8   5.5 999.0 99.0 99.00
2019 03 19 18 50 228  2.8  3.6  0.25  8.33  4.36 124 1030.1   4.2   5.8 999.0 99.0 99.00
2019 03 19 19 50 217  4.0  4.7  0.24 99.00  4.95 999 1029.9   4.5   5.8 999.0 99.0 99.00
2019 03 19 20 50 190  5.0  5.6  0.25 99.00  5.62 999 1029.4   4.8   5.6 999.0 99.0 99.00
2019 03 19 21 50 190  4.0  4.6  0.25 99.00  5.57 999 1028.8   5.3   5.4 999.0 99.0 99.00
2019 03 19 22 50 194  5.1  5.8  0.26  8.33  4.60  88 1029.1   5.1   5.1 999.0 99.0 99.00
2019 03 19 23 50 202  5.1  6.2  0.28 12.12  3.42  99 1029.6   5.1   5.0 999.0 99.0 99.00
2019 03 20 00 50 202  4.6  5.4  0.39  2.60  3.13 201 1030.2   5.1   5.0 999.0 99.0 99.00
2019 03 20 01 50 203  4.9  5.5  0.42  3.03  3.22 208 1030.6   5.1   4.9 999.0 99.0 99.00
2019 03 20 02 50 195  3.3  3.9  0.44  3.13  3.33 201 1030.7   5.1   4.7 999.0 99.0 99.00
2019 03 20 03 50 199  3.0  3.6  0.44  3.13  3.47 200 1030.6   5.1   4.6 999.0 99.0 99.00
2019 03 20 04 50 230  3.5  4.1  0.47  3.23  3.53 197 1030.5   5.1   4.6 999.0 99.0 99.00
2019 03 20 05 50 233  3.1  3.7  0.42  3.57  3.67 212 1030.5   5.1   4.5 999.0 99.0 99.00
2019 03 20 06 50 220  2.2  2.7  0.48  3.57  3.64 215 1030.3   5.0   4.6 999.0 99.0 99.00
2019 03 20 07 50 223  2.3  2.8  0.49  3.70  3.76 220 1029.9   4.9   4.6 999.0 99.0 99.00
2019 03 20 08 50 217  2.2  2.6  0.51  3.57  3.93 214 1029.7   4.8   4.4 999.0 99.0 99.00
2019 03 20 09 50 215  1.9  2.4  0.48  3.85  4.00 226 1029.8   4.8   4.4 999.0 99.0 99.00
2019 03 20 10 50 233  2.0  2.7  0.43  3.85  3.96 227 1030.1   4.8   4.4 999.0 99.0 99.00
2019 03 20 11 50 220  1.8  2.0  0.44  3.70  4.07 231 1030.4   5.0   4.4 999.0 99.0 99.00
2019 03 20 12 50 213  1.4  1.7  0.40  7.69  4.13 154 1030.6   5.1   4.5 999.0 99.0 99.00
2019 03 20 13 50 200  2.0  2.4  0.39 12.12  4.42  77 1030.5   5.0   4.7 999.0 99.0 99.00
2019 03 20 14 50 217  2.0  2.5  0.38  7.14  4.46 162 1030.7   5.1   4.9 999.0 99.0 99.00
2019 03 20 15 50 206  1.9  2.3  0.37  7.69  4.64 160 1030.3   5.4   5.3 999.0 99.0 99.00
2019 03 20 16 50 203  1.0  1.5  0.38  7.69  5.04 180 1029.7   5.6   5.9 999.0 99.0 99.00
2019 03 20 17 50 177  0.8  1.1  0.35 11.43  5.30  88 1029.3   6.0   6.6 999.0 99.0 99.00
2019 03 20 18 50 126  1.4  1.8  0.36  7.69  5.47 189 1028.4   6.0   7.3 999.0 99.0 99.00
2019 03 20 19 50 107  2.2  2.7  0.33  7.69  5.61 159 1027.9   6.2   7.5 999.0 99.0 99.00
2019 03 20 20 50 118  3.3  4.0  0.37  7.14  5.96 177 1027.7   6.5   7.3 999.0 99.0 99.00
2019 03 20 21 50 121  4.3  5.2  0.33  7.69  6.16 139 1027.1   6.5   6.7 999.0 99.0 99.00
2019 03 20 22 50 122  3.8  4.4  0.32  7.14  5.69 170 1026.8   6.1   6.2 999.0 99.0 99.00
2019 03 20 23 50 127  3.5  4.1  0.40  7.69  4.80 122 1026.7   5.9   6.0 999.0 99.0 99.00
2019 03 21 00 50 127  3.3  3.7  0.42  7.14  4.35 167 1026.8   6.0   5.7 999.0 99.0 99.00
2019 03 21 01 50 107  2.8  3.2  0.45  7.69  4.73 154 1026.4   5.9   5.6 999.0 99.0 99.00
2019 03 21 02 50 117  2.8  3.4  0.45  7.69  4.82 157 1026.0   6.0   5.4 999.0 99.0 99.00
2019 03 21 03 50 116  3.4  3.9  0.50  7.14  4.98 167 1025.5   6.2   5.3 999.0 99.0 99.00
2019 03 21 04 50 118  3.5  4.0  0.53  6.25  4.90 164 1024.9   6.2   5.2 999.0 99.0 99.00
2019 03 21 05 50 123  3.7  4.6  0.72  5.88  5.12 155 1024.5   6.5   5.1 999.0 99.0 99.00
2019 03 21 06 50 139  4.1  5.1  0.83  6.25  4.90 167 1023.5   6.4   5.1 999.0 99.0 99.00
2019 03 21 07 50 115  3.8  4.2  0.94  6.25  4.97 154 1022.3   6.3   5.1 999.0 99.0 99.00
2019 03 21 08 50 108  4.0  4.5  1.00  5.56  4.78 136 1021.7   6.2   5.1 999.0 99.0 99.00
2019 03 21 09 50  97  3.5  3.9  1.02  5.56  4.86 136 1021.5   5.9   5.1 999.0 99.0 99.00
2019 03 21 10 50  95  5.4  6.0  1.09  5.88  5.05 137 1020.4   6.2   4.9 999.0 99.0 99.00
2019 03 21 11 50 105  7.4  8.3  1.24  6.25  5.15 136 1019.4   6.5   4.8 999.0 99.0 99.00
2019 03 21 12 50 110  6.5  7.3  1.19  6.67  4.74 150 1019.5   6.6   4.8 999.0 99.0 99.00
2019 03 21 13 50 105  7.0  8.4  1.24  6.67  4.86 141 1018.9   6.8   4.8 999.0 99.0 99.00
2019 03 21 14 50 103  6.1  7.0  1.29  6.25  5.02 135 1018.6   6.8   4.8 999.0 99.0 99.00
2019 03 21 15 50 101  7.1  8.3  1.32  6.25  5.07 134 1017.4   6.9   4.9 999.0 99.0 99.00
2019 03 21 16 50 104  8.0  9.5  1.44  6.67  5.03 131 1016.2   6.9   5.0 999.0 99.0 99.00
2019 03 21 17 50 105  8.2  9.6  1.48  6.25  4.93 134 1015.6   7.1   5.0 999.0 99.0 99.00
2019 03 21 18 50 106  8.0  9.2  1.65  7.14  5.23 143 1014.1   7.0   5.0 999.0 99.0 99.00
2019 03 21 19 50 105  7.1  9.1  1.79  7.69  5.21 148 1013.3   6.9   5.0 999.0 99.0 99.00
2019 03 21 20 50  89  6.0  6.9  2.02  7.69  5.78 127 1012.0   6.7   4.9 999.0 99.0 99.00
2019 03 21 21 50 108  8.0  9.3  2.06  7.69  5.82 125 1010.4   7.1   4.9 999.0 99.0 99.00
2019 03 21 22 50  93 10.2 12.1  2.16  7.69  5.51 123 1008.3   7.3   4.8 999.0 99.0 99.00
2019 03 21 23 50  91  9.6 11.4  2.16  7.69  5.53 124 1007.3   7.1   4.8 999.0 99.0 99.00
2019 03 22 00 50  86 10.0 12.1  2.29  8.33  5.53 126 1006.1   7.0   4.8 999.0 99.0 99.00
2019 03 22 01 50  91  8.6 10.3  2.26  7.69  5.63 133 1004.9   6.7   4.7 999.0 99.0 99.00
2019 03 22 02 50  85 10.2 11.8  2.26  7.69  5.93 134 1002.5   6.8   4.7 999.0 99.0 99.00
2019 03 22 03 50  80 12.9 15.7  2.55  8.33  5.98 130  999.8   6.9   4.7 999.0 99.0 99.00
2019 03 22 04 50  45 12.3 15.0  2.78  8.33  6.05 134  995.6   6.5   4.7 999.0 99.0 99.00
2019 03 22 05 50  94 12.0 14.9  3.14  8.33  5.98 131  993.8   8.1   4.7 999.0 99.0 99.00
2019 03 22 06 50 154 11.4 14.2  3.40  9.09  6.31 140  993.0   7.3   4.7 999.0 99.0 99.00
2019 03 22 07 50 148  7.1  8.9  3.27  9.09  6.46 143  993.1   6.3   4.6 999.0 99.0 99.00
2019 03 22 08 50 167  6.5  8.0  2.90  9.09  6.30 147  992.0   6.1   4.6 999.0 99.0 99.00
2019 03 22 09 50 165  5.8  6.8  3.32  9.09  6.78 139  990.8   5.7   4.5 999.0 99.0 99.00
2019 03 22 10 50 144  2.1  3.5  3.27  9.09  6.97 132  990.1   5.5   4.5 999.0 99.0 99.00
2019 03 22 11 50  17  1.0  2.0  3.02  9.09  6.83 136  990.1   5.1   4.5 999.0 99.0 99.00
2019 03 22 12 50 314  3.5  5.2  3.13 10.00  7.13 140  989.6   5.2   4.5 999.0 99.0 99.00
2019 03 22 13 50 325 11.8 14.7  2.66 10.00  6.71 148  989.8   5.0   4.6 999.0 99.0 99.00
2019 03 22 14 50 324 12.4 16.0  2.49 10.00  6.02 141  991.0   4.7   4.5 999.0 99.0 99.00
2019 03 22 15 50 321 12.0 15.2  2.59 10.00  5.71 144  992.1   4.5   4.5 999.0 99.0 99.00
2019 03 22 16 50 299 10.2 12.9  2.74 10.00  6.04 145  993.1   5.3   4.5 999.0 99.0 99.00
2019 03 22 17 50 290 11.4 14.4  2.40 10.00  5.68 158  993.2   5.9   4.5 999.0 99.0 99.00
2019 03 22 18 50 289 12.8 15.6  2.58  8.33  5.74 160  993.4   6.1   4.5 999.0 99.0 99.00
2019 03 22 19 50 284 11.0 13.9  2.40  9.09  5.81 143  994.0   6.5   4.5 999.0 99.0 99.00
2019 03 22 20 50 277 11.2 15.4  2.45  9.09  6.17 162  994.2   7.0   4.6 999.0 99.0 99.00
2019 03 22 21 50 281  9.6 11.7  2.32  6.25  5.89 288  994.9   6.9   4.6 999.0 99.0 99.00
2019 03 22 22 50 269  7.5  8.9  2.14 10.00  5.79 149  996.1   6.7   4.7 999.0 99.0 99.00
2019 03 22 23 50 265  7.7  9.3  1.96  6.25  5.77 280  996.9   6.6   4.7 999.0 99.0 99.00
2019 03 23 01 50 274 13.1 16.9  2.19 12.12  5.46 104  997.8   5.4   4.8 999.0 99.0 99.00
2019 03 23 02 50 274 13.1 15.7  2.21  5.88  5.21 285  998.3   5.3   4.8 999.0 99.0 99.00
2019 03 23 03 50 280 13.9 16.9  2.50  5.88  5.40 276  998.6   5.3   4.7 999.0 99.0 99.00
2019 03 23 04 50 278 15.5 19.8  2.43  5.88  5.31 280  998.8   4.8   4.6 999.0 99.0 99.00
2019 03 23 05 50 287 16.4 20.4  2.88  6.25  5.44 292  999.6   4.3   4.6 999.0 99.0 99.00
2019 03 23 06 50 287 17.3 21.2  2.85  6.67  5.65 290 1000.1   3.4   4.6 999.0 99.0 99.00
2019 03 23 07 50 292 15.8 18.3  2.75  7.14  5.47 305 1000.9   2.8   4.5 999.0 99.0 99.00
2019 03 23 08 50 295 17.3 20.7  2.85  6.67  5.47 308 1001.4   2.8   4.5 999.0 99.0 99.00
2019 03 23 09 50 295 16.8 21.1  2.91  7.14  5.75 299 1002.6   2.5   4.5 999.0 99.0 99.00
2019 03 23 10 50 295 16.0 19.4  3.06  7.14  5.89 298 1003.8   2.6   4.5 999.0 99.0 99.00
2019 03 23 11 50 294 16.0 20.0  2.93  6.67  5.75 300 1004.8   2.9   4.6 999.0 99.0 99.00
2019 03 23 12 50 294 16.3 20.2  3.04  7.14  5.84 298 1005.6   3.2   4.6 999.0 99.0 99.00
2019 03 23 13 50 297 15.0 18.3  2.56  6.67  5.39 302 1007.1   3.6   4.6 999.0 99.0 99.00
2019 03 23 14 50 296 15.2 19.2  2.66  6.67  5.29 298 1008.0   3.6   4.6 999.0 99.0 99.00
2019 03 23 15 50 298 13.2 16.6  2.46  6.25  5.27 288 1009.4   4.2   4.6 999.0 99.0 99.00
2019 03 23 16 50 291 13.6 16.5  2.28  5.88  5.05 296 1010.2   4.7   4.5 999.0 99.0 99.00
2019 03 23 17 50 285 12.8 15.3  2.19  5.88  4.92 286 1011.2   5.2   4.5 999.0 99.0 99.00
2019 03 23 18 50 288 12.5 15.1  2.04  5.88  4.90 298 1011.8   5.8   4.6 999.0 99.0 99.00
2019 03 23 19 50 291 11.6 14.3  1.95  5.88  4.85 296 1012.2   6.2   4.6 999.0 99.0 99.00
2019 03 23 20 50 291  9.7 12.1  1.67  5.56  4.60 294 1013.3   6.6   4.6 999.0 99.0 99.00
2019 03 23 21 50 292 10.0 13.5  1.41  5.26  4.44 291 1014.1   6.9   4.6 999.0 99.0 99.00
2019 03 23 22 50 295 10.0 11.7  1.47  5.26  4.52 288 1015.0   6.8   4.6 999.0 99.0 99.00
2019 03 23 23 50 302 10.4 12.9  1.49  5.26  4.57 283 1016.3   6.9   4.5 999.0 99.0 99.00
2019 03 24 00 50 302  7.6 10.4  1.39  5.26  4.52 290 1018.0   6.4   4.5 999.0 99.0 99.00
2019 03 24 01 50 299  8.4 11.0  1.48  5.26  4.50 293 1018.8   6.3   4.5 999.0 99.0 99.00
2019 03 24 02 50 303 11.5 14.0  1.53  5.26  4.43 296 1018.9   6.4   4.5 999.0 99.0 99.00
2019 03 24 03 50 304  9.5 12.9  1.34  5.26  4.20 286 1019.7   6.1   4.5 999.0 99.0 99.00
2019 03 24 04 50 305  7.4  9.2  1.14  4.76  3.95 285 1020.4   5.8   4.5 999.0 99.0 99.00
2019 03 24 05 50 305  6.0  7.2  1.12  4.76  3.97 296 1021.0   5.6   4.5 999.0 99.0 99.00
2019 03 24 06 50 300  8.7 10.7  1.10  4.55  3.96 287 1021.4   5.6   4.5 999.0 99.0 99.00
2019 03 24 07 50 300  8.2 10.2  1.07  4.55  3.91 296 1021.0   5.4   4.6 999.0 99.0 99.00
2019 03 24 08 50 300  8.3  9.9  1.03  4.55  3.95 298 1021.7   5.3   4.6 999.0 99.0 99.00
2019 03 24 09 50 303  8.7 10.4  0.99  4.35  3.87 298 1021.5   5.1   4.5 999.0 99.0 99.00
2019 03 24 10 50 293  7.9  9.7  0.95  4.35  3.82 293 1022.3   5.1   4.4 999.0 99.0 99.00
2019 03 24 11 50 298  8.0  9.4  0.90  4.35  3.86 298 1022.8   5.1   4.4 999.0 99.0 99.00
2019 03 24 12 50 292  8.6 10.6  0.87  4.17  3.83 292 1023.3   5.2   4.4 999.0 99.0 99.00
2019 03 24 13 50 276  7.1  9.6  0.88  4.35  3.82 284 1023.2   4.9   4.5 999.0 99.0 99.00
2019 03 24 14 50 270  8.0  9.5  0.96  4.17  3.87 285 1022.8   5.1   4.5 999.0 99.0 99.00
2019 03 24 15 50 260  6.7  8.2  0.93  4.00  3.75 283 1022.2   5.4   4.6 999.0 99.0 99.00
2019 03 24 16 50 242  5.6  7.0  0.75  4.17  3.68 276 1022.0   5.8   4.7 999.0 99.0 99.00
2019 03 24 17 50 226  7.1  8.4  0.76  4.00  3.70 283 1021.1   6.0   4.8 999.0 99.0 99.00
2019 03 24 18 50 218  7.8  9.2  0.80  4.35  3.64 219 1020.1   6.3   4.8 999.0 99.0 99.00
2019 03 24 19 50 212  7.6  9.0  0.87  4.55  3.61 211 1019.0   6.7   4.8 999.0 99.0 99.00
2019 03 24 20 50 208  7.3  8.4  0.90  4.76  3.81 209 1017.9   6.9   4.8 999.0 99.0 99.00
2019 03 24 21 50 215  9.5 11.4  0.92  4.35  3.84 210 1017.2   7.4   4.7 999.0 99.0 99.00
2019 03 24 22 50 225  9.4 10.9  1.24  5.00  4.15 209 1017.7   7.2   4.7 999.0 99.0 99.00
2019 03 24 23 50 226 10.6 12.3  1.34  5.26  4.40 207 1017.8   7.3   4.7 999.0 99.0 99.00
2019 03 25 00 50 224 10.3 12.2  1.63  5.56  4.57 217 1018.1   7.2   4.6 999.0 99.0 99.00
2019 03 25 01 50 229 10.2 12.0  1.62  5.88  4.61 220 1018.3   7.5   4.6 999.0 99.0 99.00
2019 03 25 02 50 229  8.5 10.1  1.87  5.88  4.83 215 1017.7   7.1   4.7 999.0 99.0 99.00
2019 03 25 03 50 232  9.3 11.3  1.68  6.25  4.72 218 1017.5   7.2   4.7 999.0 99.0 99.00
2019 03 25 04 50 236  6.9  8.1  1.49  5.56  4.55 227 1017.6   6.8   4.7 999.0 99.0 99.00
2019 03 25 05 50 219  5.6  7.3  1.37  5.88  4.67 218 1016.9   6.7   4.9 999.0 99.0 99.00
2019 03 25 06 50 235  5.4  6.1  1.12  5.56  4.52 214 1017.1   7.1   4.9 999.0 99.0 99.00
2019 03 25 07 50 227  4.6  5.4  1.02  5.26  4.50 209 1016.6   6.3   4.9 999.0 99.0 99.00
2019 03 25 08 50 237  4.3  5.0  1.03  5.56  4.75 211 1016.3   6.4   4.9 999.0 99.0 99.00
2019 03 25 09 50 255  2.8  3.2  0.87  5.56  4.64 203 1016.0   6.4   4.9 999.0 99.0 99.00
2019 03 25 10 50 221  1.9  2.4  0.86  5.88  4.50 208 1016.1   6.4   4.8 999.0 99.0 99.00
2019 03 25 11 50 222  3.8  4.5  0.78  5.56  4.47 210 1017.2   6.3   4.9 999.0 99.0 99.00
2019 03 25 12 50 254  2.6  2.8  0.72  5.56  4.51 203 1017.3   6.6   4.9 999.0 99.0 99.00
2019 03 25 13 50 265  1.9  2.2  0.64  5.26  4.39 202 1017.8   6.8   4.9 999.0 99.0 99.00
2019 03 25 14 50 324  1.9  2.3  0.62  5.00  4.35 200 1017.9   7.4   5.1 999.0 99.0 99.00
2019 03 25 15 50 341  2.8  3.1  0.59  5.00  4.38 197 1018.0   7.3   5.1 999.0 99.0 99.00
2019 03 25 16 50  20  4.3  4.9  0.61  5.00  4.48 209 1018.1   7.0   5.1 999.0 99.0 99.00
2019 03 25 17 50  38  2.7  3.1  0.59  5.00  4.70 203 1018.2   6.9   5.1 999.0 99.0 99.00
2019 03 25 18 50  36  3.2  3.5  0.59  4.76  4.74 198 1017.7   6.6   5.1 999.0 99.0 99.00
2019 03 25 19 50  25  3.2  3.6  0.71  5.56  5.33 178 1017.6   6.4   5.2 999.0 99.0 99.00
2019 03 25 20 50  39  2.1  2.3  0.81  6.67  5.66 175 1017.9   6.4   5.3 999.0 99.0 99.00
2019 03 25 21 50  61  1.4  1.7  0.87  6.25  5.81 181 1017.5   6.2   5.2 999.0 99.0 99.00
2019 03 25 22 50 167  0.0  0.3  0.96  6.67  5.80 185 1017.7   5.9   5.2 999.0 99.0 99.00
2019 03 25 23 50 301  1.4  1.6  0.93  7.14  6.01 186 1018.4   6.1   5.1 999.0 99.0 99.00
2019 03 26 00 50  44  2.5  3.3  0.85  6.67  5.95 182 1018.6   6.1   5.0 999.0 99.0 99.00
2019 03 26 01 50  35  1.6  2.0  0.88  7.14  5.98 179 1018.5   6.0   5.0 999.0 99.0 99.00
2019 03 26 02 50 167  0.1  0.5  0.80  6.67  5.83 182 1018.5   5.8   4.9 999.0 99.0 99.00
2019 03 26 03 50 314  0.3  0.6  0.65  6.67  5.61 183 1018.5   6.1   4.9 999.0 99.0 99.00
2019 03 26 04 50 293  0.1  0.4  0.60  6.67  5.58 185 1018.7   5.5   4.9 999.0 99.0 99.00
2019 03 26 05 50  23  8.7 10.6  0.58  6.67  5.46 179 1018.6   5.9   4.9 999.0 99.0 99.00
2019 03 26 06 50  17  8.8 10.2  0.63  6.67  3.51 176 1018.6   5.4   4.9 999.0 99.0 99.00
2019 03 26 07 50  17 11.3 14.0  0.84  3.57  3.42  19 1018.6   4.2   4.8 999.0 99.0 99.00
2019 03 26 08 50  12 11.6 13.7  1.25  4.55  4.02  18 1019.0   3.5   4.7 999.0 99.0 99.00
2019 03 26 09 50  16 11.3 14.0  1.31  4.76  4.18  29 1019.9   2.9   4.7 999.0 99.0 99.00
2019 03 26 10 50  15 12.6 15.7  1.48  5.00  4.24  36 1020.2   2.7   4.6 999.0 99.0 99.00
2019 03 26 11 50  19 12.0 14.6  1.56  5.00  4.25  30 1021.1   2.8   4.5 999.0 99.0 99.00
2019 03 26 12 50  25 12.5 15.1  1.77  5.88  4.56  38 1021.7   2.9   4.6 999.0 99.0 99.00
2019 03 26 13 50  30 11.6 14.3  1.96  5.56  4.72  43 1022.6   3.1   4.6 999.0 99.0 99.00
2019 03 26 14 50  32 10.8 13.0  1.69  5.26  4.59  52 1023.8   3.3   4.7 999.0 99.0 99.00
2019 03 26 15 50  34  9.6 12.4  1.74  6.25  4.74  65 1024.7   3.6   4.7 999.0 99.0 99.00
2019 03 26 16 50  30  8.4 10.5  1.71  6.25  4.75  65 1025.2   3.8   4.9 999.0 99.0 99.00
2019 03 26 17 50  25  6.4  7.8  1.63  6.67  4.95  65 1025.1   4.0   4.9 999.0 99.0 99.00
2019 03 26 18 50  11  4.4  5.3  1.47  6.25  4.80  59 1024.7   4.2   5.0 999.0 99.0 99.00
2019 03 26 19 50   2  2.8  3.6  1.33  6.25  4.94  64 1024.4   4.4   5.2 999.0 99.0 99.00
2019 03 26 20 50 319  2.2  3.1  1.10  5.88  4.69  69 1024.4   4.7   5.3 999.0 99.0 99.00
2019 03 26 21 50 287  4.1  4.7  1.03  6.25  4.78  70 1024.6   4.8   5.4 999.0 99.0 99.00
2019 03 26 22 50 279  3.1  3.6  1.01  5.88  4.99  83 1024.9   4.9   5.3 999.0 99.0 99.00
2019 03 26 23 50   4  5.1  6.2  1.00  5.56  5.11  81 1025.5   6.1   5.2 999.0 99.0 99.00
2019 03 27 00 50   6  6.0  7.3  1.12  6.67  4.66  96 1026.3   6.1   5.1 999.0 99.0 99.00
2019 03 27 01 50  10  8.7 10.7  1.40  6.25  5.09  92 1026.7   5.9   5.1 999.0 99.0 99.00
2019 03 27 02 50   9  8.5  9.8  1.23  6.67  4.54  95 1027.2   5.5   5.1 999.0 99.0 99.00
2019 03 27 03 50  12  9.6 11.6  1.35  6.67  4.58  98 1027.5   5.3   5.1 999.0 99.0 99.00
2019 03 27 04 50   9  9.8 11.2  1.39  6.25  4.67  86 1027.9   4.9   5.0 999.0 99.0 99.00
2019 03 27 05 50  12  9.6 11.4  1.39  7.14  4.67 100 1028.5   4.5   5.0 999.0 99.0 99.00
2019 03 27 06 50  21  8.6 10.5  1.30  6.67  4.40  96 1028.9   4.1   5.0 999.0 99.0 99.00
2019 03 27 07 50  24  8.2  9.8  1.28  7.69  4.57 113 1029.3   3.8   4.9 999.0 99.0 99.00
2019 03 27 08 50  23  7.7  9.4  1.19  6.67  4.53 111 1030.0   3.6   4.9 999.0 99.0 99.00
2019 03 27 09 50  36  8.1  9.6  1.14  6.67  4.44 101 1030.8   3.5   4.9 999.0 99.0 99.00
2019 03 27 10 50  51  8.6 10.1  1.21  6.25  4.36  87 1031.5   3.3   4.9 999.0 99.0 99.00
2019 03 27 11 50  45  8.6 10.1  1.26  4.35  4.46  56 1032.4   3.0   4.9 999.0 99.0 99.00
2019 03 27 12 50  59  7.2  8.5  1.32  5.00  4.61  81 1033.1   2.8   4.9 999.0 99.0 99.00
2019 03 27 13 50  64  6.2  8.0  1.43  5.56  4.78  76 1034.0   2.8   5.0 999.0 99.0 99.00
2019 03 27 14 50  66  6.7  8.3  1.41  6.25  4.87  97 1034.6   2.8   5.0 999.0 99.0 99.00
2019 03 27 15 50  70  5.9  7.5  1.33  7.14  4.73  91 1034.8   2.9   5.1 999.0 99.0 99.00
2019 03 27 16 50  70  4.8  6.2  1.42  7.14  5.06 103 1034.7   2.9   5.2 999.0 99.0 99.00
2019 03 27 17 50  64  3.7  4.7  1.48  6.67  5.45  91 1034.8   3.0   5.2 999.0 99.0 99.00
2019 03 27 18 50  83  3.7  5.4  1.43  7.69  5.48 101 1034.3   3.1   5.3 999.0 99.0 99.00
2019 03 27 19 50 105  3.6  4.9  1.56  6.25  5.78  92 1034.3   3.2   5.4 999.0 99.0 99.00
2019 03 27 20 50 106  3.5  4.5  1.38  7.69  5.78 103 1034.1   3.3   5.3 999.0 99.0 99.00
2019 03 27 21 50 124  3.6  4.7  1.36  7.14  5.85  99 1033.8   3.4   5.3 999.0 99.0 99.00
2019 03 27 22 50 136  3.7  4.8  1.34  7.14  5.69 114 1033.6   3.4   5.2 999.0 99.0 99.00
2019 03 27 23 50 136  3.4  4.7  1.21  6.67  5.68  94 1033.6   3.3   5.1 999.0 99.0 99.00
2019 03 28 00 50 149  3.6  4.4  1.21  7.14  5.85  86 1034.0   3.3   5.0 999.0 99.0 99.00
2019 03 28 01 50 147  4.1  5.4  1.26  6.25  5.80  80 1034.1   3.3   4.9 999.0 99.0 99.00
2019 03 28 02 50 153  4.6  5.6  1.25  6.67  5.81  84 1033.6   3.3   5.0 999.0 99.0 99.00
2019 03 28 03 50 152  4.3  5.6  1.09  8.33  5.50 107 1033.5   3.3   5.0 999.0 99.0 99.00
2019 03 28 04 50 147  4.8  5.8  1.22 11.43  5.94 139 1033.2   3.4   5.0 999.0 99.0 99.00
2019 03 28 05 50 158  4.9  5.6  1.22 11.43  5.83 125 1032.8   3.7   5.0 999.0 99.0 99.00
2019 03 28 06 50 170  4.0  5.1  1.22 10.81  6.14 103 1032.2   3.8   5.0 999.0 99.0 99.00
2019 03 28 07 50 166  3.7  4.6  1.13 11.43  6.13 115 1031.8   4.0   4.9 999.0 99.0 99.00
2019 03 28 08 50 165  3.3  4.0  1.10 10.81  6.14 129 1031.7   4.2   4.9 999.0 99.0 99.00
2019 03 28 09 50 159  2.8  3.6  1.03 12.12  6.22 137 1032.1   4.3   4.8 999.0 99.0 99.00
2019 03 28 10 50 177  3.0  3.8  1.16 11.43  6.80 129 1032.1   4.6   4.7 999.0 99.0 99.00
2019 03 28 11 50 167  3.0  3.9  1.29 12.12  7.25 127 1032.4   4.9   4.7 999.0 99.0 99.00
2019 03 28 12 50 192  2.3  2.9  1.13 10.81  6.67 109 1032.6   5.1   4.7 999.0 99.0 99.00
2019 03 28 13 50 219  2.3  2.7  1.35 12.12  7.33 129 1032.7   5.1   4.9 999.0 99.0 99.00
2019 03 28 14 50 194  2.4  3.1  1.15  9.09  6.69 120 1032.2   5.1   5.1 999.0 99.0 99.00
2019 03 28 16 50 175  2.8  3.3  1.14 11.43  7.00 148 1030.5   5.6   5.5 999.0 99.0 99.00
2019 03 28 17 50 182  3.4  4.0  1.17 10.00  7.21 122 1029.5   5.8   5.6 999.0 99.0 99.00
2019 03 28 18 50 174  4.7  5.4  1.24 10.00  7.24 110 1028.0   6.0   5.7 999.0 99.0 99.00
2019 03 28 19 50 187  4.8  5.5  1.24 10.81  7.12 110 1027.2   6.3   5.6 999.0 99.0 99.00
2019 03 28 20 50 189  4.0  4.9  1.13 11.43  6.30 118 1026.5   6.3   5.6 999.0 99.0 99.00
2019 03 28 21 50 175  4.7  5.5  1.11  9.09  6.38 115 1025.7   6.3   5.4 999.0 99.0 99.00
2019 03 28 22 50 179  5.7  6.7  1.21  9.09  6.49 103 1025.6   6.4   5.3 999.0 99.0 99.00
2019 03 28 23 50 189  6.9  7.8  1.19 10.00  5.84  87 1025.1   6.5   5.2 999.0 99.0 99.00
2019 03 29 00 50 188  7.6  8.8  1.31 11.43  5.64 108 1025.1   6.7   5.1 999.0 99.0 99.00
2019 03 29 01 50 196  5.8  6.9  1.24 10.00  5.35 100 1025.3   6.6   5.0 999.0 99.0 99.00
2019 03 29 02 50 189  5.6  6.3  1.33 11.43  5.77 127 1025.0   6.6   5.0 999.0 99.0 99.00
2019 03 29 03 50 194  5.9  6.9  1.26 10.00  5.73 101 1024.7   7.0   5.0 999.0 99.0 99.00
2019 03 29 04 50 198  3.9  4.4  1.22 10.81  5.80 104 1024.5   6.7   5.0 999.0 99.0 99.00
2019 03 29 05 50 202  5.6  6.6  1.32 10.00  6.30 114 1023.5   6.9   5.1 999.0 99.0 99.00
2019 03 29 06 50 199  5.5  6.4  1.22 10.00  6.18 101 1022.6   7.3   5.1 999.0 99.0 99.00
2019 03 29 07 50 200  6.6  7.3  1.17 10.81  5.58  96 1021.5   7.4   5.1 999.0 99.0 99.00
2019 03 29 08 50 203  7.4  8.7  1.20 11.43  5.46 107 1021.4   7.6   5.0 999.0 99.0 99.00
2019 03 29 09 50 201  7.8  9.0  1.26 10.81  5.20 105 1020.9   7.6   5.1 999.0 99.0 99.00
2019 03 29 10 50 206  7.9  9.0  1.28 10.00  5.12 103 1020.9   7.7   5.0 999.0 99.0 99.00
2019 03 29 11 50 198  7.9  9.2  1.29 10.00  5.25  98 1020.7   7.7   4.9 999.0 99.0 99.00
2019 03 29 12 50 201  8.0  9.1  1.25 10.00  4.89  97 1020.1   7.9   4.9 999.0 99.0 99.00
2019 03 29 13 50 212  6.8  7.8  1.27 10.00  4.93  87 1020.4   7.9   4.9 999.0 99.0 99.00
2019 03 29 14 50 223  5.8  6.8  1.22  9.09  4.85 106 1020.4   7.6   4.9 999.0 99.0 99.00
2019 03 29 15 50 211  6.0  6.8  1.28  7.69  4.88 103 1020.0   7.4   4.9 999.0 99.0 99.00
2019 03 29 16 50 218  7.2  8.4  1.27 10.81  5.01  98 1019.7   7.6   5.0 999.0 99.0 99.00
2019 03 29 17 50 217  6.8  7.6  1.30 10.00  5.02 101 1019.3   7.5   5.0 999.0 99.0 99.00
2019 03 29 18 50 229  6.7  8.7  1.28  9.09  4.96 101 1019.3   7.5   5.1 999.0 99.0 99.00
2019 03 29 19 50 221  5.4  6.6  1.23 10.00  4.89  89 1019.1   7.3   5.1 999.0 99.0 99.00
2019 03 29 20 50 219  4.8  5.4  1.23 10.81  5.15 108 1019.3   7.0   5.1 999.0 99.0 99.00
2019 03 29 21 50 201  4.5  5.1  1.23 10.00  5.44 112 1018.7   7.1   5.1 999.0 99.0 99.00
2019 03 29 22 50 211  3.2  3.9  1.11 11.43  5.33 121 1019.1   6.8   5.0 999.0 99.0 99.00
2019 03 29 23 50 228  3.5  4.3  1.23 10.00  5.87 109 1019.8   7.1   5.0 999.0 99.0 99.00
2019 03 30 00 50 223  3.9  4.5  1.05 11.43  5.74 117 1020.6   6.9   5.0 999.0 99.0 99.00
2019 03 30 01 50 221  4.3  4.9  1.14 11.43  5.72 114 1020.5   7.0   5.0 999.0 99.0 99.00
2019 03 30 02 50 237  2.7  3.2  1.11 10.00  5.90 130 1020.4   6.9   5.0 999.0 99.0 99.00
2019 03 30 03 50 153  0.2  0.9  1.13 10.81  5.92 108 1020.5   6.6   5.0 999.0 99.0 99.00
2019 03 30 04 50 194  2.3  2.9  1.08  8.33  5.82 139 1020.5   6.8   5.0 999.0 99.0 99.00
2019 03 30 05 50 144  1.5  1.9  1.07 10.00  5.69 113 1020.3   6.8   5.0 999.0 99.0 99.00
2019 03 30 06 50 152  1.5  2.0  1.07 10.00  6.07 125 1019.8   7.1   5.0 999.0 99.0 99.00
2019 03 30 07 50 173  3.9  4.8  1.00 10.00  5.90 130 1019.6   6.8   5.0 999.0 99.0 99.00
2019 03 30 08 50 165  3.5  4.5  1.10 10.00  6.20  95 1019.3   7.0   5.0 999.0 99.0 99.00
2019 03 30 09 50 154  3.3  3.9  1.05  9.09  6.26 106 1019.3   6.9   5.0 999.0 99.0 99.00
2019 03 30 10 50 151  3.7  4.3  1.01 10.81  6.22 108 1019.2   7.0   5.0 999.0 99.0 99.00
2019 03 30 11 50 155  5.1  5.9  0.99  8.33  6.09 117 1019.6   7.7   5.0 999.0 99.0 99.00
2019 03 30 12 50 153  5.6  6.3  1.00  7.14  5.75 113 1019.6   7.7   5.0 999.0 99.0 99.00
2019 03 30 13 50 155  6.6  7.4  0.98  9.09  5.40  92 1019.4   8.0   5.1 999.0 99.0 99.00
2019 03 30 14 50 161  7.2  8.0  1.04  8.33  5.41 122 1018.9   8.5   5.2 999.0 99.0 99.00
2019 03 30 15 50 171  7.0  7.9  1.12 10.00  5.15 104 1018.6   8.7   5.2 999.0 99.0 99.00
2019 03 30 16 50 172  6.8  7.7  1.20  8.33  5.02 120 1018.1   8.7   5.3 999.0 99.0 99.00
2019 03 30 17 50 175  7.1  7.9  1.08  9.09  4.90 129 1017.3   8.9   5.4 999.0 99.0 99.00
2019 03 30 18 50 176  8.0  9.1  1.16 10.00  4.79  99 1016.3   9.0   5.4 999.0 99.0 99.00
2019 03 30 19 50 178  7.9  9.2  1.27  9.09  4.78 120 1015.5   8.8   5.4 999.0 99.0 99.00
2019 03 30 20 50 168  8.1  9.2  1.29  8.33  4.94 138 1014.9   8.9   5.4 999.0 99.0 99.00
2019 03 30 21 50 168  8.6 10.0  1.31 10.00  4.84 110 1014.4   9.0   5.4 999.0 99.0 99.00
2019 03 30 22 50 172  8.1  9.1  1.33  9.09  4.86 164 1014.5   8.9   5.4 999.0 99.0 99.00
2019 03 30 23 50 169  8.5 10.1  1.38  8.33  4.88 132 1014.1   9.1   5.3 999.0 99.0 99.00
2019 03 31 00 50 176  8.5  9.8  1.38  8.33  4.96 132 1014.0   9.2   5.3 999.0 99.0 99.00
2019 03 31 01 50 176  7.8  9.0  1.47  4.35  4.89 179 1013.7   9.1   5.3 999.0 99.0 99.00
2019 03 31 02 50 171  8.3  9.3  1.48  9.09  4.90 125 1012.8   9.3   5.3 999.0 99.0 99.00
2019 03 31 03 50 170  7.8  9.1  1.40  4.55  4.81 163 1012.2   9.0   5.3 999.0 99.0 99.00
2019 03 31 04 50 177  8.2  9.6  1.47  5.00  4.93 164 1011.6   9.2   5.3 999.0 99.0 99.00
2019 03 31 05 50 179  8.9 10.3  1.47  4.76  4.81 182 1010.8   9.5   5.3 999.0 99.0 99.00
2019 03 31 06 50 178  9.2 10.8  1.62  4.76  4.73 175 1009.7   9.6   5.3 999.0 99.0 99.00
2019 03 31 07 50 179  9.5 11.1  1.68  5.00  4.89 170 1008.8   9.6   5.4 999.0 99.0 99.00
2019 03 31 08 50 182  8.7 10.2  1.71  5.00  4.93 178 1008.3   9.4   5.4 999.0 99.0 99.00
2019 03 31 09 50 183  9.4 10.6  1.59  5.26  4.93 187 1007.6   9.5   5.4 999.0 99.0 99.00
2019 03 31 10 50 184  9.4 11.3  1.57  5.26  4.79 201 1007.6   9.6   5.3 999.0 99.0 99.00
2019 03 31 11 50 186 10.0 11.6  1.77  5.26  4.96 204 1007.0   9.6   5.3 999.0 99.0 99.00
2019 03 31 12 50 187 10.7 12.8  1.70  5.56  4.87 197 1006.0   9.9   5.4 999.0 99.0 99.00
2019 03 31 13 50 193  8.7 10.3  1.85  5.88  5.03 197 1006.3   9.1   5.4 999.0 99.0 99.00
2019 03 31 14 50 208  8.4  9.5  1.88  5.26  5.03 187 1005.8   8.8   5.4 999.0 99.0 99.00
2019 03 31 15 50 213  8.1  9.3  1.91  5.88  5.24 185 1005.5   8.3   5.5 999.0 99.0 99.00
2019 03 31 16 50 216  7.7  9.5  1.75  6.25  5.12 190 1005.2   8.1   5.5 999.0 99.0 99.00
2019 03 31 17 50 222  7.3  8.7  1.74  6.25  5.11 179 1004.7   8.0   5.5 999.0 99.0 99.00
2019 03 31 18 50 251  8.1 10.4  1.87  5.88  5.17 182 1005.1   8.1   5.5 999.0 99.0 99.00
2019 03 31 19 50 297  9.8 12.1  1.59  5.88  5.12 179 1005.6   8.1   5.5 999.0 99.0 99.00
2019 03 31 20 50 312  8.6 10.5  1.53  5.88  5.02 177 1006.6   7.5   5.5 999.0 99.0 99.00
2019 03 31 21 50 316  9.0 11.2  1.53  6.25  4.86 176 1007.1   7.2   5.5 999.0 99.0 99.00
2019 03 31 22 50 327  4.6  5.5  1.50  6.25  4.82 185 1008.5   6.7   5.5 999.0 99.0 99.00
