#YY  MM DD hh mm WDIR WSPD GST  WVHT   DPD   APD MWD   PRES  ATMP  WTMP  DEWP  VIS  TIDE
#yr  mo dy hr mn degT m/s  m/s     m   sec   sec deg    hPa  degC  degC  degC  nmi    ft
2019 05 31 23 50 214  4.6  5.3  0.63  6.25  4.62 167 1008.6  18.1  16.8 999.0 99.0 99.00
2019 06 01 00 50 209  5.3  5.8  0.64  6.25  4.93 174 1009.0  18.1  16.2 999.0 99.0 99.00
2019 06 01 01 50 214  4.2  4.7  0.69  5.56  4.93 181 1009.4  17.8  15.9 999.0 99.0 99.00
2019 06 01 02 50 220  4.2  4.8  0.71  7.14  5.13 189 1009.5  17.5  16.0 999.0 99.0 99.00
2019 06 01 03 50 233  3.6  4.4  0.74  7.14  5.03 184 1009.4  17.3  16.0 999.0 99.0 99.00
2019 06 01 04 50 264  3.1  3.4  0.81  7.69  5.35 171 1009.2  17.4  15.8 999.0 99.0 99.00
2019 06 01 05 50 227  2.5  2.7  0.74  7.14  5.29 172 1008.7  16.7  15.8 999.0 99.0 99.00
2019 06 01 06 50 182  2.8  3.6  0.77  7.14  5.48 192 1008.6  16.5  15.9 999.0 99.0 99.00
2019 06 01 07 50 205  2.1  2.4  0.74  6.67  5.37 186 1008.7  17.0  15.8 999.0 99.0 99.00
2019 06 01 08 50 356  1.1  1.5  0.82  6.67  5.67 188 1008.7  16.6  15.8 999.0 99.0 99.00
2019 06 01 09 50 110  0.9  1.3  0.81  7.14  5.55 190 1009.8  16.3  15.6 999.0 99.0 99.00
2019 06 01 10 50  49  1.4  2.3  0.81  7.14  5.76 198 1010.6  16.2  16.0 999.0 99.0 99.00
2019 06 01 11 50  15  2.6  3.2  0.72  7.14  5.73 189 1010.7  16.7  16.3 999.0 99.0 99.00
2019 06 01 12 50  35  3.2  3.7  0.72  6.67  5.97 190 1011.0  16.6  16.4 999.0 99.0 99.00
2019 06 01 13 50  36  3.2  3.6  0.70  7.14  6.00 194 1010.6  16.5  16.2 999.0 99.0 99.00
2019 06 01 14 50  48  2.6  3.1  0.69  6.67  5.94 189 1010.6  16.6  16.0 999.0 99.0 99.00
2019 06 01 15 50  60  2.9  3.4  0.62  7.69  5.80 172 1010.4  16.5  15.9 999.0 99.0 99.00
2019 06 01 16 50  68  2.7  3.2  0.70  6.67  5.94 169 1010.3  16.4  16.0 999.0 99.0 99.00
2019 06 01 17 50  22  3.8  4.5  0.65  8.33  5.90 173 1009.8  16.5  16.4 999.0 99.0 99.00
2019 06 01 18 50  64  3.3  3.9  0.64  7.14  5.89 166 1009.8  16.5  16.5 999.0 99.0 99.00
2019 06 01 19 50 106  3.0  3.5  0.57  7.69  5.85 158 1009.2  16.7  16.8 999.0 99.0 99.00
2019 06 01 20 50 128  2.7  3.4  0.60  7.69  5.73 172 1008.9  17.2  17.0 999.0 99.0 99.00
2019 06 01 21 50 146  4.0  4.5  0.60  7.69  5.80 149 1008.8  17.3  16.8 999.0 99.0 99.00
2019 06 01 22 50 147  3.0  3.5  0.58  7.69  5.67 157 1008.7  17.1  16.7 999.0 99.0 99.00
2019 06 01 23 50 158  2.6  3.2  0.58  7.14  5.76 158 1009.0  16.9  16.6 999.0 99.0 99.00
2019 06 02 00 50 175  1.8  2.2  0.61  7.14  5.79 177 1009.3  16.3  16.5 999.0 99.0 99.00
2019 06 02 01 50 163  2.0  2.4  0.55  7.69  5.58 151 1009.3  16.4  16.5 999.0 99.0 99.00
2019 06 02 02 50 137  1.2  1.7  0.52  7.69  5.31 156 1009.6  16.5  16.5 999.0 99.0 99.00
2019 06 02 03 50 127  0.5  1.0  0.51  7.14  5.35 138 1009.7  16.4  16.2 999.0 99.0 99.00
2019 06 02 04 50 157  0.7  1.0  0.52  7.14  5.43 133 1009.1  16.3  16.1 999.0 99.0 99.00
2019 06 02 05 50 114  1.1  1.4  0.52  7.69  5.42 132 1008.5  16.1  16.2 999.0 99.0 99.00
2019 06 02 06 50 147  2.9  3.4  0.51  7.69  5.34 192 1007.8  16.2  16.1 999.0 99.0 99.00
2019 06 02 07 50 145  5.3  6.0  0.51  7.69  5.24 187 1006.6  16.4  16.0 999.0 99.0 99.00
2019 06 02 08 50 159  3.6  4.1  0.53  8.33  5.23 127 1006.3  16.8  15.9 999.0 99.0 99.00
2019 06 02 09 50 183  3.3  3.6  0.56  7.69  4.87 172 1006.7  16.7  16.0 999.0 99.0 99.00
2019 06 02 10 50 182  3.4  4.1  0.62  8.33  5.13 113 1007.2  16.7  16.1 999.0 99.0 99.00
2019 06 02 11 50 172  4.6  5.1  0.61  8.33  5.02 120 1006.9  17.0  16.1 999.0 99.0 99.00
2019 06 02 12 50 203  3.0  3.5  0.66  8.33  5.40 147 1007.3  17.1  16.3 999.0 99.0 99.00
2019 06 02 13 50 223  3.1  3.4  0.67  9.09  5.31 159 1007.7  17.1  16.4 999.0 99.0 99.00
2019 06 02 14 50 246  2.9  3.5  0.67  8.33  5.50 127 1008.1  17.3  16.5 999.0 99.0 99.00
2019 06 02 15 50 243  2.8  3.3  0.65  8.33  5.37 147 1008.2  17.7  17.0 999.0 99.0 99.00
2019 06 02 16 50 218  3.2  3.6  0.71  9.09  5.52 145 1007.7  17.9  17.3 999.0 99.0 99.00
2019 06 02 17 50 206  3.3  3.9  0.64  7.69  5.32 162 1006.8  18.1  17.6 999.0 99.0 99.00
2019 06 02 18 50 176  4.3  5.0  0.69  9.09  5.25 110 1006.3  18.4  17.7 999.0 99.0 99.00
2019 06 02 19 50 187  5.6  6.6  0.74  7.69  5.11 141 1005.6  18.6  17.5 999.0 99.0 99.00
2019 06 02 20 50 191  5.9  6.7  0.75  9.09  4.73 126 1005.0  18.6  17.4 999.0 99.0 99.00
2019 06 02 21 50 207  5.3  6.3  0.75 10.00  4.49 174 1004.9  18.5  17.3 999.0 99.0 99.00
2019 06 02 22 50 217  7.6  8.9  0.84  9.09  4.62 115 1004.6  19.3  17.2 999.0 99.0 99.00
2019 06 02 23 50 224  5.3  6.2  0.81 10.00  4.33 124 1004.8  18.9  17.2 999.0 99.0 99.00
2019 06 03 00 50 224  7.9  9.1  0.92  4.00  4.14 204 1005.1  19.5  17.4 999.0 99.0 99.00
2019 06 03 01 50 228 10.5 14.5  1.07  4.55  4.18 200 1005.5  19.4  17.6 999.0 99.0 99.00
2019 06 03 02 50 297  5.1  6.9  1.02  4.55  4.06 216 1006.1  19.2  17.5 999.0 99.0 99.00
2019 06 03 03 50 278  8.2  9.8  1.00  4.76  4.15 227 1007.0  18.9  17.4 999.0 99.0 99.00
2019 06 03 04 50 316  8.1 10.1  0.97  4.55  3.86 232 1006.3  18.3  17.2 999.0 99.0 99.00
2019 06 03 05 50 314  7.1  8.5  0.96  4.55  3.97 208 1007.3  17.9  17.1 999.0 99.0 99.00
2019 06 03 06 50 324  6.9  8.1  0.94  5.00  4.07 196 1007.0  17.4  16.9 999.0 99.0 99.00
2019 06 03 07 50 328  5.4  6.3  0.91  7.69  4.23 145 1008.2  17.1  16.8 999.0 99.0 99.00
2019 06 03 08 50 314  4.0  4.7  0.87  8.33  4.69 141 1009.0  17.1  16.8 999.0 99.0 99.00
2019 06 03 09 50 313  5.9  7.4  0.82  5.00  4.44 208 1010.0  17.1  16.7 999.0 99.0 99.00
2019 06 03 10 50 310  6.9  8.6  0.79  5.00  4.25 194 1010.9  16.7  16.6 999.0 99.0 99.00
2019 06 03 11 50 316  4.9  6.1  0.81  5.26  4.34 191 1011.9  16.8  16.5 999.0 99.0 99.00
2019 06 03 12 50 323  4.3  5.2  0.83  5.26  4.59 188 1012.3  16.7  16.4 999.0 99.0 99.00
2019 06 03 13 50 309  5.0  6.0  0.79  5.26  4.72 196 1012.3  16.7  16.3 999.0 99.0 99.00
2019 06 03 14 50 264  4.3  5.0  0.77  8.33  4.83 137 1012.7  16.5  16.4 999.0 99.0 99.00
2019 06 03 15 50 273  5.6  6.8  0.80  5.26  4.79 215 1012.7  16.7  16.4 999.0 99.0 99.00
2019 06 03 17 50 278  4.9  5.7  0.91  6.67  4.69 179 1012.3  17.0  16.6 999.0 99.0 99.00
2019 06 03 19 50 247  3.4  4.3  0.81  6.25  5.28 172 1012.9  17.8  17.0 999.0 99.0 99.00
2019 06 03 20 50 289  6.9  9.0  0.76  6.25  5.30 183 1012.5  18.8  17.0 999.0 99.0 99.00
2019 06 03 21 50 274  5.5  6.5  0.80  6.25  4.20 181 1012.8  18.8  16.9 999.0 99.0 99.00
2019 06 03 22 50 278  5.6  7.2  0.84  5.88  4.25 175 1013.6  18.9  16.9 999.0 99.0 99.00
2019 06 03 23 50 304  5.7  6.4  0.83  6.67  4.22 186 1014.2  18.6  16.8 999.0 99.0 99.00
2019 06 04 00 50 324  6.6  7.8  0.78  6.25  4.17 173 1014.8  18.1  16.7 999.0 99.0 99.00
2019 06 04 01 50 336  7.2  8.2  0.78  6.25  3.92 187 1015.9  17.9  16.7 999.0 99.0 99.00
2019 06 04 02 50 347  6.9  8.2  0.76  5.88  3.71 177 1016.5  17.5  16.5 999.0 99.0 99.00
2019 06 04 03 50 354  8.3  9.5  0.72  8.33  3.60 131 1016.9  17.1  16.3 999.0 99.0 99.00
2019 06 04 04 50   1  6.0  7.1  0.65  9.09  3.82 127 1017.1  16.7  16.2 999.0 99.0 99.00
2019 06 04 05 50   3  4.5  5.4  0.58  7.69  4.09 133 1017.4  16.2  16.1 999.0 99.0 99.00
2019 06 04 06 50 349  4.3  5.0  0.59  7.14  4.44 142 1017.9  16.1  15.9 999.0 99.0 99.00
2019 06 04 07 50 360  4.6  5.4  0.57  7.69  4.67 112 1018.2  16.0  15.8 999.0 99.0 99.00
2019 06 04 08 50 353  2.3  2.8  0.53  7.69  4.90 146 1018.8  15.7  15.6 999.0 99.0 99.00
2019 06 04 09 50 320  3.7  4.6  0.50  7.69  5.20 104 1019.1  15.6  15.4 999.0 99.0 99.00
2019 06 04 10 50 317  4.0  4.9  0.50  8.33  4.71  92 1019.7  15.7  15.4 999.0 99.0 99.00
2019 06 04 11 50 316  5.1  6.1  0.52  7.14  4.64 126 1020.5  15.5  15.5 999.0 99.0 99.00
2019 06 04 12 50 307  5.9  7.5  0.59  9.09  3.90 119 1020.8  15.0  15.7 999.0 99.0 99.00
2019 06 04 13 50 305  5.8  6.8  0.64  3.13  3.64 316 1021.0  15.3  15.9 999.0 99.0 99.00
2019 06 04 14 50 280  3.1  3.8  0.57  8.33  3.92 115 1020.7  15.3  16.0 999.0 99.0 99.00
2019 06 04 15 50 264  4.5  5.5  0.50  7.69  4.13  93 1020.8  15.5  16.1 999.0 99.0 99.00
2019 06 04 16 50 268  5.0  6.0  0.47  8.33  4.08 106 1020.4  15.7  16.2 999.0 99.0 99.00
2019 06 04 17 50 256  4.1  4.7  0.47  8.33  3.59 118 1019.8  15.9  16.2 999.0 99.0 99.00
2019 06 04 18 50 228  3.7  4.9  0.49  7.69  4.77 114 1019.4  16.2  16.4 999.0 99.0 99.00
2019 06 04 19 50 205  4.7  5.4  0.42  7.14  4.90 114 1018.4  16.6  16.6 999.0 99.0 99.00
2019 06 04 20 50 208  6.2  7.3  0.51  7.69  4.42 124 1018.2  17.0  16.7 999.0 99.0 99.00
2019 06 04 21 50 207  7.1  8.5  0.58  6.67  4.05 145 1017.3  17.5  16.7 999.0 99.0 99.00
2019 06 04 22 50 221  6.9  8.0  0.78  4.00  3.97 218 1017.3  17.5  16.6 999.0 99.0 99.00
2019 06 04 23 50 214  5.1  6.1  0.91  4.00  4.16 223 1017.3  17.5  16.5 999.0 99.0 99.00
2019 06 05 00 50 218  5.4  6.2  0.84  4.35  4.09 231 1017.1  17.5  16.3 999.0 99.0 99.00
2019 06 05 01 50 213  6.8  8.2  0.82  4.35  4.11 217 1016.9  17.6  16.2 999.0 99.0 99.00
2019 06 05 02 50 217  7.0  8.6  0.92  4.76  3.96 224 1016.8  17.5  16.2 999.0 99.0 99.00
2019 06 05 03 50 220  8.9 10.9  1.07  4.76  4.12 218 1016.5  17.4  16.2 999.0 99.0 99.00
2019 06 05 04 50 218  7.7  9.1  1.08  4.55  3.97 220 1016.5  17.4  16.2 999.0 99.0 99.00
2019 06 05 05 50 214  8.4 10.1  1.14  5.00  4.00 213 1015.7  17.4  16.2 999.0 99.0 99.00
2019 06 05 06 50 222  9.7 11.8  1.11  4.76  3.94 222 1015.5  17.7  16.2 999.0 99.0 99.00
2019 06 05 07 50 223  8.8 10.5  1.19  4.35  3.93 218 1015.2  17.8  16.3 999.0 99.0 99.00
2019 06 05 08 50 213  8.5 10.2  1.20  4.76  4.10 214 1014.8  17.7  16.3 999.0 99.0 99.00
2019 06 05 09 50 220  8.5 10.0  1.28  5.00  4.16 216 1014.7  17.7  16.3 999.0 99.0 99.00
2019 06 05 10 50 221  8.6 10.4  1.37  5.26  4.26 222 1014.5  17.7  16.3 999.0 99.0 99.00
2019 06 05 11 50 218  7.8  9.1  1.33  5.00  4.37 220 1014.5  17.6  16.3 999.0 99.0 99.00
2019 06 05 14 50 225  6.9  8.2  1.07  5.26  4.49 212 1013.3  18.0  16.5 999.0 99.0 99.00
2019 06 05 15 50 220  7.3  8.9  1.14  5.26  4.57 208 1012.8  18.2  16.6 999.0 99.0 99.00
2019 06 05 16 50 216  7.4  8.3  1.18  5.88  4.65 198 1012.5  18.2  16.6 999.0 99.0 99.00
2019 06 05 17 50 214  7.0  8.2  1.14  5.56  4.62 212 1011.7  18.3  16.6 999.0 99.0 99.00
2019 06 05 18 50 210  7.3  8.3  1.15  5.88  4.58 207 1011.3  18.5  16.6 999.0 99.0 99.00
2019 06 05 19 50 205  9.1 10.4  1.28  5.56  4.47 209 1010.3  18.6  16.6 999.0 99.0 99.00
2019 06 05 20 50 207 10.3 12.1  1.32  5.26  4.35 206 1009.4  18.7  16.6 999.0 99.0 99.00
2019 06 05 21 50 209 10.4 12.3  1.59  5.88  4.60 204 1008.8  19.0  16.6 999.0 99.0 99.00
2019 06 05 22 50 210 11.2 13.2  1.67  5.56  4.59 199 1008.4  19.0  16.6 999.0 99.0 99.00
2019 06 05 23 50 211 10.7 12.2  2.06  5.88  4.94 206 1008.3  19.0  16.6 999.0 99.0 99.00
2019 06 06 00 50 211 10.1 11.8  1.84  6.67  4.76 205 1008.3  18.9  16.7 999.0 99.0 99.00
2019 06 06 01 50 214 11.5 14.1  2.03  7.14  5.00 204 1008.6  18.9  16.8 999.0 99.0 99.00
2019 06 06 02 50 220 12.6 14.8  2.27  6.67  5.20 212 1008.6  19.0  16.8 999.0 99.0 99.00
2019 06 06 03 50 217 11.6 13.4  2.36  7.14  5.39 209 1008.0  19.1  16.8 999.0 99.0 99.00
2019 06 06 04 50 219 10.5 12.2  2.10  7.69  5.34 188 1007.6  18.7  16.7 999.0 99.0 99.00
2019 06 06 05 50 228  7.6  8.9  2.13  6.67  5.34 206 1007.6  18.2  16.6 999.0 99.0 99.00
2019 06 06 06 50 219  6.4  7.4  1.94  7.69  5.70 175 1006.7  18.1  16.6 999.0 99.0 99.00
2019 06 06 07 50 212  6.5  7.5  2.08  7.69  5.95 171 1005.9  18.0  16.6 999.0 99.0 99.00
2019 06 06 08 50 226  6.0  7.1  2.01  8.33  6.07 193 1005.2  18.0  16.5 999.0 99.0 99.00
2019 06 06 09 50 235  5.8  6.8  2.09  8.33  6.37 180 1005.1  17.9  16.4 999.0 99.0 99.00
2019 06 06 10 50 235  7.4  8.6  2.02  7.69  6.10 185 1005.2  18.0  16.2 999.0 99.0 99.00
2019 06 06 11 50 242  6.1  7.1  1.94  7.69  6.04 192 1005.7  17.7  16.0 999.0 99.0 99.00
2019 06 06 12 50 244  5.4  6.5  1.93  8.33  5.87 198 1005.9  17.5  16.0 999.0 99.0 99.00
2019 06 06 13 50 235  5.8  6.8  1.84  8.33  5.74 197 1006.0  17.9  16.0 999.0 99.0 99.00
2019 06 06 14 50 243  4.6  5.2  1.86  7.69  5.73 198 1006.4  17.8  16.2 999.0 99.0 99.00
2019 06 06 15 50 227  4.0  4.6  1.90  8.33  6.10 188 1006.8  17.9  16.3 999.0 99.0 99.00
2019 06 06 16 50 225  5.1  5.9  1.76  7.69  5.87 197 1007.0  17.9  16.5 999.0 99.0 99.00
2019 06 06 17 50 224  4.3  5.1  1.66  8.33  5.89 187 1007.2  18.4  16.7 999.0 99.0 99.00
2019 06 06 18 50 216  4.3  5.1  1.73  8.33  6.07 185 1007.2  18.7  17.0 999.0 99.0 99.00
2019 06 06 19 50 242  2.4  3.1  1.62  8.33  6.15 176 1007.7  18.9  17.2 999.0 99.0 99.00
2019 06 06 20 50 242  2.9  3.9  1.44  8.33  5.99 188 1008.0  19.6  17.6 999.0 99.0 99.00
2019 06 06 21 50 241  2.6  3.0  1.38  8.33  6.05 187 1008.0  19.7  17.8 999.0 99.0 99.00
2019 06 06 22 50 245  1.9  2.4  1.34  8.33  6.01 194 1008.4  19.9  18.0 999.0 99.0 99.00
2019 06 06 23 50 230  3.6  4.0  1.44  8.33  6.34 180 1008.9  19.4  17.9 999.0 99.0 99.00
2019 06 07 00 50 247  2.6  2.8  1.25  8.33  6.13 172 1009.0  19.3  17.8 999.0 99.0 99.00
2019 06 07 01 50 248  2.8  3.1  1.35  7.69  6.12 183 1009.6  19.4  17.6 999.0 99.0 99.00
2019 06 07 02 50 258  1.8  3.1  1.26  7.14  6.11 176 1010.1  18.7  17.6 999.0 99.0 99.00
2019 06 07 03 50 316  2.4  3.4  1.29  7.69  6.13 174 1010.4  18.8  17.7 999.0 99.0 99.00
2019 06 07 04 50 334  1.8  2.6  1.19  7.69  6.07 164 1010.6  18.7  17.6 999.0 99.0 99.00
2019 06 07 05 50 340  3.3  3.9  1.11  7.14  5.86 179 1010.3  19.2  17.6 999.0 99.0 99.00
2019 06 07 06 50 340  3.5  4.1  1.15  6.67  5.77 174 1010.2  19.2  17.4 999.0 99.0 99.00
2019 06 07 07 50 354  3.4  3.9  1.07  6.67  5.74 161 1010.2  18.7  17.1 999.0 99.0 99.00
2019 06 07 08 50  31  3.8  4.6  1.08  7.14  5.76 170 1010.4  17.3  16.9 999.0 99.0 99.00
2019 06 07 09 50  49  4.6  5.5  0.92  6.67  5.56 168 1011.4  16.6  16.8 999.0 99.0 99.00
2019 06 07 10 50  43  5.8  6.5  1.03  6.67  5.31 190 1011.7  15.3  16.7 999.0 99.0 99.00
2019 06 07 11 50  40  5.8  6.9  0.94  7.14  4.80 163 1012.1  15.2  16.5 999.0 99.0 99.00
2019 06 07 12 50  34  5.7  6.8  0.99  6.67  4.77 164 1012.5  15.3  16.2 999.0 99.0 99.00
2019 06 07 13 50  46  5.6  6.7  0.92  7.69  4.81 151 1012.8  15.4  16.2 999.0 99.0 99.00
2019 06 07 14 50  52  4.5  5.6  0.93  6.67  4.89 182 1013.4  15.6  16.3 999.0 99.0 99.00
2019 06 07 15 50  56  4.8  5.5  0.84  7.14  4.98 158 1013.7  15.6  16.4 999.0 99.0 99.00
2019 06 07 16 50  56  3.4  3.9  0.89  6.67  5.33 166 1013.9  15.7  16.6 999.0 99.0 99.00
2019 06 07 17 50  66  3.4  4.3  0.85  8.33  5.58 130 1013.8  15.9  16.8 999.0 99.0 99.00
2019 06 07 18 50 107  3.2  3.9  0.79  7.69  5.47 135 1013.6  15.9  17.0 999.0 99.0 99.00
2019 06 07 19 50  89  2.9  3.7  0.80  7.69  5.43 127 1013.5  16.0  17.1 999.0 99.0 99.00
2019 06 07 20 50 114  2.4  2.9  0.78  7.69  5.68 134 1013.5  16.1  17.2 999.0 99.0 99.00
2019 06 07 21 50 100  2.6  3.4  0.81  7.69  5.69 130 1013.7  16.0  17.2 999.0 99.0 99.00
2019 06 07 22 50  87  2.3  2.8  0.83  7.14  5.70 152 1014.2  15.7  17.2 999.0 99.0 99.00
2019 06 07 23 50  77  2.2  3.1  0.81  7.69  5.74 148 1014.4  15.7  17.1 999.0 99.0 99.00
2019 06 08 00 50 105  2.4  3.1  0.83  7.69  5.67 137 1014.7  15.5  17.1 999.0 99.0 99.00
2019 06 08 01 50 108  2.8  3.6  0.87  7.69  5.75 151 1015.1  15.5  17.0 999.0 99.0 99.00
2019 06 08 02 50  62  1.1  1.6  0.85  6.25  5.54 174 1015.7  15.4  17.1 999.0 99.0 99.00
2019 06 08 03 50 125  1.1  1.6  0.78  6.25  5.42 179 1016.0  15.1  17.1 999.0 99.0 99.00
2019 06 08 04 50  82  0.7  1.0  0.72  5.88  5.29 168 1015.9  15.0  17.1 999.0 99.0 99.00
2019 06 08 05 50  34  1.8  2.4  0.69  7.14  5.50 136 1016.0  14.6  17.0 999.0 99.0 99.00
2019 06 08 06 50  43  1.6  2.3  0.70  7.69  5.65 140 1016.2  14.5  17.0 999.0 99.0 99.00
2019 06 08 07 50  23  2.4  3.4  0.62  8.33  5.36 133 1016.4  14.1  17.0 999.0 99.0 99.00
2019 06 08 08 50  10  2.2  2.7  0.68  8.33  5.91 123 1017.1  14.2  16.9 999.0 99.0 99.00
2019 06 08 09 50  49  1.5  2.2  0.63  7.69  5.82 124 1017.7  14.3  16.8 999.0 99.0 99.00
2019 06 08 10 50  14  1.9  2.3  0.64  8.33  5.59 134 1018.7  14.6  16.8 999.0 99.0 99.00
2019 06 08 11 50  65  1.8  2.3  0.69  7.14  5.65 132 1019.1  15.4  16.9 999.0 99.0 99.00
2019 06 08 12 50 115  2.3  2.8  0.61  7.69  5.39 140 1019.4  15.6  17.0 999.0 99.0 99.00
2019 06 08 13 50  51  3.3  4.0  0.66  7.14  5.69 140 1019.6  16.1  17.2 999.0 99.0 99.00
2019 06 08 14 50  57  6.5  7.7  0.64  7.69  5.40 145 1020.1  16.9  17.3 999.0 99.0 99.00
2019 06 08 15 50  60  8.2  9.7  0.72  7.69  3.97 153 1020.3  17.4  17.3 999.0 99.0 99.00
2019 06 08 16 50  60  9.1 11.2  0.86  3.23  3.70  60 1020.4  17.3  16.9 999.0 99.0 99.00
2019 06 08 17 50  69  9.3 11.2  1.01  3.85  3.75  47 1021.0  17.6  16.6 999.0 99.0 99.00
2019 06 08 18 50  73  8.3  9.3  1.12  4.17  3.96  56 1021.1  17.3  16.5 999.0 99.0 99.00
2019 06 08 19 50  73  7.6  8.8  0.93  4.17  3.87  58 1021.2  17.2  16.5 999.0 99.0 99.00
2019 06 08 20 50  74  6.7  8.0  0.88  4.35  3.82  68 1021.7  17.2  16.6 999.0 99.0 99.00
2019 06 08 21 50  82  6.9  8.1  0.91  4.35  4.03  70 1022.1  17.2  16.7 999.0 99.0 99.00
2019 06 08 22 50  99  6.8  8.2  0.92  4.00  3.94  72 1022.2  16.9  16.7 999.0 99.0 99.00
2019 06 08 23 50 109  7.5  9.2  0.98  4.35  4.03  82 1022.4  17.0  16.6 999.0 99.0 99.00
2019 06 09 00 50 118  7.5  8.7  0.91  4.17  4.19  82 1022.6  17.0  16.5 999.0 99.0 99.00
2019 06 09 01 50 122  7.2  8.7  0.95  4.55  3.98  93 1022.9  17.2  16.5 999.0 99.0 99.00
2019 06 09 02 50 127  7.3  8.7  0.95  4.76  4.15  88 1023.0  17.3  16.5 999.0 99.0 99.00
2019 06 09 03 50 122  6.6  7.6  0.97  4.76  4.18  95 1022.9  17.4  16.5 999.0 99.0 99.00
2019 06 09 04 50 128  6.7  8.0  0.93  5.00  4.47  98 1023.1  17.5  16.5 999.0 99.0 99.00
2019 06 09 05 50 122  5.2  6.1  0.97  5.00  4.61  83 1023.2  17.3  16.5 999.0 99.0 99.00
2019 06 09 06 50 134  4.1  5.2  0.98  5.56  4.78  96 1023.5  17.5  16.6 999.0 99.0 99.00
2019 06 09 07 50  97  2.5  3.3  0.98  5.88  5.00 106 1023.6  17.6  16.8 999.0 99.0 99.00
2019 06 09 08 50  39  4.8  5.6  0.94  5.56  5.08 112 1023.6  17.3  16.8 999.0 99.0 99.00
2019 06 09 09 50  52  6.4  7.4  1.06  5.88  5.06 122 1024.1  16.9  16.8 999.0 99.0 99.00
2019 06 09 10 50  61  7.5  8.7  1.15  6.67  4.94 144 1025.0  16.7  16.8 999.0 99.0 99.00
2019 06 09 11 50  65  7.8  9.1  1.17  5.88  4.43 122 1025.4  16.6  16.6 999.0 99.0 99.00
2019 06 09 12 50  69  7.8  9.1  1.28  5.88  4.41 126 1025.8  16.6  16.6 999.0 99.0 99.00
2019 06 09 13 50  78  6.8  7.9  1.29  6.25  4.47 121 1026.1  17.0  16.3 999.0 99.0 99.00
2019 06 09 14 50  81  7.7  8.8  1.28  6.67  4.52 129 1026.1  16.9  16.2 999.0 99.0 99.00
2019 06 09 15 50  83  6.8  8.1  1.43  5.88  4.80 120 1026.1  17.0  16.2 999.0 99.0 99.00
2019 06 09 16 50  77  7.1  8.3  1.38  6.67  4.71 128 1026.2  17.0  16.2 999.0 99.0 99.00
2019 06 09 17 50  78  7.4  8.8  1.42  7.69  4.66 137 1026.0  16.9  16.2 999.0 99.0 99.00
2019 06 09 18 50  82  7.0  8.5  1.51  8.33  5.01 149 1025.9  16.9  16.3 999.0 99.0 99.00
2019 06 09 19 50  83  7.4  8.6  1.53  7.14  4.94 145 1025.7  16.8  16.3 999.0 99.0 99.00
2019 06 09 20 50  81  6.9  8.4  1.53  7.69  5.16 139 1025.7  16.8  16.3 999.0 99.0 99.00
2019 06 09 21 50  76  7.8  9.0  1.55  7.69  5.15 150 1024.9  16.7  16.4 999.0 99.0 99.00
2019 06 09 22 50  85  8.2  9.7  1.64  8.33  5.30 147 1024.8  16.9  16.8 999.0 99.0 99.00
2019 06 09 23 50  87  7.6  9.1  1.73  6.67  5.40 115 1024.8  16.5  16.8 999.0 99.0 99.00
2019 06 10 00 50  86  6.9  8.2  1.73  8.33  5.51 135 1024.8  16.3  16.7 999.0 99.0 99.00
2019 06 10 01 50  85  6.3  7.5  1.95  7.69  5.69 123 1024.7  16.4  16.8 999.0 99.0 99.00
2019 06 10 02 50  73  7.1  8.5  1.85  7.69  5.78 139 1024.0  16.3  16.8 999.0 99.0 99.00
2019 06 10 03 50  81  7.2  8.7  1.91  7.69  5.77 133 1023.7  16.3  16.9 999.0 99.0 99.00
2019 06 10 04 50  86  7.0  8.6  1.67  8.33  5.48 149 1023.2  16.1  16.9 999.0 99.0 99.00
2019 06 10 05 50  87  7.1  8.4  1.66  7.14  5.50 137 1022.5  16.2  16.8 999.0 99.0 99.00
2019 06 10 06 50  84  7.1  8.4  1.65  7.14  5.36 137 1021.8  16.2  16.8 999.0 99.0 99.00
2019 06 10 07 50  83  7.2  8.7  1.74  7.14  5.49 146 1021.0  16.3  16.6 999.0 99.0 99.00
2019 06 10 08 50  85  6.1  7.2  1.74  8.33  5.61 152 1020.7  16.5  16.3 999.0 99.0 99.00
2019 06 10 09 50  90  6.1  7.1  1.57  9.09  5.35 155 1020.7  16.6  16.2 999.0 99.0 99.00
2019 06 10 10 50  85  6.8  8.0  1.65  8.33  5.43 150 1020.5  16.5  16.1 999.0 99.0 99.00
2019 06 10 11 50  81  7.7  9.0  1.60  8.33  5.27 157 1020.0  16.8  16.1 999.0 99.0 99.00
2019 06 10 12 50  87  6.8  7.8  1.47  8.33  5.06 149 1019.8  17.0  16.1 999.0 99.0 99.00
2019 06 10 13 50  93  7.5  9.4  1.69  7.69  5.26 156 1019.2  17.2  16.1 999.0 99.0 99.00
2019 06 10 14 50  99  7.9  9.2  1.69  8.33  5.09 157 1018.6  17.5  16.2 999.0 99.0 99.00
2019 06 10 15 50 105  7.8  9.1  1.59  8.33  5.11 163 1017.8  17.9  16.4 999.0 99.0 99.00
2019 06 10 16 50 110  7.9  9.1  1.67  7.69  5.26 161 1017.2  17.7  16.6 999.0 99.0 99.00
2019 06 10 17 50 113  7.8  9.0  1.75  6.67  5.42 129 1016.4  18.2  16.7 999.0 99.0 99.00
2019 06 10 18 50 118  7.6  9.3  1.78  7.14  5.55 145 1015.5  18.2  16.8 999.0 99.0 99.00
2019 06 10 19 50 131  6.7  8.2  1.71  7.14  5.42 158 1015.1  18.0  16.8 999.0 99.0 99.00
2019 06 10 20 50 136  5.2  6.0  1.59  7.69  5.66 145 1014.5  18.0  16.9 999.0 99.0 99.00
2019 06 10 21 50 138  4.8  5.6  1.58  7.69  5.67 148 1014.1  17.9  17.0 999.0 99.0 99.00
2019 06 10 22 50 150  4.1  5.0  1.51  7.69  5.63 142 1013.9  18.0  17.1 999.0 99.0 99.00
2019 06 10 23 50 156  3.2  4.1  1.46  7.69  5.52 139 1013.5  18.1  17.1 999.0 99.0 99.00
2019 06 11 00 50 163  3.5  4.4  1.51  7.69  5.64 158 1013.0  18.5  17.1 999.0 99.0 99.00
2019 06 11 01 50 153  4.5  5.2  1.41  6.67  5.51 139 1012.7  18.2  17.1 999.0 99.0 99.00
2019 06 11 02 50 155  4.1  4.8  1.28  7.14  5.34 147 1012.6  18.1  16.7 999.0 99.0 99.00
2019 06 11 03 50 157  4.1  4.7  1.41  7.14  5.47 159 1011.8  18.0  16.7 999.0 99.0 99.00
2019 06 11 04 50 169  4.5  5.2  1.34  7.69  5.54 146 1011.2  18.1  16.8 999.0 99.0 99.00
2019 06 11 05 50 170  4.7  5.5  1.37  7.14  5.59 145 1010.5  18.0  16.7 999.0 99.0 99.00
2019 06 11 06 50 179  3.7  4.2  1.25  7.69  5.38 138 1009.7  18.0  16.6 999.0 99.0 99.00
2019 06 11 07 50 189  4.0  4.6  1.28  7.69  5.36 131 1009.1  18.1  16.6 999.0 99.0 99.00
2019 06 11 08 50 200  4.1  4.6  1.12  8.33  5.15 135 1008.7  18.1  16.7 999.0 99.0 99.00
2019 06 11 09 50 226  4.6  5.2  1.26  8.33  5.51 124 1008.9  18.2  16.7 999.0 99.0 99.00
2019 06 11 10 50 235  4.6  5.3  1.11  8.33  5.17 111 1009.4  18.1  16.7 999.0 99.0 99.00
2019 06 11 11 50 297  6.8  8.0  1.10  7.69  5.22 135 1009.6  18.5  16.7 999.0 99.0 99.00
2019 06 11 12 50 307  5.2  6.2  0.98  7.69  5.27 126 1010.3  18.4  16.8 999.0 99.0 99.00
2019 06 11 13 50 312  9.7 13.1  1.10  7.69  5.26 131 1010.8  17.9  16.8 999.0 99.0 99.00
2019 06 11 14 50 312  8.8 10.5  1.21  7.14  4.08 141 1011.3  17.8  16.7 999.0 99.0 99.00
2019 06 11 15 50 312  7.9  9.3  1.32  4.35  4.24 304 1011.7  17.9  16.7 999.0 99.0 99.00
2019 06 11 16 50 308  5.8  6.6  1.21  4.76  4.48 285 1011.9  17.9  16.7 999.0 99.0 99.00
2019 06 11 17 50 303  5.3  6.3  1.06  7.69  4.54 121 1012.1  18.2  16.9 999.0 99.0 99.00
2019 06 11 18 50 304  5.5  6.5  0.97  7.69  4.53 115 1012.6  18.6  17.0 999.0 99.0 99.00
2019 06 11 19 50 316  5.0  6.1  0.92  7.69  4.44 148 1013.0  19.6  17.1 999.0 99.0 99.00
2019 06 11 20 50 279  3.9  4.5  0.86  8.33  4.53 129 1013.4  19.1  17.2 999.0 99.0 99.00
2019 06 11 21 50 295  4.5  5.3  0.81  7.14  4.52 111 1013.5  20.1  17.4 999.0 99.0 99.00
2019 06 11 22 50 323  8.7  9.9  0.82  8.33  4.50 133 1013.7  20.7  17.1 999.0 99.0 99.00
2019 06 11 23 50 332  8.4  9.6  0.93  8.33  4.07 133 1014.4  20.5  16.8 999.0 99.0 99.00
2019 06 12 00 50 336  7.8  8.8  0.95  4.00  4.03 306 1015.1  20.4  16.6 999.0 99.0 99.00
2019 06 12 01 50 334  5.6  6.4  0.86  7.14  4.21 132 1016.6  19.3  16.6 999.0 99.0 99.00
2019 06 12 02 50 342  5.0  6.4  0.81  7.14  4.31 143 1017.4  19.0  16.6 999.0 99.0 99.00
2019 06 12 03 50 348  4.3  4.8  0.75  7.69  4.32 141 1018.1  18.4  16.7 999.0 99.0 99.00
2019 06 12 04 50 357  2.0  2.9  0.72  7.69  4.33 129 1018.7  17.8  16.7 999.0 99.0 99.00
2019 06 12 05 50 343  4.0  4.6  0.69  6.67  4.15 124 1018.7  17.9  16.7 999.0 99.0 99.00
2019 06 12 06 50 338  4.6  5.3  0.69  7.14  4.22 129 1019.2  17.8  16.7 999.0 99.0 99.00
2019 06 12 07 50 342  4.5  5.3  0.67  7.14  4.05 117 1019.7  17.5  16.7 999.0 99.0 99.00
2019 06 12 08 50 358  4.1  4.8  0.58  7.69  4.14 123 1020.3  17.2  16.6 999.0 99.0 99.00
2019 06 12 09 50   4  5.3  6.5  0.56  7.69  3.91 134 1021.1  17.1  16.5 999.0 99.0 99.00
2019 06 12 10 50   6  5.3  6.2  0.57  9.09  4.01 105 1021.3  17.0  16.5 999.0 99.0 99.00
2019 06 12 11 50  16  4.8  5.5  0.57  7.69  4.13 129 1022.0  17.2  16.6 999.0 99.0 99.00
2019 06 12 12 50  31  4.8  5.7  0.57  8.33  4.29 119 1022.2  17.2  16.7 999.0 99.0 99.00
2019 06 12 13 50  56  4.0  4.6  0.51  8.33  4.24 135 1022.8  17.3  16.7 999.0 99.0 99.00
2019 06 12 14 50  65  4.0  4.7  0.57  7.14  4.97  88 1022.8  17.1  16.7 999.0 99.0 99.00
2019 06 12 15 50  85  3.3  3.7  0.54  7.14  5.47 102 1022.9  17.2  16.8 999.0 99.0 99.00
2019 06 12 16 50  90  3.3  3.7  0.57  6.67  5.86  89 1022.8  17.4  17.0 999.0 99.0 99.00
2019 06 12 17 50 118  3.9  4.4  0.48  7.14  5.98  95 1022.4  17.7  17.1 999.0 99.0 99.00
2019 06 12 18 50 127  5.3  6.4  0.45  7.69  5.79  83 1022.1  17.8  17.1 999.0 99.0 99.00
2019 06 12 19 50 136  6.5  7.8  0.49  9.09  5.03 128 1021.8  17.5  17.1 999.0 99.0 99.00
2019 06 12 20 50 138  5.6  6.6  0.58  7.14  3.47  84 1021.5  17.6  17.0 999.0 99.0 99.00
2019 06 12 21 50 138  4.7  5.8  0.56  7.14  3.81  73 1021.2  17.6  17.0 999.0 99.0 99.00
2019 06 12 22 50 131  4.6  5.4  0.54  7.69  4.04  60 1020.9  17.6  17.0 999.0 99.0 99.00
2019 06 12 23 50 129  4.9  5.6  0.52 10.00  4.06  95 1020.5  17.4  17.0 999.0 99.0 99.00
2019 06 13 00 50 132  5.3  6.6  0.50 10.00  3.92 101 1020.3  17.5  17.0 999.0 99.0 99.00
2019 06 13 01 50 150  5.3  6.1  0.54  9.09  4.06  91 1020.9  17.6  17.1 999.0 99.0 99.00
2019 06 13 02 50 136  5.8  6.8  0.51  9.09  3.91 102 1020.2  17.6  17.0 999.0 99.0 99.00
2019 06 13 03 50 129  6.5  7.5  0.58  3.03  3.58 122 1019.3  17.6  17.0 999.0 99.0 99.00
2019 06 13 04 50 138  6.1  7.4  0.68  3.23  3.80 122 1018.6  17.5  17.0 999.0 99.0 99.00
2019 06 13 05 50 124  6.9  8.2  0.72  3.45  3.83 125 1017.2  17.5  17.0 999.0 99.0 99.00
2019 06 13 06 50 113  6.7  8.3  0.79  3.57  3.88 126 1016.1  17.4  17.0 999.0 99.0 99.00
2019 06 13 07 50  96  6.4  7.9  0.89  5.00  4.02 128 1014.7  17.2  17.0 999.0 99.0 99.00
2019 06 13 08 50  78  7.1  8.4  0.83  5.00  4.01 122 1013.5  17.1  16.8 999.0 99.0 99.00
2019 06 13 09 50  84  9.5 11.0  0.94  5.00  4.09 122 1012.2  17.2  16.7 999.0 99.0 99.00
2019 06 13 10 50  97 11.1 13.3  1.16  4.00  4.06 112 1011.5  16.8  16.7 999.0 99.0 99.00
2019 06 13 11 50  78 11.3 14.2  1.44  5.26  4.20 109 1010.6  15.9  16.6 999.0 99.0 99.00
2019 06 13 12 50  66 12.1 14.4  1.60  5.56  4.40  99 1008.8  15.8  16.4 999.0 99.0 99.00
2019 06 13 13 50  66 13.2 16.3  2.03  6.25  4.79 115 1007.1  15.3  16.2 999.0 99.0 99.00
2019 06 13 14 50  55  9.4 11.5  2.26  6.67  5.03 111 1006.4  15.5  16.0 999.0 99.0 99.00
2019 06 13 15 50  20 11.9 16.4  2.44  7.69  5.40 124 1006.4  15.1  16.0 999.0 99.0 99.00
2019 06 13 16 50  25 10.3 13.3  2.65  7.69  5.56 120 1006.0  15.2  16.0 999.0 99.0 99.00
2019 06 13 17 50  25  9.0 11.6  2.39  8.33  5.46 129 1005.5  15.3  16.0 999.0 99.0 99.00
2019 06 13 18 50  17  8.0  9.8  2.54  8.33  6.00 124 1005.5  15.3  16.1 999.0 99.0 99.00
2019 06 13 19 50  11  7.3  8.9  2.20  8.33  5.67 116 1005.7  15.3  16.1 999.0 99.0 99.00
2019 06 13 20 50   4  6.3  7.4  1.96  8.33  5.63 125 1006.0  15.2  16.1 999.0 99.0 99.00
2019 06 13 21 50 335  4.2  5.6  1.88  8.33  5.86 130 1007.1  15.6  16.1 999.0 99.0 99.00
2019 06 13 22 50 335  3.3  4.5  2.10  8.33  6.48 135 1007.5  16.0  16.1 999.0 99.0 99.00
2019 06 13 23 50   1  1.4  2.0  2.16  9.09  6.69 143 1008.2  16.1  16.0 999.0 99.0 99.00
2019 06 14 00 50 118  1.2  2.1  2.08  8.33  6.83 136 1008.5  15.8  15.9 999.0 99.0 99.00
2019 06 14 01 50 131  2.5  3.6  1.94  8.33  6.72 154 1009.2  15.9  15.9 999.0 99.0 99.00
2019 06 14 02 50 147  4.6  5.5  1.67  7.69  6.44 131 1009.2  16.1  16.0 999.0 99.0 99.00
2019 06 14 03 50 149  4.5  5.4  1.69  7.69  6.44 157 1009.0  16.1  16.1 999.0 99.0 99.00
2019 06 14 04 50 161  3.3  4.1  1.69  7.69  6.28 155 1008.8  16.2  16.2 999.0 99.0 99.00
2019 06 14 05 50 198  1.3  1.9  1.71  7.69  6.12 160 1008.6  16.5  16.2 999.0 99.0 99.00
2019 06 14 06 50 248  4.2  5.1  1.81  7.14  6.31 140 1009.1  16.9  16.2 999.0 99.0 99.00
2019 06 14 07 50 243  6.1  7.1  1.64  7.14  5.91 153 1009.3  17.0  16.2 999.0 99.0 99.00
2019 06 14 08 50 238  5.7  7.0  1.60  7.69  5.73 143 1009.7  16.9  16.3 999.0 99.0 99.00
2019 06 14 09 50 237  7.2  9.3  1.56  6.67  5.48 147 1010.2  17.0  16.3 999.0 99.0 99.00
2019 06 14 10 50 256 10.0 12.5  1.64  7.69  5.23 161 1010.5  17.0  16.3 999.0 99.0 99.00
2019 06 14 11 50 262  9.7 12.1  1.68  8.33  4.92 143 1011.1  16.9  16.2 999.0 99.0 99.00
2019 06 14 12 50 255  9.4 11.9  1.62  7.69  4.69 145 1011.5  16.7  16.2 999.0 99.0 99.00
2019 06 14 13 50 256  9.2 11.4  1.62  8.33  4.95 134 1011.7  16.8  16.2 999.0 99.0 99.00
2019 06 14 14 50 258  8.5 10.6  1.63  5.26  4.94 219 1012.1  17.0  16.2 999.0 99.0 99.00
2019 06 14 15 50 260  7.1  8.3  1.52  7.69  5.19 165 1012.5  17.3  16.3 999.0 99.0 99.00
2019 06 14 16 50 262  6.6  7.9  1.55  7.69  5.24 168 1012.8  17.6  16.4 999.0 99.0 99.00
2019 06 14 17 50 270  7.4  8.8  1.64  8.33  5.57 159 1013.1  18.0  16.4 999.0 99.0 99.00
2019 06 14 18 50 262  6.3  7.6  1.58  8.33  5.46 155 1013.4  17.8  16.4 999.0 99.0 99.00
2019 06 14 19 50 268  6.2  7.6  1.53  8.33  5.55 179 1013.5  18.0  16.4 999.0 99.0 99.00
2019 06 14 20 50 273  6.6  7.9  1.44  8.33  5.33 152 1013.6  18.4  16.5 999.0 99.0 99.00
2019 06 14 21 50 249  5.5  6.7  1.46  7.69  5.28 175 1014.1  18.4  16.4 999.0 99.0 99.00
2019 06 14 22 50 242  5.1  5.9  1.46  7.69  5.32 169 1014.6  18.5  16.3 999.0 99.0 99.00
2019 06 14 23 50 245  5.9  7.0  1.32  8.33  5.17 165 1015.0  18.7  16.4 999.0 99.0 99.00
2019 06 15 00 50 248  5.4  6.1  1.27  7.14  5.06 186 1015.6  18.2  16.4 999.0 99.0 99.00
2019 06 15 01 50 244  4.7  5.5  1.24  7.69  5.05 170 1016.7  18.3  16.4 999.0 99.0 99.00
2019 06 15 02 50 249  6.1  6.9  1.11  7.14  4.67 168 1017.4  18.5  16.3 999.0 99.0 99.00
2019 06 15 03 50 244  6.2  7.2  1.05  8.33  4.55 176 1018.2  18.1  16.3 999.0 99.0 99.00
2019 06 15 04 50 259  7.5  9.1  1.02  7.14  4.31 166 1018.7  18.3  16.3 999.0 99.0 99.00
2019 06 15 05 50 258  7.3  8.3  1.00  6.67  4.19 168 1019.3  18.0  16.3 999.0 99.0 99.00
2019 06 15 06 50 251  6.5  7.6  1.02  6.25  4.29 182 1019.7  17.8  16.3 999.0 99.0 99.00
2019 06 15 07 50 255  6.0  7.1  1.01  7.14  4.15 166 1020.1  17.5  16.3 999.0 99.0 99.00
2019 06 15 08 50 249  4.6  5.5  1.03  7.14  4.42 172 1020.2  17.5  16.3 999.0 99.0 99.00
2019 06 15 09 50 243  5.1  6.0  0.90  7.14  4.41 190 1020.5  17.2  16.2 999.0 99.0 99.00
2019 06 15 10 50 227  4.3  5.0  0.85  5.26  4.64 196 1020.7  17.2  16.2 999.0 99.0 99.00
2019 06 15 11 50 248  3.6  4.2  0.83  5.26  4.72 194 1021.0  17.5  16.2 999.0 99.0 99.00
2019 06 15 12 50 223  2.8  3.3  0.77  6.67  4.66 175 1021.1  17.4  16.3 999.0 99.0 99.00
2019 06 15 13 50 197  2.9  3.4  0.76  6.25  4.82 191 1021.1  17.5  16.4 999.0 99.0 99.00
2019 06 15 14 50 201  5.6  6.4  0.74  6.67  4.90 171 1020.7  17.8  16.6 999.0 99.0 99.00
2019 06 15 15 50 202  7.0  8.6  0.70  6.25  4.51 192 1020.5  18.0  16.7 999.0 99.0 99.00
2019 06 15 16 50 204  7.9  8.9  0.79  7.14  4.19 152 1019.5  18.4  16.8 999.0 99.0 99.00
2019 06 15 17 50 207  8.4  9.9  0.95  4.17  4.02 202 1018.9  18.6  16.8 999.0 99.0 99.00
2019 06 15 18 50 203  9.6 11.5  1.11  4.17  4.13 201 1017.8  19.0  16.8 999.0 99.0 99.00
2019 06 15 19 50 206 10.9 13.1  1.21  4.55  4.11 205 1017.1  19.4  16.8 999.0 99.0 99.00
2019 06 15 20 50 207 11.3 13.4  1.65  4.76  4.31 199 1016.6  19.4  16.8 999.0 99.0 99.00
2019 06 15 21 50 210 11.5 13.4  1.60  5.26  4.38 209 1016.3  19.2  16.7 999.0 99.0 99.00
2019 06 15 22 50 211 11.3 13.6  1.70  5.00  4.44 212 1016.1  19.1  16.7 999.0 99.0 99.00
2019 06 15 23 50 214 10.8 12.8  1.73  5.56  4.49 210 1016.4  18.9  16.5 999.0 99.0 99.00
2019 06 16 00 50 219 10.2 11.9  1.67  5.88  4.54 224 1016.2  18.7  16.4 999.0 99.0 99.00
2019 06 16 01 50 219  8.6 10.1  1.55  5.26  4.47 219 1016.5  18.5  16.4 999.0 99.0 99.00
2019 06 16 02 50 217  9.2 10.8  1.58  6.25  4.71 214 1015.9  18.5  16.4 999.0 99.0 99.00
2019 06 16 03 50 218  9.3 11.0  1.50  6.25  4.76 204 1015.4  18.5  16.4 999.0 99.0 99.00
2019 06 16 04 50 219  9.5 10.8  1.55  6.67  4.81 216 1014.8  18.5  16.4 999.0 99.0 99.00
2019 06 16 05 50 217  8.8 10.1  1.53  6.25  4.81 213 1014.7  18.4  16.3 999.0 99.0 99.00
2019 06 16 06 50 221  8.7 10.4  1.58  6.25  4.95 208 1014.4  18.4  16.3 999.0 99.0 99.00
2019 06 16 07 50 222  7.7  9.8  1.56  6.67  4.96 224 1014.3  18.3  16.3 999.0 99.0 99.00
2019 06 16 08 50 223  6.5  7.5  1.52  6.25  5.13 210 1014.2  18.1  16.4 999.0 99.0 99.00
2019 06 16 09 50 218  7.4  8.7  1.59  6.67  5.10 216 1013.9  18.1  16.4 999.0 99.0 99.00
2019 06 16 10 50 213  7.6  8.8  1.68  6.67  5.07 221 1013.7  18.2  16.4 999.0 99.0 99.00
2019 06 16 11 50 210  8.2  9.4  1.63  6.25  5.04 215 1013.5  18.2  16.4 999.0 99.0 99.00
2019 06 16 12 50 213  7.6  9.4  1.54  6.67  4.87 204 1013.5  18.3  16.5 999.0 99.0 99.00
2019 06 16 13 50 211  7.2  8.7  1.62  6.67  4.93 210 1013.2  18.3  16.5 999.0 99.0 99.00
2019 06 16 14 50 216  7.0  8.0  1.59  6.67  4.89 207 1012.9  18.4  16.6 999.0 99.0 99.00
2019 06 16 15 50 206  7.6  8.9  1.47  7.14  4.66 186 1012.4  18.3  16.7 999.0 99.0 99.00
2019 06 16 16 50 202  8.8 10.0  1.54  6.25  4.67 196 1011.7  18.3  16.7 999.0 99.0 99.00
2019 06 16 17 50 207  9.4 11.2  1.53  7.14  4.68 187 1011.1  18.5  16.7 999.0 99.0 99.00
2019 06 16 18 50 212  9.6 11.2  1.60  7.14  4.59 190 1010.7  18.6  16.7 999.0 99.0 99.00
2019 06 16 19 50 208 10.3 12.3  1.76  7.14  4.85 187 1009.8  18.7  16.7 999.0 99.0 99.00
2019 06 16 20 50 214  9.9 11.3  1.77  6.67  4.72 209 1009.4  18.8  16.7 999.0 99.0 99.00
2019 06 16 21 50 215  9.3 11.2  1.80  6.67  4.95 199 1009.2  18.9  16.7 999.0 99.0 99.00
2019 06 16 22 50 217  9.1 10.9  1.72  7.14  4.89 194 1009.3  18.9  16.7 999.0 99.0 99.00
2019 06 16 23 50 224  7.9  9.6  1.76  6.67  5.04 187 1009.8  19.0  16.7 999.0 99.0 99.00
2019 06 17 00 50 237  6.1  7.5  1.73  6.67  5.09 196 1010.5  18.3  16.7 999.0 99.0 99.00
2019 06 17 01 50 232  5.2  6.4  1.71  7.14  5.46 179 1010.9  18.2  16.7 999.0 99.0 99.00
2019 06 17 02 50 215  6.2  7.0  1.41  6.67  5.23 203 1010.8  18.5  16.7 999.0 99.0 99.00
2019 06 17 03 50 212  6.4  7.5  1.49  7.14  5.46 188 1010.7  18.4  16.7 999.0 99.0 99.00
2019 06 17 04 50 215  5.6  6.4  1.32  7.14  5.27 190 1010.5  18.1  16.7 999.0 99.0 99.00
2019 06 17 05 50 234  4.3  5.2  1.43  6.67  5.50 199 1010.7  18.3  16.7 999.0 99.0 99.00
2019 06 17 06 50 234  3.3  4.0  1.39  6.67  5.48 202 1011.1  18.2  16.7 999.0 99.0 99.00
2019 06 17 07 50 227  3.7  4.3  1.19  6.67  5.30 204 1011.1  18.0  16.7 999.0 99.0 99.00
2019 06 17 08 50 333  2.6  3.7  1.15  6.67  5.12 198 1011.4  18.2  16.8 999.0 99.0 99.00
2019 06 17 09 50 353  2.2  2.8  1.10  6.25  5.17 190 1012.5  17.8  16.7 999.0 99.0 99.00
2019 06 17 10 50 343  1.7  2.4  1.17  6.25  5.20 195 1013.3  17.8  16.6 999.0 99.0 99.00
2019 06 17 11 50  13  1.0  1.5  1.17  6.67  5.08 199 1013.5  18.1  16.7 999.0 99.0 99.00
2019 06 17 12 50 325  1.0  1.4  1.11  6.67  5.07 188 1014.4  18.2  16.8 999.0 99.0 99.00
2019 06 17 13 50 325  1.6  2.0  1.13  6.67  5.13 192 1015.0  18.5  16.8 999.0 99.0 99.00
2019 06 17 14 50 338  1.9  2.4  1.20  6.25  5.43 186 1014.9  18.6  17.3 999.0 99.0 99.00
2019 06 17 15 50  68  1.4  1.7  1.10  7.14  5.54 183 1014.9  18.6  17.5 999.0 99.0 99.00
2019 06 17 16 50 272  0.9  1.2  1.03  7.14  5.68 170 1015.6  19.1  17.6 999.0 99.0 99.00
2019 06 17 17 50 268  0.6  0.9  1.14  7.14  5.89 177 1016.0  19.6  18.2 999.0 99.0 99.00
2019 06 17 18 50 170  0.6  1.0  1.16  7.69  6.01 192 1016.1  21.2  18.4 999.0 99.0 99.00
2019 06 17 19 50  63  1.7  2.1  1.13  7.14  6.08 176 1016.1  20.9  19.0 999.0 99.0 99.00
2019 06 17 20 50 125  2.2  2.5  1.09  7.14  6.07 177 1015.6  20.9  19.6 999.0 99.0 99.00
2019 06 17 21 50 121  2.4  2.9  1.13  7.14  6.07 184 1014.9  20.2  19.5 999.0 99.0 99.00
2019 06 17 22 50 146  2.2  2.9  1.08  7.14  5.75 177 1015.3  19.9  19.3 999.0 99.0 99.00
2019 06 17 23 50 157  2.6  3.2  1.04  6.67  5.62 184 1015.3  19.3  19.0 999.0 99.0 99.00
2019 06 18 00 50 185  3.0  3.7  1.06  6.67  5.78 176 1015.5  18.9  18.2 999.0 99.0 99.00
2019 06 18 01 50 172  3.6  4.1  0.89  7.14  5.27 170 1015.5  18.7  17.7 999.0 99.0 99.00
2019 06 18 02 50 161  3.3  4.1  1.00  6.25  5.47 187 1015.5  18.5  17.5 999.0 99.0 99.00
2019 06 18 03 50 187  4.7  5.6  0.88  5.88  5.29 196 1016.1  18.5  17.6 999.0 99.0 99.00
2019 06 18 04 50 196  4.9  5.6  0.87  6.25  5.22 184 1015.9  18.3  17.6 999.0 99.0 99.00
2019 06 18 05 50 143  1.9  2.3  0.86  5.88  5.10 186 1015.0  18.2  17.5 999.0 99.0 99.00
2019 06 18 06 50 136  2.2  2.5  0.80  6.67  5.11 170 1014.6  17.9  17.3 999.0 99.0 99.00
2019 06 18 07 50 173  2.8  3.3  0.74  7.14  5.14 160 1014.5  18.1  17.3 999.0 99.0 99.00
2019 06 18 08 50 160  1.9  2.2  0.76  6.25  5.25 172 1014.3  18.2  17.3 999.0 99.0 99.00
2019 06 18 09 50 100  0.4  0.8  0.71  5.88  5.10 167 1014.4  17.8  17.2 999.0 99.0 99.00
2019 06 18 10 50 128  0.7  1.0  0.70  6.25  5.49 166 1014.5  18.1  17.2 999.0 99.0 99.00
2019 06 18 11 50 141  1.6  2.1  0.70  5.88  5.47 164 1014.7  18.4  17.3 999.0 99.0 99.00
2019 06 18 12 50 270  2.4  4.5  0.72  5.88  5.57 166 1015.5  18.6  17.5 999.0 99.0 99.00
2019 06 18 13 50 113  1.6  1.9  0.69  5.88  5.43 166 1014.1  18.6  17.7 999.0 99.0 99.00
2019 06 18 14 50  90  2.9  3.4  0.69  5.88  5.62 164 1014.0  18.3  17.9 999.0 99.0 99.00
2019 06 18 15 50  99  3.2  3.7  0.63  5.88  5.54 176 1013.7  18.2  17.9 999.0 99.0 99.00
2019 06 18 16 50  92  3.5  4.0  0.63  5.56  5.38 178 1013.4  18.4  18.0 999.0 99.0 99.00
2019 06 18 17 50 118  3.3  3.8  0.66 13.79  5.54 213 1012.7  18.2  18.1 999.0 99.0 99.00
2019 06 18 18 50 113  2.7  3.2  0.62  5.56  5.34 172 1012.3  18.2  18.1 999.0 99.0 99.00
2019 06 18 19 50  82  2.7  3.2  0.60  5.88  5.10 171 1012.0  18.1  18.0 999.0 99.0 99.00
2019 06 18 20 50 109  4.5  5.0  0.64  5.56  5.21 175 1010.8  18.1  18.0 999.0 99.0 99.00
2019 06 18 21 50 127  4.3  5.1  0.63  5.56  5.10 153 1010.3  18.2  17.9 999.0 99.0 99.00
2019 06 18 22 50 112  3.0  3.3  0.72  6.25  5.27 179 1010.5  18.2  17.8 999.0 99.0 99.00
2019 06 18 23 50  81  1.7  2.2  0.69  5.88  5.27 177 1010.6  18.2  17.8 999.0 99.0 99.00
2019 06 19 00 50 151  4.0  4.8  0.72  6.25  5.32 167 1010.2  18.3  17.8 999.0 99.0 99.00
2019 06 19 01 50 231  1.3  2.2  0.69  5.88  5.15 176 1010.8  19.5  17.7 999.0 99.0 99.00
2019 06 19 02 50 316  1.3  1.5  0.66  5.56  5.32 188 1011.0  18.3  17.7 999.0 99.0 99.00
2019 06 19 03 50 346  4.7  5.6  0.65  5.56  5.39 177 1011.8  17.9  17.7 999.0 99.0 99.00
2019 06 19 04 50  17  2.1  2.5  0.65  5.56  5.49 180 1011.7  17.8  17.7 999.0 99.0 99.00
2019 06 19 05 50   9  1.8  2.3  0.65 13.79  5.40 101 1011.5  17.8  17.7 999.0 99.0 99.00
2019 06 19 06 50 350  0.9  1.3  0.72  5.88  5.21 182 1011.3  17.8  17.6 999.0 99.0 99.00
2019 06 19 07 50 199  0.3  0.6  0.72  5.56  5.02 179 1011.4  18.0  17.7 999.0 99.0 99.00
2019 06 19 08 50  24  1.8  2.3  0.79  5.88  5.20 176 1011.5  18.0  17.7 999.0 99.0 99.00
2019 06 19 09 50  58  2.5  2.9  0.80  5.56  5.19 174 1011.6  17.9  17.7 999.0 99.0 99.00
2019 06 19 10 50  54  3.6  4.0  0.87  6.25  5.26 182 1011.7  17.6  17.7 999.0 99.0 99.00
2019 06 19 11 50  75  3.9  4.4  0.85  5.88  5.36 166 1011.7  17.7  17.7 999.0 99.0 99.00
2019 06 19 12 50 118  4.9  5.7  0.87  5.88  5.22 181 1011.9  17.6  17.8 999.0 99.0 99.00
2019 06 19 13 50 132  3.8  4.5  0.84  5.88  5.01 177 1011.8  17.6  17.7 999.0 99.0 99.00
2019 06 19 14 50 134  4.1  4.8  0.80  5.56  4.85 183 1011.5  17.8  17.8 999.0 99.0 99.00
2019 06 19 15 50 144  3.1  3.7  0.82  5.56  4.96 170 1011.5  18.0  17.9 999.0 99.0 99.00
2019 06 19 16 50 148  3.6  4.4  0.84  6.67  5.05 158 1011.2  18.0  17.8 999.0 99.0 99.00
2019 06 19 17 50  77  2.7  3.1  0.80  5.88  5.04 172 1010.9  18.1  17.9 999.0 99.0 99.00
2019 06 19 18 50  83  5.0  5.9  0.76  6.67  5.04 162 1010.2  18.0  17.9 999.0 99.0 99.00
2019 06 19 19 50 101  5.0  6.1  0.80  6.25  4.84 177 1009.8  17.7  17.8 999.0 99.0 99.00
2019 06 19 20 50 104  4.5  5.5  0.80  6.25  4.90 170 1009.3  17.8  17.9 999.0 99.0 99.00
2019 06 19 21 50 100  5.4  6.6  0.79  6.25  4.65 163 1008.7  17.7  17.8 999.0 99.0 99.00
2019 06 19 22 50  93  5.1  5.8  0.77  6.25  4.54 166 1008.4  17.8  17.8 999.0 99.0 99.00
2019 06 19 23 50 111  5.5  6.2  0.83  6.25  4.48 171 1008.1  17.8  17.8 999.0 99.0 99.00
2019 06 20 00 50  88  4.8  5.6  0.83  5.88  4.50 163 1008.4  17.8  17.7 999.0 99.0 99.00
2019 06 20 01 50 110  4.8  5.3  0.81  5.88  4.77 163 1008.2  18.0  17.7 999.0 99.0 99.00
2019 06 20 02 50 108  3.5  4.1  0.78  6.25  4.68 168 1007.9  18.2  17.7 999.0 99.0 99.00
2019 06 20 03 50 115  3.6  4.3  0.79  5.88  4.79 180 1007.1  18.1  17.8 999.0 99.0 99.00
2019 06 20 04 50 144  3.1  3.8  0.81  5.88  5.05 181 1006.8  18.6  17.8 999.0 99.0 99.00
2019 06 20 05 50 154  4.2  5.4  0.71  5.88  4.84 185 1006.4  18.8  17.8 999.0 99.0 99.00
2019 06 20 06 50 154  4.3  4.9  0.68  5.88  4.67 178 1005.7  18.9  17.8 999.0 99.0 99.00
2019 06 20 07 50 159  4.4  5.0  0.68  5.56  4.55 180 1005.4  18.8  17.8 999.0 99.0 99.00
2019 06 20 08 50 167  5.0  5.7  0.65  5.56  4.21 174 1005.0  18.8  17.8 999.0 99.0 99.00
2019 06 20 09 50 157  5.0  5.8  0.70  6.25  4.25 161 1004.6  18.9  17.8 999.0 99.0 99.00
2019 06 20 10 50 163  4.7  5.4  0.68  5.26  3.92 164 1004.3  19.0  17.8 999.0 99.0 99.00
2019 06 20 11 50 171  5.1  5.9  0.70  5.56  4.01 162 1004.1  18.6  17.8 999.0 99.0 99.00
2019 06 20 12 50 183  3.9  4.7  0.70  6.25  4.20 154 1003.9  18.5  17.9 999.0 99.0 99.00
2019 06 20 13 50 180  4.6  5.2  0.72  5.56  4.22 154 1003.7  19.0  17.9 999.0 99.0 99.00
2019 06 20 14 50 181  5.3  6.0  0.75  8.33  4.38 162 1003.6  18.8  17.9 999.0 99.0 99.00
2019 06 20 15 50 183  6.1  7.2  0.77 12.12  4.28  80 1003.0  19.2  18.0 999.0 99.0 99.00
2019 06 20 16 50 178  5.6  6.4  0.86  8.33  4.50 164 1002.2  19.1  18.1 999.0 99.0 99.00
2019 06 20 17 50 177  6.0  6.9  0.96  7.69  4.97 171 1001.4  19.3  18.2 999.0 99.0 99.00
2019 06 20 18 50 177  6.6  7.7  1.14  7.14  5.43 155 1000.1  19.6  18.3 999.0 99.0 99.00
2019 06 20 19 50 194  6.2  7.3  1.15  7.69  5.21 157  999.8  19.7  18.3 999.0 99.0 99.00
2019 06 20 20 50 193  6.2  6.9  1.16  7.69  5.13 163  998.9  19.7  18.3 999.0 99.0 99.00
2019 06 20 21 50 203  4.8  5.6  1.05  7.69  5.11 165  999.1  19.9  18.3 999.0 99.0 99.00
2019 06 20 22 50 211  3.9  4.9  1.05  7.69  5.02 176  998.5  20.1  18.4 999.0 99.0 99.00
2019 06 20 23 50 203  5.7  6.6  1.06  8.33  4.94 185  997.6  19.9  18.4 999.0 99.0 99.00
2019 06 21 00 50 220  5.6  6.5  1.06  7.69  4.81 161  997.3  19.7  18.4 999.0 99.0 99.00
2019 06 21 01 50 222  6.0  6.8  1.06  7.14  4.67 182  997.9  20.0  18.4 999.0 99.0 99.00
2019 06 21 02 50 230  7.3  8.7  1.08  7.14  4.52 165  997.8  20.3  18.3 999.0 99.0 99.00
2019 06 21 03 50 227  6.3  7.4  1.19  4.76  4.46 179  997.8  20.2  18.3 999.0 99.0 99.00
2019 06 21 04 50 233  8.2  9.9  1.20  5.00  4.60 187  997.7  20.2  18.2 999.0 99.0 99.00
2019 06 21 05 50 238  6.3  7.4  1.30  7.14  4.60 168  997.2  20.1  18.1 999.0 99.0 99.00
2019 06 21 06 50 252  5.9  6.9  1.38  6.25  4.88 187  997.0  19.8  18.0 999.0 99.0 99.00
2019 06 21 07 50 261  6.3  7.1  1.23  5.88  4.95 192  996.9  19.6  17.9 999.0 99.0 99.00
2019 06 21 08 50 247  7.1  8.4  1.33  6.67  5.03 173  997.1  19.5  17.9 999.0 99.0 99.00
2019 06 21 09 50 241  6.0  6.8  1.36  6.25  4.87 187  997.3  19.4  17.8 999.0 99.0 99.00
2019 06 21 10 50 262  3.2  3.8  1.23  5.88  5.02 187  997.9  19.0  17.8 999.0 99.0 99.00
2019 06 21 11 50 283  4.6  5.3  1.24  7.69  5.20 169  998.0  19.4  17.8 999.0 99.0 99.00
2019 06 21 12 50 270  1.3  1.6  1.28  7.69  5.46 168  997.9  19.1  17.9 999.0 99.0 99.00
2019 06 21 13 50 284  1.3  1.8  1.23  7.14  5.54 186  998.3  19.2  18.0 999.0 99.0 99.00
2019 06 21 14 50 350  7.7  9.5  1.39  6.67  5.73 172  998.9  18.9  18.0 999.0 99.0 99.00
2019 06 21 15 50 329  6.8  8.1  1.39  7.69  5.52 168 1000.1  19.0  17.9 999.0 99.0 99.00
2019 06 21 16 50 333  8.4 10.1  1.29  7.14  4.82 174 1001.1  18.1  17.6 999.0 99.0 99.00
2019 06 21 17 50 320  6.6  9.0  1.39  7.14  4.78 178 1002.2  18.2  17.5 999.0 99.0 99.00
2019 06 21 18 50 323  7.9  9.6  1.40  8.33  4.84 175 1002.8  18.5  17.4 999.0 99.0 99.00
2019 06 21 19 50 330  6.3  7.7  1.31  8.33  4.74 180 1004.1  19.1  17.4 999.0 99.0 99.00
2019 06 21 20 50 333  6.1  7.2  1.29  8.33  4.88 192 1004.5  19.8  17.5 999.0 99.0 99.00
2019 06 21 21 50 319  3.0  3.8  1.23  8.33  5.31 190 1004.8  20.0  17.6 999.0 99.0 99.00
2019 06 21 22 50 312  2.7  3.3  1.28  7.69  5.47 185 1005.5  20.0  17.8 999.0 99.0 99.00
2019 06 21 23 50 333  5.3  6.3  1.17  8.33  5.77 188 1006.3  21.1  17.9 999.0 99.0 99.00
2019 06 22 00 50 309  5.3  6.7  1.12  7.69  5.81 205 1007.1  20.8  17.8 999.0 99.0 99.00
2019 06 22 01 50 322  4.9  5.7  1.04  7.69  5.41 189 1008.1  20.2  17.7 999.0 99.0 99.00
2019 06 22 02 50 312  4.9  5.8  1.09  7.69  5.49 195 1008.5  20.1  17.6 999.0 99.0 99.00
2019 06 22 03 50 316  4.3  5.0  1.14  7.14  5.37 167 1008.8  19.8  17.6 999.0 99.0 99.00
2019 06 22 04 50 307  6.2  7.3  1.14  7.69  5.72 171 1009.5  19.9  17.5 999.0 99.0 99.00
2019 06 22 05 50 308  6.7  8.1  1.05  7.14  5.16 160 1009.6  19.4  17.5 999.0 99.0 99.00
2019 06 22 06 50 310  7.2  8.3  1.08  8.33  4.76 170 1009.5  19.3  17.5 999.0 99.0 99.00
2019 06 22 07 50 309  7.9  9.2  1.11  9.09  4.75 150 1009.6  19.1  17.5 999.0 99.0 99.00
2019 06 22 08 50 300  7.6  8.7  1.07  9.09  4.49 159 1009.9  19.0  17.5 999.0 99.0 99.00
2019 06 22 09 50 303  7.4  8.4  1.13  9.09  4.63 170 1010.6  18.9  17.5 999.0 99.0 99.00
2019 06 22 10 50 300  7.5  8.6  0.98  7.69  4.47 179 1010.8  18.8  17.5 999.0 99.0 99.00
2019 06 22 15 50 286  6.2  7.1  0.84  4.35  4.29 277 1011.3  19.3  18.0 999.0 99.0 99.00
2019 06 22 20 50 274  4.7  5.4  0.57  6.25  4.14 201 1011.4  20.8  18.7 999.0 99.0 99.00
2019 06 24 02 50 242  6.9  7.9  0.86  4.35  3.85 224 1011.6  20.7  18.6 999.0 99.0 99.00
2019 06 24 11 50 270  3.7  4.1  0.56  4.17  3.98 214 1012.4  19.4  18.1 999.0 99.0 99.00
2019 06 24 12 50 261  3.0  3.3  0.53  4.17  4.08 216 1012.5  19.3  18.2 999.0 99.0 99.00
2019 06 24 13 50 286  2.1  2.4  0.50  4.17  3.93 211 1012.4  19.3  18.4 999.0 99.0 99.00
2019 06 24 14 50 246  1.2  1.6  0.50 10.00  3.99 199 1012.5  19.7  18.9 999.0 99.0 99.00
2019 06 24 15 50 235  2.1  2.5  0.48  3.70  3.90 217 1012.5  20.4  19.4 999.0 99.0 99.00
2019 06 24 16 50 220  2.4  3.2  0.48  3.85  3.99 208 1012.5  20.6  20.0 999.0 99.0 99.00
2019 06 24 17 50 196  2.5  2.9  0.46  9.09  4.05 168 1012.1  21.2  20.4 999.0 99.0 99.00
2019 06 24 18 50 191  3.0  3.6  0.44 10.00  4.15 178 1011.7  21.1  20.4 999.0 99.0 99.00
2019 06 24 19 50 189  4.5  5.1  0.47 10.00  4.53 193 1011.4  21.2  20.4 999.0 99.0 99.00
2019 06 24 20 50 203  4.1  4.6  0.42 10.00  3.79 127 1011.5  21.1  20.1 999.0 99.0 99.00
2019 06 24 21 50 202  4.7  5.3  0.46  4.76  4.27 193 1011.3  20.9  19.9 999.0 99.0 99.00
2019 06 24 22 50 203  4.6  5.2  0.46 10.00  4.22 183 1011.2  20.7  19.7 999.0 99.0 99.00
2019 06 24 23 50 181  4.3  4.9  0.48  4.35  4.04 188 1011.1  20.9  19.3 999.0 99.0 99.00
2019 06 25 00 50 180  4.4  4.9  0.45  9.09  4.15 104 1010.8  20.4  19.1 999.0 99.0 99.00
2019 06 25 01 50 176  3.9  4.3  0.42  9.09  4.16 225 1011.1  20.1  18.9 999.0 99.0 99.00
2019 06 25 02 50 185  4.0  4.5  0.43  9.09  4.22 147 1011.3  20.0  18.8 999.0 99.0 99.00
2019 06 25 03 50 192  4.5  5.1  0.42 10.00  3.96  96 1010.9  20.1  18.7 999.0 99.0 99.00
2019 06 25 04 50 182  4.6  5.2  0.55  4.17  4.03 224 1010.8  20.1  18.8 999.0 99.0 99.00
2019 06 25 05 50 171  4.8  5.7  0.61  4.00  3.92 215 1010.7  20.1  18.7 999.0 99.0 99.00
2019 06 25 06 50 178  5.8  7.2  0.60  4.17  3.71 217 1010.8  20.2  18.7 999.0 99.0 99.00
2019 06 25 07 50 182  5.9  7.0  0.65  4.00  3.57 222 1010.5  20.1  18.7 999.0 99.0 99.00
2019 06 25 08 50 174  4.8  5.6  0.64  3.85  3.71 203 1010.5  20.2  18.7 999.0 99.0 99.00
2019 06 25 09 50 170  5.3  6.2  0.64  3.70  3.60 203 1010.5  20.1  18.7 999.0 99.0 99.00
2019 06 25 10 50 164  5.0  6.1  0.64  4.35  3.71 189 1010.0  20.1  18.7 999.0 99.0 99.00
2019 06 25 11 50 180  6.1  7.1  0.72  4.55  3.75 201 1010.5  20.3  18.6 999.0 99.0 99.00
2019 06 25 12 50 185  7.3  9.5  0.73  4.55  3.69 194 1010.5  20.4  18.6 999.0 99.0 99.00
2019 06 25 13 50 178  7.1  8.7  0.75  4.55  3.72 192 1010.4  20.2  18.6 999.0 99.0 99.00
2019 06 25 14 50 172  7.3  8.4  0.83  5.00  3.84 207 1010.3  20.3  18.6 999.0 99.0 99.00
2019 06 25 15 50 174  7.7  9.5  0.87  5.00  3.78 207 1010.1  20.5  18.7 999.0 99.0 99.00
2019 06 25 16 50 185  6.7  7.6  0.89  4.76  3.95 204 1010.4  20.1  18.7 999.0 99.0 99.00
2019 06 25 17 50 181  7.6  8.7  0.91  4.55  3.89 193 1009.5  20.2  18.8 999.0 99.0 99.00
2019 06 25 18 50 199  5.5  6.2  0.98  4.76  4.11 190 1009.9  20.2  18.8 999.0 99.0 99.00
2019 06 25 19 50 196  3.6  4.1  0.88  5.00  4.06 183 1010.2  20.2  18.9 999.0 99.0 99.00
2019 06 25 20 50 170  3.3  3.7  0.85  4.35  4.21 174 1010.0  20.2  18.9 999.0 99.0 99.00
2019 06 25 21 50 169  3.5  4.0  0.79  5.26  4.42 198 1010.3  20.1  19.0 999.0 99.0 99.00
2019 06 25 22 50 161  4.1  4.8  0.80  5.00  4.29 186 1010.6  20.1  19.2 999.0 99.0 99.00
2019 06 25 23 50 170  3.2  3.7  0.78  5.26  4.44 193 1011.1  19.8  19.2 999.0 99.0 99.00
2019 06 26 00 50 163  2.9  3.3  0.73  4.76  4.44 189 1011.2  19.7  19.3 999.0 99.0 99.00
2019 06 26 01 50 159  3.1  3.6  0.77  5.88  4.44 194 1011.6  19.8  19.3 999.0 99.0 99.00
2019 06 26 02 50 183  3.0  3.4  0.87  5.56  4.49 185 1011.9  20.0  19.4 999.0 99.0 99.00
2019 06 26 03 50 192  2.7  3.1  1.00  5.88  4.69 184 1012.1  19.9  19.3 999.0 99.0 99.00
2019 06 26 04 50 189  2.8  3.1  0.85  5.00  4.36 166 1012.2  20.1  19.3 999.0 99.0 99.00
2019 06 26 05 50 229  3.5  3.8  0.83  5.56  4.53 187 1012.0  20.8  19.2 999.0 99.0 99.00
2019 06 26 06 50 261  3.0  3.6  0.87  5.26  4.55 179 1012.1  20.8  19.2 999.0 99.0 99.00
2019 06 26 07 50 360  3.9  4.7  0.82  5.26  4.61 170 1013.1  19.7  19.2 999.0 99.0 99.00
2019 06 26 08 50   6  5.5  6.8  0.79  5.00  4.75 167 1014.1  19.1  19.2 999.0 99.0 99.00
2019 06 26 09 50   2  4.1  4.9  0.72  5.26  4.65 175 1014.7  19.5  19.2 999.0 99.0 99.00
2019 06 26 10 50   3  4.0  4.5  0.74  5.88  5.00 169 1015.3  19.7  19.2 999.0 99.0 99.00
2019 06 26 11 50  26  3.3  3.8  0.72  5.56  4.96 158 1015.8  19.5  19.2 999.0 99.0 99.00
2019 06 26 12 50 321  2.2  2.5  0.76  5.88  5.13 157 1016.5  19.6  19.3 999.0 99.0 99.00
2019 06 26 13 50 306  1.7  2.1  0.72  5.88  5.16 163 1016.5  20.0  19.7 999.0 99.0 99.00
2019 06 26 14 50 286  2.0  2.3  0.68  6.25  5.10 152 1016.8  20.8  20.0 999.0 99.0 99.00
2019 06 26 15 50 278  1.7  2.0  0.75  6.25  5.19 152 1016.6  21.4  20.6 999.0 99.0 99.00
2019 06 26 16 50 253  2.1  2.5  0.79  5.88  5.16 151 1016.8  21.9  21.1 999.0 99.0 99.00
2019 06 26 17 50 247  2.8  3.3  0.66  5.88  4.97 150 1016.5  22.0  21.4 999.0 99.0 99.00
2019 06 26 18 50 233  2.2  2.5  0.62  5.56  4.86 150 1016.1  22.4  21.7 999.0 99.0 99.00
2019 06 26 19 50 198  2.6  3.1  0.64  5.26  5.00 158 1016.0  22.7  22.1 999.0 99.0 99.00
2019 06 26 20 50 214  3.7  4.3  0.61  5.26  5.01 160 1015.7  23.0  22.2 999.0 99.0 99.00
2019 06 26 21 50 207  3.6  4.1  0.56  5.56  4.87 162 1015.8  23.0  21.8 999.0 99.0 99.00
2019 06 26 22 50 222  5.2  6.2  0.53  5.26  4.85 171 1016.4  23.3  21.8 999.0 99.0 99.00
2019 06 26 23 50 220  4.7  5.4  0.54  5.26  4.30 155 1016.6  22.7  21.5 999.0 99.0 99.00
2019 06 27 00 50 214  4.5  4.9  0.56  5.26  4.07 148 1016.4  22.4  20.8 999.0 99.0 99.00
2019 06 27 01 50 201  2.4  2.8  0.56  5.00  3.98 141 1017.5  21.7  20.5 999.0 99.0 99.00
2019 06 27 02 50 199  4.5  5.0  0.58  5.00  4.01 140 1017.1  21.7  20.4 999.0 99.0 99.00
2019 06 27 03 50 220  3.1  3.7  0.58  5.26  3.87 140 1017.3  21.6  20.4 999.0 99.0 99.00
2019 06 27 04 50 197  3.1  3.8  0.61  6.67  4.09  97 1017.2  21.2  20.2 999.0 99.0 99.00
2019 06 27 05 50 231  3.2  3.6  0.57  6.67  4.09 111 1017.4  21.3  20.2 999.0 99.0 99.00
2019 06 27 06 50 253  4.1  4.9  0.57  5.00  4.10 132 1017.5  21.6  20.1 999.0 99.0 99.00
2019 06 27 07 50 273  4.0  4.9  0.56  5.88  4.20 127 1017.8  21.7  20.3 999.0 99.0 99.00
2019 06 27 08 50 306  3.6  4.1  0.58  5.88  4.64 120 1018.0  21.6  20.4 999.0 99.0 99.00
2019 06 27 09 50 301  3.7  4.2  0.54  8.33  4.60 141 1018.7  21.2  20.5 999.0 99.0 99.00
2019 06 27 10 50 325  2.5  2.9  0.51  5.26  4.72 113 1019.3  21.3  20.5 999.0 99.0 99.00
2019 06 27 11 50 313  2.7  3.0  0.54  8.33  5.24 144 1020.0  21.1  20.5 999.0 99.0 99.00
2019 06 27 12 50 326  3.8  4.5  0.52  9.09  5.23 144 1020.3  21.4  20.5 999.0 99.0 99.00
2019 06 27 13 50 333  2.0  2.3  0.54  6.25  5.36 110 1020.4  21.4  20.7 999.0 99.0 99.00
2019 06 27 14 50 311  2.1  2.9  0.53  5.88  5.31  96 1020.5  21.6  21.1 999.0 99.0 99.00
2019 06 27 15 50 281  1.4  1.7  0.56  5.88  5.66 114 1020.5  22.2  21.4 999.0 99.0 99.00
2019 06 27 16 50 266  1.2  1.6  0.58  6.25  5.61  95 1020.3  22.9  22.0 999.0 99.0 99.00
2019 06 27 17 50 236  1.9  2.2  0.63  6.25  5.58 113 1020.1  23.5  22.6 999.0 99.0 99.00
2019 06 27 18 50 195  2.1  2.4  0.62  6.25  5.51 115 1019.7  23.9  23.0 999.0 99.0 99.00
2019 06 27 20 50 174  3.2  3.5  0.55  5.56  5.17  96 1019.1  24.4  23.6 999.0 99.0 99.00
2019 06 27 21 50 179  3.0  3.4  0.55  5.88  5.26 106 1019.2  24.6  23.4 999.0 99.0 99.00
2019 06 27 22 50 190  2.2  2.5  0.55  5.88  5.46 109 1019.5  24.5  23.7 999.0 99.0 99.00
2019 06 27 23 50 184  2.8  3.3  0.50  6.25  5.14  99 1019.6  24.0  23.5 999.0 99.0 99.00
2019 06 28 00 50 182  4.2  5.0  0.50  7.69  5.16  98 1019.6  23.3  23.2 999.0 99.0 99.00
2019 06 28 01 50 199  3.5  3.8  0.51  8.33  5.55 125 1020.2  23.0  22.6 999.0 99.0 99.00
2019 06 28 02 50 210  2.7  3.2  0.47  7.69  5.25 124 1020.4  22.7  22.0 999.0 99.0 99.00
2019 06 28 03 50 213  3.5  4.0  0.45  5.88  5.00 103 1020.6  22.7  22.0 999.0 99.0 99.00
2019 06 28 04 50 210  3.3  3.7  0.46  5.88  5.07 103 1020.6  22.9  22.5 999.0 99.0 99.00
2019 06 28 05 50 212  3.6  4.1  0.46  7.69  5.26 116 1020.4  22.5  22.1 999.0 99.0 99.00
2019 06 28 06 50 223  3.8  4.8  0.46  7.14  5.11 119 1020.3  22.3  21.9 999.0 99.0 99.00
2019 06 28 07 50 277  2.6  2.9  0.45  8.33  5.43 139 1020.5  21.9  21.8 999.0 99.0 99.00
2019 06 28 08 50 317  1.9  2.4  0.49  9.09  5.54 172 1020.5  21.9  21.4 999.0 99.0 99.00
2019 06 28 09 50 327  1.6  1.8  0.49  7.69  5.80 149 1020.8  21.6  21.3 999.0 99.0 99.00
2019 06 28 10 50 336  1.6  1.8  0.48  8.33  5.57 131 1020.9  22.2  21.2 999.0 99.0 99.00
2019 06 28 11 50 335  2.0  2.2  0.51  8.33  5.78 154 1021.4  22.0  21.2 999.0 99.0 99.00
2019 06 28 12 50 342  2.0  2.4  0.52  8.33  5.48 136 1021.8  22.2  21.3 999.0 99.0 99.00
2019 06 28 13 50 338  2.1  2.4  0.49  8.33  5.36 142 1021.9  22.8  21.6 999.0 99.0 99.00
2019 06 28 14 50 352  2.2  2.7  0.50  7.69  5.36 143 1022.1  22.9  22.1 999.0 99.0 99.00
2019 06 28 15 50  13  1.6  1.9  0.47  8.33  5.25 170 1022.2  23.3  22.5 999.0 99.0 99.00
2019 06 28 16 50   2  0.6  1.0  0.47  5.26  4.92 112 1021.8  24.3  23.1 999.0 99.0 99.00
2019 06 28 17 50 178  1.5  1.8  0.48  5.56  5.08  86 1021.5  25.4  23.8 999.0 99.0 99.00
2019 06 28 18 50 142  1.7  2.1  0.44  7.14  5.24 113 1020.9  25.7  25.0 999.0 99.0 99.00
2019 06 28 19 50 184  2.5  2.8  0.46  5.88  5.49  86 1020.7  25.8  25.0 999.0 99.0 99.00
2019 06 28 20 50 191  3.2  3.7  0.45  8.33  5.65 124 1020.0  25.3  24.8 999.0 99.0 99.00
2019 06 28 21 50 187  3.5  3.9  0.43  7.69  5.75 134 1019.9  24.8  24.5 999.0 99.0 99.00
2019 06 28 22 50 196  3.8  4.3  0.44  9.09  5.56 148 1019.8  24.4  23.7 999.0 99.0 99.00
2019 06 28 23 50 203  4.4  4.9  0.40  9.09  5.61 146 1020.1  23.9  23.1 999.0 99.0 99.00
2019 06 29 00 50 205  3.5  3.9  0.43  7.69  5.45 114 1020.3  23.4  22.7 999.0 99.0 99.00
2019 06 29 01 50 215  3.8  4.5  0.41  9.09  5.12 115 1020.6  23.2  22.6 999.0 99.0 99.00
2019 06 29 02 50 212  3.2  3.6  0.41  8.33  5.30 143 1019.9  23.1  22.7 999.0 99.0 99.00
2019 06 29 03 50 237  3.9  4.9  0.48  7.69  5.20 127 1019.9  22.9  22.4 999.0 99.0 99.00
2019 06 29 04 50 230  3.7  4.4  0.46  8.33  5.16 159 1019.2  23.3  22.4 999.0 99.0 99.00
2019 06 29 05 50 215  3.8  4.3  0.49  7.14  4.78  95 1018.9  22.9  22.5 999.0 99.0 99.00
2019 06 29 06 50 192  3.3  3.8  0.51  7.69  4.78 128 1018.4  22.9  22.4 999.0 99.0 99.00
2019 06 29 07 50 192  4.8  5.6  0.48  7.14  4.98 100 1017.5  22.7  22.4 999.0 99.0 99.00
2019 06 29 08 50 210  4.4  5.3  0.47  8.33  4.71 122 1017.4  22.7  22.2 999.0 99.0 99.00
2019 06 29 09 50 219  3.4  4.2  0.49  7.69  4.50 138 1017.5  22.5  22.1 999.0 99.0 99.00
2019 06 29 10 50 219  4.4  5.0  0.50  8.33  4.75 115 1017.3  22.7  22.1 999.0 99.0 99.00
2019 06 29 11 50 224  3.6  4.1  0.48  7.69  4.14 144 1017.4  22.7  22.1 999.0 99.0 99.00
2019 06 29 12 50 225  4.4  5.0  0.45  7.69  3.96 134 1017.4  22.7  22.1 999.0 99.0 99.00
2019 06 29 13 50 225  4.4  4.9  0.49  7.14  3.96 146 1017.1  22.7  22.1 999.0 99.0 99.00
2019 06 29 14 50 226  4.7  5.4  0.49  7.14  3.97  85 1016.7  22.8  22.1 999.0 99.0 99.00
2019 06 29 15 50 222  4.2  4.8  0.50  8.33  3.94 138 1016.1  22.9  22.2 999.0 99.0 99.00
2019 06 29 16 50 236  4.8  5.6  0.56  7.14  4.07 107 1015.5  23.3  22.5 999.0 99.0 99.00
2019 06 29 17 50 227  5.4  6.1  0.52  7.14  3.96 128 1014.8  23.5  22.7 999.0 99.0 99.00
2019 06 29 18 50 216  5.5  6.2  0.55  6.25  3.97  95 1013.7  23.7  22.6 999.0 99.0 99.00
2019 06 29 19 50 213  5.9  6.6  0.57  6.67  3.84 115 1012.7  23.8  22.6 999.0 99.0 99.00
2019 06 29 20 50 229  6.6  7.6  0.60  3.70  3.72 202 1011.7  23.5  22.5 999.0 99.0 99.00
2019 06 29 21 50 241  7.5 10.5  0.63  3.33  3.48 212 1011.6  24.6  22.3 999.0 99.0 99.00
2019 06 29 22 50 275 13.3 16.1  1.00  3.85  3.50 222 1012.4  22.8  22.3 999.0 99.0 99.00
2019 06 29 23 50 250 10.3 11.9  1.23  4.55  3.99 239 1012.5  23.0  21.7 999.0 99.0 99.00
2019 06 30 00 50 243 10.1 11.8  1.25  5.26  4.18 240 1011.5  22.6  21.4 999.0 99.0 99.00
2019 06 30 01 50 247  6.9  7.6  1.09  5.00  4.04 214 1012.0  22.3  20.9 999.0 99.0 99.00
2019 06 30 02 50 249  7.5  8.7  0.96  4.76  4.01 219 1011.4  22.6  21.3 999.0 99.0 99.00
2019 06 30 03 50 257  8.2  9.5  0.98  4.55  3.95 223 1010.4  22.7  21.5 999.0 99.0 99.00
2019 06 30 04 50 260  9.0 10.5  0.95  5.26  3.98 215 1010.1  22.6  21.4 999.0 99.0 99.00
2019 06 30 05 50 259  8.7 10.0  1.07  4.76  4.04 216 1009.6  22.4  21.3 999.0 99.0 99.00
2019 06 30 06 50 271  7.2  8.2  0.90  4.76  3.81 205 1008.9  22.3  20.9 999.0 99.0 99.00
2019 06 30 07 50 269  6.7  7.6  0.87  4.76  3.87 200 1008.3  22.1  20.6 999.0 99.0 99.00
2019 06 30 08 50 281  6.4  7.3  0.91  4.76  3.98 206 1008.4  22.1  20.2 999.0 99.0 99.00
2019 06 30 09 50 280  5.3  5.9  1.00  5.26  4.19 198 1008.4  21.7  20.1 999.0 99.0 99.00
2019 06 30 10 50 284  6.4  7.3  0.99  5.26  4.22 194 1008.2  21.7  20.0 999.0 99.0 99.00
2019 06 30 11 50 287  6.8  7.9  0.99  5.00  4.15 192 1008.0  21.7  19.9 999.0 99.0 99.00
2019 06 30 12 50 291  7.2  8.2  0.96  5.26  3.94 193 1007.9  21.6  20.0 999.0 99.0 99.00
2019 06 30 13 50 286  6.6  7.5  0.90  4.35  3.91 258 1007.8  21.6  20.0 999.0 99.0 99.00
2019 06 30 14 50 281  5.3  6.6  0.89  4.17  3.86 267 1007.5  21.9  20.1 999.0 99.0 99.00
2019 06 30 15 50 263  6.1  7.2  0.88  4.17  3.88 251 1006.9  22.3  20.2 999.0 99.0 99.00
2019 06 30 16 50 263  5.3  6.1  0.86  5.26  4.23 195 1006.4  22.8  20.4 999.0 99.0 99.00
2019 06 30 17 50 270  5.6  6.5  0.77  5.56  4.22 187 1005.9  23.2  20.6 999.0 99.0 99.00
2019 06 30 18 50 351  3.5  4.9  0.79  6.25  4.25 168 1006.1  23.1  20.7 999.0 99.0 99.00
2019 06 30 19 50   7 11.6 14.7  0.73  5.88  4.26 177 1007.2  19.5  20.8 999.0 99.0 99.00
2019 06 30 20 50  10  6.2  8.1  0.82  3.45  3.68 322 1007.1  20.7  20.4 999.0 99.0 99.00
2019 06 30 21 50  10  5.2  6.1  0.97  4.00  3.90 352 1007.3  21.0  20.3 999.0 99.0 99.00
2019 06 30 22 50 358  5.9  6.8  0.83  4.17  3.78 350 1007.7  22.2  20.3 999.0 99.0 99.00
