#YY  MM DD hh mm WDIR WSPD GST  WVHT   DPD   APD MWD   PRES  ATMP  WTMP  DEWP  VIS  TIDE
#yr  mo dy hr mn degT m/s  m/s     m   sec   sec deg    hPa  degC  degC  degC  nmi    ft
2019 11 30 23 50 337  8.9 10.7  1.02 10.00  4.30  87 1016.0   6.3  12.2 999.0 99.0 99.00
2019 12 01 00 50 346  7.5  9.5  0.99  3.70  3.99 332 1016.0   6.3  12.2 999.0 99.0 99.00
2019 12 01 01 50 352  7.2  8.6  0.95 10.81  4.14 115 1015.9   6.1  12.2 999.0 99.0 99.00
2019 12 01 02 50 351  6.4  8.2  0.95 11.43  4.07  87 1016.0   5.8  12.2 999.0 99.0 99.00
2019 12 01 03 50 360  5.8  7.2  0.89  4.00  4.20   5 1015.7   5.5  12.1 999.0 99.0 99.00
2019 12 01 04 50   1  6.3  7.6  0.88 10.81  4.32  90 1015.8   5.2  12.1 999.0 99.0 99.00
2019 12 01 05 50   7  7.1  9.0  0.91 11.43  4.05 105 1015.3   4.6  12.1 999.0 99.0 99.00
2019 12 01 06 50  15  6.1  7.8  0.97  3.85  4.03  35 1015.9   4.3  12.1 999.0 99.0 99.00
2019 12 01 07 50  33  7.4  9.4  0.96  4.35  3.98  38 1015.7   4.1  12.1 999.0 99.0 99.00
2019 12 01 08 50  31  7.3  9.3  0.96  4.17  4.03  31 1015.6   3.7  12.1 999.0 99.0 99.00
2019 12 01 09 50  42  6.0  7.5  0.88  4.00  3.93  32 1015.9   3.5  12.0 999.0 99.0 99.00
2019 12 01 10 50  56  5.2  7.1  0.86  4.17  3.97  48 1015.8   3.5  12.0 999.0 99.0 99.00
2019 12 01 11 50  67  4.9  6.7  0.76 10.00  4.13  70 1015.4   3.7  12.0 999.0 99.0 99.00
2019 12 01 12 50  76  6.4  7.7  0.74 10.00  4.17  97 1014.7   4.2  12.0 999.0 99.0 99.00
2019 12 01 13 50  85  6.9  9.2  0.74 10.81  3.86 113 1013.4   4.8  12.0 999.0 99.0 99.00
2019 12 01 14 50  95  6.4  8.1  0.78 10.81  3.86  39 1013.7   5.9  12.1 999.0 99.0 99.00
2019 12 01 15 50 116  5.1  6.8  0.74  3.85  4.01  50 1013.7   6.8  12.1 999.0 99.0 99.00
2019 12 01 16 50 106  6.7  8.3  0.77 11.43  4.09  79 1011.6   7.2  12.1 999.0 99.0 99.00
2019 12 01 17 50 119  7.8  9.6  0.81 12.12  4.09  51 1010.0   7.8  12.1 999.0 99.0 99.00
2019 12 01 18 50 111  8.7 10.2  0.94  3.70  3.90  74 1009.0   7.6  12.1 999.0 99.0 99.00
2019 12 01 19 50 103 10.7 12.5  1.07  3.85  4.06  99 1006.8   7.9  12.1 999.0 99.0 99.00
2019 12 01 20 50  94 12.3 15.4  1.30  4.35  4.08 106 1004.6   8.5  12.1 999.0 99.0 99.00
2019 12 01 21 50  92 13.9 17.1  1.66  5.00  4.49  96 1002.1   9.0  12.1 999.0 99.0 99.00
2019 12 01 22 50  92 14.4 17.6  2.24  5.56  4.91 105 1000.5   9.5  12.1 999.0 99.0 99.00
2019 12 01 23 50  91 14.5 17.4  2.56  6.25  5.30  96  998.5  10.2  12.2 999.0 99.0 99.00
2019 12 02 00 50  87 15.3 19.5  3.26  6.67  5.90 100  996.8  10.8  12.2 999.0 99.0 99.00
2019 12 02 01 50  67 14.6 20.1  3.44  7.69  5.99 109  995.3  11.0  12.2 999.0 99.0 99.00
2019 12 02 02 50  57 15.7 20.0  4.05  7.69  6.46  93  994.7  10.5  12.2 999.0 99.0 99.00
2019 12 02 03 50  61 17.1 21.9  4.05  8.33  6.55 112  993.4  10.5  12.2 999.0 99.0 99.00
2019 12 02 04 50  70 17.3 22.3  4.06  8.33  6.59  80  993.0  10.7  12.2 999.0 99.0 99.00
2019 12 02 05 50  61 15.1 20.6  4.11  8.33  6.82  79  993.5  10.8  12.2 999.0 99.0 99.00
2019 12 02 06 50  54 16.7 20.3  4.05  9.09  6.70  71  993.3  10.1  12.2 999.0 99.0 99.00
2019 12 02 07 50  43 15.3 18.4  4.17  8.33  6.90  80  994.3   9.7  12.2 999.0 99.0 99.00
2019 12 02 08 50  29 15.0 18.5  4.29  9.09  6.95  77  994.6   8.9  12.2 999.0 99.0 99.00
2019 12 02 09 50  40 15.3 18.9  4.06  9.09  6.79  70  994.5   8.3  12.2 999.0 99.0 99.00
2019 12 02 10 50  47 15.7 19.3  3.99  9.09  6.62  71  994.3   8.5  12.3 999.0 99.0 99.00
2019 12 02 11 50  50 16.4 20.2  3.75  9.09  6.47  78  994.1   8.8  12.2 999.0 99.0 99.00
2019 12 02 12 50  49 15.1 19.1  3.87 10.00  6.68  64  994.8   8.9  12.2 999.0 99.0 99.00
2019 12 02 13 50  39 15.4 19.1  4.14  9.09  6.93  79  995.1   8.6  12.1 999.0 99.0 99.00
2019 12 02 14 50  41 14.9 18.0  4.33  9.09  6.97  89  995.2   8.6  12.2 999.0 99.0 99.00
2019 12 02 15 50  34 15.1 18.5  3.95  8.33  6.73  83  994.7   8.5  12.2 999.0 99.0 99.00
2019 12 02 16 50  25 14.1 17.2  3.92 10.00  6.95  85  994.5   7.7  12.1 999.0 99.0 99.00
2019 12 02 17 50  24 13.4 16.0  3.64  9.09  6.70  83  994.2   7.6  12.1 999.0 99.0 99.00
2019 12 02 18 50   9 13.2 17.4  4.05  9.09  6.94  92  994.0   6.7  12.1 999.0 99.0 99.00
2019 12 02 19 50   9 14.6 17.3  3.87  9.09  6.77  89  993.7   6.3  12.0 999.0 99.0 99.00
2019 12 02 20 50  10 14.9 18.0  3.41  9.09  6.51  87  993.9   6.5  12.1 999.0 99.0 99.00
2019 12 02 21 50  12 14.7 17.7  3.78  9.09  6.55  86  994.6   6.0  12.1 999.0 99.0 99.00
2019 12 02 22 50  12 14.0 17.1  3.61  8.33  6.46  80  995.5   5.8  12.0 999.0 99.0 99.00
2019 12 02 23 50  10 14.3 17.8  3.63  8.33  6.58  72  996.0   5.1  12.0 999.0 99.0 99.00
2019 12 03 00 50 360 13.6 16.4  3.51  9.09  6.35  85  996.2   3.8  12.0 999.0 99.0 99.00
2019 12 03 01 50 357 14.3 17.0  3.40 10.00  6.29  96  996.3   3.4  12.1 999.0 99.0 99.00
2019 12 03 02 50 357 14.3 17.7  3.28  9.09  6.03  87  996.4   3.0  12.1 999.0 99.0 99.00
2019 12 03 03 50 355 14.6 18.1  3.42  8.33  6.21  83  996.6   2.8  12.2 999.0 99.0 99.00
2019 12 03 04 50 355 14.7 18.1  3.15 10.00  6.17  91  996.3   2.8  12.2 999.0 99.0 99.00
2019 12 03 05 50 354 14.4 17.8  3.16 10.00  6.04  95  996.2   2.9  12.1 999.0 99.0 99.00
2019 12 03 06 50 353 14.4 17.2  3.07  9.09  5.92  88  996.4   2.9  12.1 999.0 99.0 99.00
2019 12 03 07 50 342 13.5 16.0  3.06  9.09  5.93  90  996.8   2.6  12.0 999.0 99.0 99.00
2019 12 03 08 50 337 13.5 17.0  2.81  5.00  5.64 349  996.9   2.1  12.0 999.0 99.0 99.00
2019 12 03 09 50 335 12.9 15.7  2.65  5.56  5.48 357  997.1   2.1  11.9 999.0 99.0 99.00
2019 12 03 10 50 334 12.6 16.4  2.66  5.56  5.55 331  997.5   1.9  11.9 999.0 99.0 99.00
2019 12 03 11 50 330 12.5 16.2  2.44 10.00  5.52 106  997.8   2.2  11.8 999.0 99.0 99.00
2019 12 03 12 50 328 13.2 15.8  2.36  5.88  5.34 307  998.0   2.3  11.8 999.0 99.0 99.00
2019 12 03 13 50 321 12.8 15.2  2.31  5.88  5.50 301  998.2   2.7  11.8 999.0 99.0 99.00
2019 12 03 14 50 317 11.9 15.2  2.25  5.88  5.36 308  998.3   2.8  11.7 999.0 99.0 99.00
2019 12 03 15 50 309 12.8 15.9  1.94  5.88  5.22 312  997.8   3.2  11.7 999.0 99.0 99.00
2019 12 03 16 50 299 12.6 15.9  2.05  5.56  5.10 307  997.5   3.5  11.7 999.0 99.0 99.00
2019 12 03 17 50 294 13.9 17.4  1.96  5.56  5.01 298  996.8   3.5  11.7 999.0 99.0 99.00
2019 12 03 18 50 300 13.7 17.0  2.12  5.88  5.10 285  996.8   4.0  11.7 999.0 99.0 99.00
2019 12 03 19 50 301 14.9 18.8  2.25  5.88  5.25 292  997.2   4.6  11.7 999.0 99.0 99.00
2019 12 03 20 50 306 13.7 17.0  2.32  6.67  5.31 296  998.5   4.7  11.7 999.0 99.0 99.00
2019 12 03 21 50 302 12.8 15.7  2.29  5.88  5.37 297  999.7   4.9  11.6 999.0 99.0 99.00
2019 12 03 22 50 300 12.9 15.5  2.19  6.67  5.18 279 1000.5   4.5  11.6 999.0 99.0 99.00
2019 12 03 23 50 299 13.8 16.2  2.02  6.67  5.14 296 1000.4   4.5  11.6 999.0 99.0 99.00
2019 12 04 00 50 302 12.9 15.2  2.26  6.67  5.26 287 1000.4   4.3  11.5 999.0 99.0 99.00
2019 12 04 01 50 306 11.2 14.1  1.97  6.25  5.10 292 1000.9   4.3  11.5 999.0 99.0 99.00
2019 12 04 02 50 298 11.3 14.2  1.73  5.88  4.86 294 1001.4   4.1  11.5 999.0 99.0 99.00
2019 12 04 03 50 294 11.0 13.2  1.63  5.56  4.84 304 1001.9   3.9  11.5 999.0 99.0 99.00
2019 12 04 04 50 297  9.9 12.0  1.65  5.88  4.82 289 1001.9   3.8  11.5 999.0 99.0 99.00
2019 12 04 05 50 306  8.8 10.7  1.51  5.26  4.75 300 1001.6   3.7  11.5 999.0 99.0 99.00
2019 12 04 06 50 306  9.0 10.5  1.34  5.00  4.40 289 1001.8   3.9  11.5 999.0 99.0 99.00
2019 12 04 07 50 315  8.5 11.2  1.25  5.00  4.30 296 1001.7   4.0  11.5 999.0 99.0 99.00
2019 12 04 08 50 302  8.8 11.3  1.20  4.76  4.30 292 1001.8   4.4  11.5 999.0 99.0 99.00
2019 12 04 09 50 307  6.8  9.5  1.22  4.55  4.37 288 1001.6   4.5  11.5 999.0 99.0 99.00
2019 12 04 10 50 295  5.8  8.2  1.07 10.81  4.29 116 1002.1   4.6  11.5 999.0 99.0 99.00
2019 12 04 11 50 286  4.7  5.9  1.01  4.55  4.37 281 1002.3   4.9  11.5 999.0 99.0 99.00
2019 12 04 12 50 272  5.3  7.4  1.00 11.43  4.65  89 1002.3   5.0  11.5 999.0 99.0 99.00
2019 12 04 13 50 259  5.8  7.9  0.88 11.43  4.56  96 1001.8   5.3  11.5 999.0 99.0 99.00
2019 12 04 14 50 268  7.8  9.4  0.87  4.17  4.34 272 1001.7   5.3  11.5 999.0 99.0 99.00
2019 12 04 15 50 284  7.2  8.9  0.94  4.00  4.11 270 1001.2   5.0  11.5 999.0 99.0 99.00
2019 12 04 16 50 284  7.7  9.9  1.02  4.35  4.11 262 1000.6   5.1  11.5 999.0 99.0 99.00
2019 12 04 17 50 272  8.3 10.7  1.02  4.17  4.05 265  999.8   5.3  11.5 999.0 99.0 99.00
2019 12 04 18 50 284  8.9 11.1  1.09  4.00  4.02 265  998.9   5.4  11.5 999.0 99.0 99.00
2019 12 04 19 50 275  8.0  9.8  1.19  4.17  4.12 263  999.1   5.5  11.5 999.0 99.0 99.00
2019 12 04 20 50 274  7.6  9.2  1.11  4.17  3.97 268  999.3   5.6  11.5 999.0 99.0 99.00
2019 12 04 21 50 286  8.2 11.1  1.02  4.00  3.87 263  999.6   6.0  11.5 999.0 99.0 99.00
2019 12 04 22 50 286  8.7 11.2  1.08  4.17  3.86 278 1000.0   6.0  11.5 999.0 99.0 99.00
2019 12 04 23 50 285  9.5 11.1  1.13  4.17  3.92 291 1000.1   6.3  11.4 999.0 99.0 99.00
2019 12 05 00 50 284  9.0 12.1  1.10  4.00  3.92 279 1000.3   6.5  11.4 999.0 99.0 99.00
2019 12 05 01 50 273  9.1 11.3  1.10  4.17  3.84 278 1000.3   6.4  11.4 999.0 99.0 99.00
2019 12 05 02 50 271  8.9 10.8  1.13  4.35  4.05 273 1000.3   6.1  11.4 999.0 99.0 99.00
2019 12 05 03 50 277  8.3 10.5  1.19  4.55  4.07 282 1000.0   6.0  11.4 999.0 99.0 99.00
2019 12 05 04 50 282 10.1 11.7  1.10  4.17  3.95 274  999.7   5.9  11.4 999.0 99.0 99.00
2019 12 05 05 50 292  9.6 11.5  1.15  4.55  4.03 278  999.7   5.7  11.4 999.0 99.0 99.00
2019 12 05 06 50 296  9.4 11.7  1.19  4.76  4.14 267 1000.0   5.7  11.4 999.0 99.0 99.00
2019 12 05 07 50 298  9.5 11.5  1.26  4.76  4.14 265 1000.6   5.8  11.4 999.0 99.0 99.00
2019 12 05 08 50 286 10.6 13.4  1.33  4.76  4.22 260 1001.2   5.9  11.4 999.0 99.0 99.00
2019 12 05 09 50 296 10.8 13.6  1.61  5.00  4.42 263 1001.7   5.8  11.4 999.0 99.0 99.00
2019 12 05 10 50 300 11.9 14.8  1.57  5.26  4.37 281 1002.5   6.2  11.4 999.0 99.0 99.00
2019 12 05 11 50 296 12.0 15.2  1.64  5.00  4.43 282 1003.7   6.4  11.4 999.0 99.0 99.00
2019 12 05 12 50 301 12.4 15.0  1.78  5.56  4.66 286 1004.8   6.4  11.3 999.0 99.0 99.00
2019 12 05 13 50 299 12.0 14.5  1.70  5.56  4.58 281 1005.9   6.4  11.3 999.0 99.0 99.00
2019 12 05 14 50 295 12.5 17.5  2.03  5.26  4.88 291 1006.7   6.5  11.3 999.0 99.0 99.00
2019 12 05 15 50 292 12.9 16.6  1.78  5.56  4.63 290 1007.3   6.5  11.3 999.0 99.0 99.00
2019 12 05 16 50 295 14.5 17.6  2.00  5.56  4.80 301 1007.1   6.6  11.3 999.0 99.0 99.00
2019 12 05 17 50 300 15.0 18.9  2.23  5.88  5.03 299 1007.2   6.5  11.3 999.0 99.0 99.00
2019 12 05 18 50 299 13.8 16.9  2.23  6.25  5.08 295 1008.2   6.4  11.3 999.0 99.0 99.00
2019 12 05 19 50 301 13.8 18.0  2.30  6.67  5.08 292 1009.1   6.6  11.3 999.0 99.0 99.00
2019 12 05 20 50 293 14.7 18.4  2.23  6.25  5.11 290 1010.3   6.4  11.3 999.0 99.0 99.00
2019 12 05 21 50 292 14.6 18.9  2.00  5.88  4.83 296 1011.6   6.7  11.3 999.0 99.0 99.00
2019 12 05 22 50 307 15.8 20.0  2.25  5.88  4.91 296 1012.8   6.6  11.2 999.0 99.0 99.00
2019 12 05 23 50 308 13.8 17.2  2.06  5.88  4.89 301 1014.1   6.4  11.2 999.0 99.0 99.00
2019 12 06 00 50 301 13.8 16.8  1.93  5.88  4.84 303 1015.1   6.0  11.1 999.0 99.0 99.00
2019 12 06 01 50 304 14.2 17.1  2.05  5.88  4.96 302 1015.7   5.8  11.1 999.0 99.0 99.00
2019 12 06 02 50 299 13.1 17.1  1.99  5.56  4.83 304 1017.0   5.7  11.0 999.0 99.0 99.00
2019 12 06 03 50 306 12.4 15.9  1.80  6.25  4.68 293 1017.7   5.3  11.0 999.0 99.0 99.00
2019 12 06 04 50 296 11.9 15.4  1.79  5.56  4.77 294 1018.3   5.0  11.0 999.0 99.0 99.00
2019 12 06 05 50 292 11.4 15.5  1.67  5.88  4.59 287 1018.9   4.7  10.9 999.0 99.0 99.00
2019 12 06 06 50 302 10.8 13.8  1.65  5.88  4.59 286 1020.0   4.7  10.9 999.0 99.0 99.00
2019 12 06 07 50 306 10.7 13.0  1.64  5.88  4.59 280 1020.4   4.7  10.9 999.0 99.0 99.00
2019 12 06 08 50 294  8.6 11.6  1.49  5.56  4.37 292 1020.4   4.5  10.9 999.0 99.0 99.00
2019 12 06 09 50 302  6.4  8.5  1.23  5.00  4.13 291 1020.5   4.6  10.9 999.0 99.0 99.00
2019 12 06 10 50 286  6.5  8.9  0.97  4.76  3.84 292 1020.9   4.8  10.8 999.0 99.0 99.00
2019 12 06 11 50 279  7.6 10.3  0.83  4.35  3.58 291 1021.2   5.1  10.8 999.0 99.0 99.00
2019 12 06 12 50 272  6.3  8.4  0.79  4.17  3.59 277 1021.4   5.0  10.8 999.0 99.0 99.00
2019 12 06 13 50 238  5.7  7.7  0.68  3.70  3.56 289 1021.7   5.8  10.8 999.0 99.0 99.00
2019 12 06 14 50 231  7.0  9.0  0.67  3.57  3.45 284 1021.1   6.3  10.8 999.0 99.0 99.00
2019 12 06 15 50 219  7.0  8.7  0.69  3.45  3.42 252 1019.7   7.1  10.8 999.0 99.0 99.00
2019 12 06 16 50 215  8.0 10.1  0.77  3.70  3.46 228 1018.5   7.8  10.8 999.0 99.0 99.00
2019 12 06 17 50 220 11.7 14.4  0.91  3.70  3.49 234 1017.0   9.0  10.8 999.0 99.0 99.00
2019 12 06 18 50 219 13.6 16.5  1.37  4.55  4.13 214 1015.2   9.8  10.8 999.0 99.0 99.00
2019 12 06 19 50 224 13.8 17.2  2.05  5.56  4.80 225 1014.8  10.5  10.8 999.0 99.0 99.00
2019 12 06 20 50 223 13.5 16.1  2.42  6.25  5.22 223 1014.0  11.1  10.8 999.0 99.0 99.00
2019 12 06 21 50 241 12.1 14.2  2.36  6.25  5.38 223 1014.7  11.3  10.8 999.0 99.0 99.00
2019 12 06 22 50 238  9.7 11.9  2.27  6.67  5.27 225 1014.6  11.2  10.8 999.0 99.0 99.00
2019 12 06 23 50 243 12.6 16.2  2.19  7.14  5.41 214 1014.6  10.5  10.8 999.0 99.0 99.00
2019 12 07 00 50 265 12.7 17.8  2.00  6.67  5.14 209 1015.2  11.2  10.8 999.0 99.0 99.00
2019 12 07 01 50 287 10.7 13.8  1.87  6.67  5.07 195 1016.4  10.2  10.8 999.0 99.0 99.00
2019 12 07 02 50 325 12.4 15.0  1.92  7.14  4.94 179 1017.5   9.0  10.7 999.0 99.0 99.00
2019 12 07 03 50 327 12.0 15.1  1.97  7.14  4.79 183 1018.6   7.7  10.7 999.0 99.0 99.00
2019 12 07 04 50 316 11.9 14.5  1.92  5.26  4.79 306 1019.1   6.7  10.7 999.0 99.0 99.00
2019 12 07 05 50 322 11.4 14.0  1.95  5.26  4.90 306 1019.9   5.9  10.7 999.0 99.0 99.00
2019 12 07 06 50 330 10.7 13.3  1.73  5.26  4.68 300 1021.2   5.2  10.7 999.0 99.0 99.00
2019 12 07 07 50 333 10.0 12.0  1.60  7.14  4.73 198 1022.0   4.7  10.6 999.0 99.0 99.00
2019 12 07 08 50 332 10.9 13.6  1.45  4.35  4.39 311 1022.7   4.4  10.6 999.0 99.0 99.00
2019 12 07 09 50 331 11.6 13.5  1.49  5.00  4.32 280 1023.4   4.0  10.6 999.0 99.0 99.00
2019 12 07 10 50 337  9.0 13.1  1.34  4.55  4.17 313 1025.0   3.9  10.6 999.0 99.0 99.00
2019 12 07 11 50 328  9.0 11.4  1.23  4.35  4.09 312 1025.9   3.7  10.5 999.0 99.0 99.00
2019 12 07 12 50 329  8.7 11.7  1.20  4.00  4.01 342 1026.7   3.2  10.5 999.0 99.0 99.00
2019 12 07 13 50 324  9.1 11.4  1.06  4.55  3.85 296 1027.2   3.2  10.5 999.0 99.0 99.00
2019 12 07 14 50 330  8.2 10.2  1.08  4.55  3.92 297 1027.8   2.8  10.5 999.0 99.0 99.00
2019 12 07 15 50 332  7.5  9.9  1.10  4.76  3.98 293 1027.8   2.7  10.5 999.0 99.0 99.00
2019 12 07 16 50 338  5.8  7.7  0.98  5.00  3.94 292 1027.6   2.7  10.5 999.0 99.0 99.00
2019 12 07 17 50 325  5.7  7.8  0.84  4.35  3.86 285 1027.5   3.1  10.5 999.0 99.0 99.00
2019 12 07 18 50 331  6.7  9.1  0.79  4.17  3.66 304 1027.6   3.5  10.5 999.0 99.0 99.00
2019 12 07 19 50 323  7.6  9.0  0.77  4.00  3.63 298 1028.0   3.6  10.5 999.0 99.0 99.00
2019 12 07 20 50 321  7.4  9.9  0.77  4.17  3.54 295 1028.4   3.6  10.4 999.0 99.0 99.00
2019 12 07 21 50 328  6.5  8.8  0.75  3.85  3.39 291 1029.1   3.4  10.5 999.0 99.0 99.00
2019 12 07 22 50 323  6.0  8.6  0.67  4.00  3.51 288 1030.1   3.8  10.5 999.0 99.0 99.00
2019 12 07 23 50 331  7.4  9.9  0.63  3.57  3.23 302 1030.4   3.9  10.4 999.0 99.0 99.00
2019 12 08 00 50 332  8.6 11.2  0.72  3.33  3.38 319 1030.9   3.6  10.4 999.0 99.0 99.00
2019 12 08 01 50 327  8.9 11.5  0.87  4.00  3.52 321 1031.5   3.1  10.4 999.0 99.0 99.00
2019 12 08 02 50 350  7.7  9.1  0.92  4.35  3.64 316 1032.1   2.7  10.4 999.0 99.0 99.00
2019 12 08 03 50 349  6.5  8.1  0.77  4.00  3.61 320 1032.6   2.6  10.4 999.0 99.0 99.00
2019 12 08 04 50 353  6.0  7.7  0.80  4.35  3.73 294 1032.9   2.4  10.4 999.0 99.0 99.00
2019 12 08 05 50  16  4.4  6.3  0.65  4.55  3.55 290 1032.8   2.1  10.4 999.0 99.0 99.00
2019 12 08 06 50  14  5.0  7.1  0.63  4.35  3.44 281 1033.1   1.8  10.4 999.0 99.0 99.00
2019 12 08 07 50  17  4.6  6.2  0.59  3.57  3.44   4 1033.4   1.9  10.3 999.0 99.0 99.00
2019 12 08 08 50  13  3.7  6.3  0.55  3.45  3.40   2 1033.5   1.5  10.3 999.0 99.0 99.00
2019 12 08 09 50  32  3.6  5.4  0.54  4.17  3.36  57 1033.6   1.4  10.3 999.0 99.0 99.00
2019 12 08 10 50  42  2.2  4.1  0.54  4.17  3.54  53 1034.0   1.4  10.2 999.0 99.0 99.00
2019 12 08 11 50  41  2.3  3.6  0.50  3.70  3.65  56 1034.3   1.5  10.2 999.0 99.0 99.00
2019 12 08 12 50  97  2.4  4.0  0.51  4.55  3.68  65 1034.7   1.7  10.2 999.0 99.0 99.00
2019 12 08 13 50  60  1.6  3.7  0.45  4.35  3.66  57 1035.3   2.3  10.2 999.0 99.0 99.00
2019 12 08 14 50 116  2.1  3.4  0.40  4.17  3.64  59 1034.9   2.3  10.3 999.0 99.0 99.00
2019 12 08 15 50 156  2.2  3.8  0.37  3.85  3.65  61 1034.6   2.8  10.4 999.0 99.0 99.00
2019 12 08 16 50 153  2.9  4.4  0.35  3.03  3.56  46 1033.5   3.2  10.5 999.0 99.0 99.00
2019 12 08 17 50 164  4.2  5.8  0.33  3.45  3.61  51 1032.7   3.6  10.5 999.0 99.0 99.00
2019 12 08 18 50 176  3.8  5.6  0.30  7.69  3.67  89 1032.0   4.4  10.5 999.0 99.0 99.00
2019 12 08 19 50 202  6.2  7.8  0.31  6.25  3.47 156 1031.9   5.4  10.5 999.0 99.0 99.00
2019 12 08 20 50 198  6.1  7.6  0.38  2.47  3.03 191 1031.6   5.9  10.5 999.0 99.0 99.00
2019 12 08 21 50 204  7.2  8.6  0.45  2.86  2.99 182 1031.2   6.6  10.5 999.0 99.0 99.00
2019 12 08 22 50 192  7.1  8.4  0.58  3.13  3.12 188 1030.4   7.5  10.5 999.0 99.0 99.00
2019 12 08 23 50 190  7.6  9.4  0.72  3.33  3.29 191 1030.0   8.6  10.5 999.0 99.0 99.00
2019 12 09 00 50 191  8.4 10.1  0.88  3.85  3.59 176 1029.8   9.7  10.5 999.0 99.0 99.00
2019 12 09 01 50 189  9.0 10.9  1.09  4.17  3.85 184 1028.7  10.1  10.5 999.0 99.0 99.00
2019 12 09 02 50 197  9.3 10.8  1.10  4.76  3.89 173 1028.9  10.5  10.5 999.0 99.0 99.00
2019 12 09 03 50 180  8.3 10.0  1.19  5.00  4.09 183 1027.9  10.9  10.5 999.0 99.0 99.00
2019 12 09 04 50 181  8.4 10.0  1.35  5.00  4.31 175 1027.0  11.3  10.5 999.0 99.0 99.00
2019 12 09 05 50 182  7.6  8.8  1.38  5.26  4.28 174 1026.2  11.7  10.5 999.0 99.0 99.00
2019 12 09 06 50 167  7.7  9.3  1.29  5.26  4.29 172 1025.4  11.9  10.5 999.0 99.0 99.00
2019 12 09 07 50 175  7.6 10.9  1.28  5.26  4.33 167 1025.0  12.3  10.6 999.0 99.0 99.00
2019 12 09 08 50 175  4.7  5.6  1.20  5.88  4.30 161 1024.2  12.2  10.6 999.0 99.0 99.00
2019 12 09 09 50 183  6.8  9.2  1.29  5.26  4.40 172 1023.0  13.0  10.6 999.0 99.0 99.00
2019 12 09 10 50 189  7.6  9.3  1.17  5.88  4.35 171 1022.2  12.2  10.6 999.0 99.0 99.00
2019 12 09 11 50 170  9.1 10.7  1.27  5.56  4.36 165 1021.1  12.6  10.6 999.0 99.0 99.00
2019 12 09 12 50 169  9.4 13.3  1.32  5.56  4.45 163 1020.0  12.7  10.6 999.0 99.0 99.00
2019 12 09 13 50 166  9.7 11.9  1.34  5.88  4.45 158 1019.0  13.4  10.6 999.0 99.0 99.00
2019 12 09 14 50 176 10.7 12.4  1.68  5.56  4.65 169 1019.0  13.4  10.5 999.0 99.0 99.00
2019 12 09 15 50 204  9.1 10.7  2.24  7.14  5.35 138 1018.6  12.8  10.4 999.0 99.0 99.00
2019 12 09 16 50 205  6.8  7.7  2.25  6.67  5.45 163 1017.4  12.2  10.3 999.0 99.0 99.00
2019 12 09 17 50 198  7.7  9.2  2.11  7.14  5.51 149 1016.1  11.9  10.3 999.0 99.0 99.00
2019 12 09 18 50 212  7.8  9.3  2.43  7.14  5.82 159 1015.1  12.0  10.2 999.0 99.0 99.00
2019 12 09 19 50 218  7.6  9.5  2.95  8.33  6.38 169 1014.5  11.8  10.2 999.0 99.0 99.00
2019 12 09 20 50 215  6.5  7.7  3.44  9.09  6.99 173 1013.8  11.4  10.2 999.0 99.0 99.00
2019 12 09 21 50 195  6.3  7.8  3.43  8.33  6.93 165 1012.7  11.3  10.2 999.0 99.0 99.00
2019 12 09 22 50 200  7.7  9.5  3.01  9.09  6.75 166 1011.8  11.7  10.2 999.0 99.0 99.00
2019 12 09 23 50 195  8.1  9.5  2.39  8.33  6.21 164 1011.0  12.0  10.2 999.0 99.0 99.00
2019 12 10 00 50 197 12.5 14.6  2.60  9.09  6.30 150 1009.5  13.3  10.2 999.0 99.0 99.00
2019 12 10 01 50 197 12.6 15.1  2.66  8.33  5.95 161 1008.4  13.4  10.2 999.0 99.0 99.00
2019 12 10 02 50 211 12.5 14.7  3.15  8.33  6.30 143 1008.7  13.3  10.2 999.0 99.0 99.00
2019 12 10 03 50 216 11.9 14.4  3.26  8.33  6.48 154 1008.4  12.6  10.2 999.0 99.0 99.00
2019 12 10 04 50 220 11.7 13.7  3.45  9.09  6.65 150 1008.4  12.3  10.2 999.0 99.0 99.00
2019 12 10 05 50 221 10.5 12.5  3.25 10.00  6.47 161 1008.2  12.2  10.2 999.0 99.0 99.00
2019 12 10 06 50 223 10.0 12.3  3.08 10.00  6.54 153 1008.2  12.4  10.2 999.0 99.0 99.00
2019 12 10 07 50 225 10.5 12.2  3.23 10.00  6.79 167 1008.8  12.5  10.2 999.0 99.0 99.00
2019 12 10 08 50 219  9.6 11.1  3.12 10.00  6.59 151 1008.4  12.2  10.3 999.0 99.0 99.00
2019 12 10 09 50 220  8.7 10.0  3.25 10.00  7.03 154 1008.4  12.0  10.2 999.0 99.0 99.00
2019 12 10 10 50 218  8.4 10.1  3.41 10.81  7.02 150 1008.9  12.0  10.1 999.0 99.0 99.00
2019 12 10 11 50 219  8.0  9.5  3.48 10.00  7.10 153 1009.1  12.1   9.9 999.0 99.0 99.00
2019 12 10 12 50 218  8.5  9.8  2.99 12.12  6.97 147 1009.4  12.1   9.9 999.0 99.0 99.00
2019 12 10 13 50 219  8.9 10.5  3.28 10.00  7.23 150 1009.8  12.2   9.8 999.0 99.0 99.00
2019 12 10 14 50 223  9.7 11.5  2.97 10.81  6.81 153 1010.3  12.1   9.7 999.0 99.0 99.00
2019 12 10 15 50 220  8.9 10.3  3.20 10.81  7.15 154 1010.1  11.9   9.7 999.0 99.0 99.00
2019 12 10 16 50 221  8.2 10.2  2.91 10.81  6.92 151 1009.3  11.8   9.6 999.0 99.0 99.00
2019 12 10 17 50 226  7.0  8.5  2.93 10.81  6.82 147 1009.3  11.5   9.6 999.0 99.0 99.00
2019 12 10 18 50 238  6.0  7.2  2.90 10.81  6.85 146 1009.6  11.4   9.6 999.0 99.0 99.00
2019 12 10 19 50 219  4.5  5.3  2.79 10.81  6.85 149 1010.3  10.9   9.5 999.0 99.0 99.00
2019 12 10 20 50 223  4.8  6.1  2.90 10.81  7.22 152 1011.1  10.8   9.5 999.0 99.0 99.00
2019 12 10 21 50 229  3.5  4.4  2.71 10.81  6.94 150 1011.7  10.6   9.5 999.0 99.0 99.00
2019 12 10 22 50 248  4.5  5.6  2.76 10.81  7.16 154 1012.7  11.2   9.5 999.0 99.0 99.00
2019 12 10 23 50 266  5.2  6.5  2.51 10.81  6.94 144 1014.1  11.0   9.5 999.0 99.0 99.00
2019 12 11 00 50 284  7.3 10.6  2.37 10.81  7.01 144 1014.6  11.1   9.5 999.0 99.0 99.00
2019 12 11 01 50 292  9.5 12.3  2.42 10.81  7.11 150 1015.4  10.2   9.4 999.0 99.0 99.00
2019 12 11 02 50 277  9.4 11.2  2.16 10.81  6.23 141 1016.7   9.6   9.4 999.0 99.0 99.00
2019 12 11 03 50 300 10.5 12.8  2.14 10.00  5.99 147 1017.9   8.6   9.4 999.0 99.0 99.00
2019 12 11 04 50 293 11.1 13.7  2.25 10.00  5.60 142 1018.3   7.7   9.4 999.0 99.0 99.00
2019 12 11 05 50 294  8.3 10.2  1.95 10.00  5.56 155 1018.5   6.7   9.4 999.0 99.0 99.00
2019 12 11 06 50 311  8.4  9.9  2.13 10.00  6.17 156 1018.5   5.8   9.4 999.0 99.0 99.00
2019 12 11 07 50 312  8.1  9.8  1.81  9.09  5.81 154 1019.8   5.7   9.4 999.0 99.0 99.00
2019 12 11 08 50 325  8.9 11.5  1.68 10.00  5.54 182 1020.6   4.9   9.4 999.0 99.0 99.00
2019 12 11 09 50 343  8.4 10.0  1.86 10.00  5.96 150 1021.1   4.0   9.5 999.0 99.0 99.00
2019 12 11 10 50   9  9.6 11.2  1.67 10.00  5.63 143 1021.5   3.3   9.5 999.0 99.0 99.00
2019 12 11 11 50  16  9.8 11.8  1.59 10.00  4.98 142 1022.2   2.8   9.6 999.0 99.0 99.00
2019 12 11 12 50 360  9.3 10.9  1.74  9.09  5.01 155 1024.2   1.6   9.6 999.0 99.0 99.00
2019 12 11 13 50  13  8.8 10.3  1.68  9.09  5.11 165 1025.1   1.8   9.6 999.0 99.0 99.00
2019 12 11 14 50 356  8.6 10.6  1.59  9.09  4.98 141 1025.7   1.6   9.6 999.0 99.0 99.00
2019 12 11 15 50   9  8.6 10.0  1.49 10.00  4.90 153 1025.9   1.3   9.6 999.0 99.0 99.00
2019 12 11 16 50   3  5.5  7.7  1.52  9.09  5.21 162 1025.5   1.6   9.6 999.0 99.0 99.00
2019 12 11 17 50 347  4.0  5.4  1.27  9.09  5.17 154 1024.9   1.9   9.7 999.0 99.0 99.00
2019 12 11 18 50 315  2.6  4.3  1.28  9.09  5.68 164 1024.9   2.2   9.7 999.0 99.0 99.00
2019 12 11 19 50 297  3.1  4.7  1.31  9.09  6.24 151 1025.1   2.8   9.7 999.0 99.0 99.00
2019 12 11 20 50 274  4.6  6.2  1.17  9.09  6.04 154 1025.6   3.3   9.7 999.0 99.0 99.00
2019 12 11 21 50 254  7.5  9.8  1.05  9.09  5.50 145 1025.7   3.8   9.7 999.0 99.0 99.00
2019 12 11 22 50 264 11.1 13.4  1.12  9.09  4.91 131 1026.8   5.0   9.7 999.0 99.0 99.00
2019 12 11 23 50 273 11.1 14.1  1.43  9.09  4.44 131 1027.2   5.0   9.8 999.0 99.0 99.00
2019 12 12 01 50 290 14.8 17.9  1.89  5.00  4.69 279 1027.6   4.2   9.8 999.0 99.0 99.00
2019 12 12 02 50 299 13.9 17.6  2.22  5.88  4.96 279 1028.6   3.9   9.7 999.0 99.0 99.00
2019 12 12 03 50 306 14.2 17.6  2.44  6.25  5.15 302 1029.7   3.3   9.8 999.0 99.0 99.00
2019 12 12 04 50 311 13.5 17.3  2.45  6.25  5.32 308 1030.9   2.9   9.8 999.0 99.0 99.00
2019 12 12 05 50 311 12.6 15.6  2.09  6.25  5.04 300 1032.1   2.5   9.8 999.0 99.0 99.00
2019 12 12 06 50 318 12.4 14.9  1.77  5.88  4.86 285 1032.9   2.2   9.8 999.0 99.0 99.00
2019 12 12 07 50 330 12.3 16.0  1.64  5.56  4.72 295 1033.9   1.9   9.8 999.0 99.0 99.00
2019 12 12 08 50 334 11.5 14.3  1.52  5.56  4.55 290 1035.3   1.3   9.9 999.0 99.0 99.00
2019 12 12 09 50 335 10.6 13.3  1.49  5.26  4.45 297 1036.2   1.2  10.0 999.0 99.0 99.00
2019 12 12 10 50 329 11.4 13.4  1.62  4.55  4.39 338 1037.1   0.7  10.1 999.0 99.0 99.00
2019 12 12 11 50 329 10.5 13.2  1.56  5.26  4.53 321 1038.6   0.5  10.1 999.0 99.0 99.00
2019 12 12 12 50 329 10.0 12.2  1.40  4.76  4.24 317 1039.2   0.6  10.1 999.0 99.0 99.00
2019 12 12 13 50 348  8.5 11.5  1.30  5.00  4.15 319 1039.5   0.4  10.1 999.0 99.0 99.00
2019 12 12 14 50 358  7.3  9.2  1.13  5.00  4.07 295 1040.3   0.2  10.0 999.0 99.0 99.00
2019 12 12 15 50   1  5.8  7.7  0.96  4.76  3.90 296 1040.6   0.3  10.0 999.0 99.0 99.00
2019 12 12 16 50   7  3.9  5.9  0.83  3.70  3.85 334 1040.6   0.5   9.9 999.0 99.0 99.00
2019 12 12 17 50  25  3.2  5.1  0.72  3.33  3.80 344 1040.0   0.8   9.8 999.0 99.0 99.00
2019 12 12 18 50  39  2.2  3.6  0.65  9.09  3.80 132 1040.2   1.4   9.8 999.0 99.0 99.00
2019 12 12 19 50  28  1.8  2.9  0.61  7.69  4.10 126 1039.9   1.5   9.8 999.0 99.0 99.00
2019 12 12 20 50  41  1.7  2.7  0.54 10.00  3.93 129 1039.8   1.7   9.8 999.0 99.0 99.00
2019 12 12 21 50  99  1.2  2.5  0.54  8.33  4.14 138 1039.7   1.8   9.8 999.0 99.0 99.00
2019 12 12 22 50 121  2.0  3.5  0.51  9.09  3.93 142 1039.8   2.2   9.9 999.0 99.0 99.00
2019 12 12 23 50  86  2.1  3.8  0.49 10.00  4.31 128 1039.8   2.6   9.9 999.0 99.0 99.00
2019 12 13 00 50 120  3.3  4.7  0.47 10.00  4.63 135 1039.5   3.0   9.9 999.0 99.0 99.00
2019 12 13 01 50 130  3.3  4.5  0.45  9.09  4.94 140 1039.2   3.6   9.9 999.0 99.0 99.00
2019 12 13 02 50 138  4.8  6.3  0.46 10.00  5.10 131 1038.7   4.3   9.9 999.0 99.0 99.00
2019 12 13 03 50 158  4.0  5.7  0.44 10.00  4.26 117 1038.1   5.1   9.9 999.0 99.0 99.00
2019 12 13 04 50 146  5.6  8.4  0.55  9.09  4.38 133 1037.2   5.9   9.9 999.0 99.0 99.00
2019 12 13 05 50 155  6.3  8.2  0.57  9.09  3.56 174 1035.7   6.5   9.9 999.0 99.0 99.00
2019 12 13 06 50 147  7.2  9.0  0.63 10.00  3.62 122 1034.7   7.4   9.9 999.0 99.0 99.00
2019 12 13 07 50 148  7.0  9.0  0.80  3.45  3.70 131 1034.0   7.5  10.0 999.0 99.0 99.00
2019 12 13 08 50 133  8.1 10.3  0.90  3.45  3.71 131 1032.9   7.9  10.0 999.0 99.0 99.00
2019 12 13 09 50 130  8.8 10.6  0.93  4.17  3.77 139 1031.8   8.6  10.1 999.0 99.0 99.00
2019 12 13 10 50 130  8.6 10.3  1.11  4.55  3.87 132 1031.3   9.1  10.2 999.0 99.0 99.00
2019 12 13 11 50 130  8.7 10.3  1.19  4.55  4.04 139 1030.4   9.8  10.3 999.0 99.0 99.00
2019 12 13 12 50 130  9.1 10.5  1.41  5.00  4.35 127 1029.5  10.4  10.3 999.0 99.0 99.00
2019 12 13 13 50 132  7.9 10.0  1.51  5.56  4.61 134 1029.5  10.9  10.3 999.0 99.0 99.00
2019 12 13 14 50 145  6.7  8.4  1.59  5.56  4.79 124 1029.6  11.2  10.3 999.0 99.0 99.00
2019 12 13 15 50 143  5.8  6.9  1.68  6.25  5.05 120 1028.6  11.4  10.3 999.0 99.0 99.00
2019 12 13 16 50 141  6.5  7.6  1.71  6.67  5.19 125 1026.7  11.8  10.2 999.0 99.0 99.00
2019 12 13 17 50 131  5.9  7.3  1.96  7.14  5.47 135 1025.3  12.1  10.2 999.0 99.0 99.00
2019 12 13 18 50 128  6.2  7.2  1.88  6.67  5.35 120 1024.1  12.2  10.2 999.0 99.0 99.00
2019 12 13 19 50 134  6.7  8.1  2.14  7.14  5.63 130 1023.1  12.2  10.2 999.0 99.0 99.00
2019 12 13 20 50 144  6.6  8.0  2.29  7.69  5.69 135 1022.8  12.1  10.2 999.0 99.0 99.00
2019 12 13 21 50 125  5.4  6.7  2.34  7.14  5.84 136 1021.9  12.0  10.2 999.0 99.0 99.00
2019 12 13 22 50 110  6.6  7.7  2.28  7.69  5.69 124 1020.8  12.0  10.3 999.0 99.0 99.00
2019 12 13 23 50 108  7.9  9.4  2.31  8.33  5.92 132 1019.2  12.2  10.3 999.0 99.0 99.00
2019 12 14 00 50 115  9.4 10.7  2.27  8.33  5.75 134 1018.1  12.3  10.3 999.0 99.0 99.00
2019 12 14 01 50 101  8.7 10.2  2.30  7.69  5.77 112 1016.3  12.3  10.4 999.0 99.0 99.00
2019 12 14 02 50 111 10.1 11.9  2.37  8.33  6.06 117 1014.6  12.6  10.4 999.0 99.0 99.00
2019 12 14 03 50 100  9.9 12.1  2.26  8.33  5.70 121 1012.4  12.7  10.4 999.0 99.0 99.00
2019 12 14 04 50 106 10.7 13.3  2.53  8.33  6.12 131 1010.0  12.8  10.4 999.0 99.0 99.00
2019 12 14 05 50 115  9.2 13.1  2.53  8.33  5.87 123 1007.5  12.7  10.4 999.0 99.0 99.00
2019 12 14 06 50 138 10.0 12.2  2.70  8.33  6.09 119 1005.2  13.6  10.5 999.0 99.0 99.00
2019 12 14 07 50 160 10.0 11.8  2.73  8.33  6.05 119 1004.1  13.6  10.6 999.0 99.0 99.00
2019 12 14 08 50 155  8.4  9.8  2.70  8.33  6.02 117 1002.6  13.3  10.6 999.0 99.0 99.00
2019 12 14 09 50 153  8.7  9.9  3.26  9.09  6.79 116 1001.0  13.3  10.6 999.0 99.0 99.00
2019 12 14 10 50 171  8.5 10.2  2.90  8.33  6.33 116 1000.1  13.2  10.7 999.0 99.0 99.00
2019 12 14 11 50 171  7.4  8.7  2.83  9.09  6.41 118  999.2  13.1  10.8 999.0 99.0 99.00
2019 12 14 12 50 178  5.7  6.8  2.76  8.33  6.39 119  998.4  12.9  10.8 999.0 99.0 99.00
2019 12 14 13 50 176  3.7  4.4  2.75  9.09  6.65 124  997.5  12.2  10.8 999.0 99.0 99.00
2019 12 14 14 50 171  4.7  5.4  2.67  9.09  6.98 116  997.4  12.4  10.8 999.0 99.0 99.00
2019 12 14 15 50 165  3.7  4.6  2.82 10.00  7.19 125  996.1  12.2  10.8 999.0 99.0 99.00
2019 12 14 16 50 161  4.5  5.6  2.76  9.09  7.29 126  993.6  12.5  10.8 999.0 99.0 99.00
2019 12 14 17 50 182  7.1  8.5  2.58  9.09  7.15 107  992.4  12.5  10.7 999.0 99.0 99.00
2019 12 14 18 50 192  9.0 10.9  3.19 10.00  7.73 132  991.3  12.6  10.6 999.0 99.0 99.00
2019 12 14 19 50 200 11.4 15.1  3.79 10.81  8.27 123  990.2  13.1  10.6 999.0 99.0 99.00
2019 12 14 20 50 205 10.7 13.2  3.91 11.43  8.00 148  989.9  12.5  10.6 999.0 99.0 99.00
2019 12 14 21 50 216 12.7 15.2  3.67 12.12  7.48 139  989.7  11.7  10.6 999.0 99.0 99.00
2019 12 14 22 50 222 11.5 13.4  4.01 11.43  7.70 149  989.8  11.0  10.6 999.0 99.0 99.00
2019 12 14 23 50 233 10.2 12.4  3.71 11.43  7.37 146  990.6  11.0  10.7 999.0 99.0 99.00
2019 12 15 00 50 248 12.2 15.0  3.67 12.12  7.44 145  991.6  10.6  10.7 999.0 99.0 99.00
2019 12 15 01 50 250 12.1 15.0  3.71 12.12  7.35 144  992.1  10.6  10.7 999.0 99.0 99.00
2019 12 15 02 50 258 13.6 17.0  3.50 10.81  6.93 159  992.9  10.4  10.6 999.0 99.0 99.00
2019 12 15 03 50 269 14.7 17.9  3.41 10.81  6.64 148  994.0   9.1  10.6 999.0 99.0 99.00
2019 12 15 04 50 270 13.6 16.8  3.30 10.81  6.38 156  995.4   8.5  10.6 999.0 99.0 99.00
2019 12 15 05 50 273 14.1 17.3  3.54 11.43  6.51 154  996.4   8.0  10.5 999.0 99.0 99.00
2019 12 15 06 50 275 14.2 18.1  3.37  6.67  6.44 266  998.0   7.9  10.4 999.0 99.0 99.00
2019 12 15 07 50 275 14.4 18.8  3.32  6.25  6.24 278  999.4   7.7  10.4 999.0 99.0 99.00
2019 12 15 08 50 272 14.0 17.6  3.14  6.25  6.06 279 1000.7   7.9  10.4 999.0 99.0 99.00
2019 12 15 09 50 269 13.8 17.6  3.08  6.25  6.19 271 1002.0   8.1  10.5 999.0 99.0 99.00
2019 12 15 10 50 269 14.4 18.0  3.14  6.25  5.95 276 1003.5   8.1  10.5 999.0 99.0 99.00
2019 12 15 11 50 268 13.0 16.0  3.13  6.25  6.14 262 1004.7   8.1  10.5 999.0 99.0 99.00
2019 12 15 12 50 262 12.7 15.2  2.83 10.81  5.86 140 1005.9   8.2  10.6 999.0 99.0 99.00
2019 12 15 13 50 256 11.1 14.3  2.56 10.00  5.64 154 1007.2   8.2  10.6 999.0 99.0 99.00
2019 12 15 14 50 261 12.1 14.9  2.39 10.00  5.65 165 1008.1   8.4  10.6 999.0 99.0 99.00
2019 12 15 15 50 260 11.0 13.7  2.43 10.00  5.60 163 1008.6   8.8  10.5 999.0 99.0 99.00
2019 12 15 16 50 267 12.3 15.2  2.33 10.00  5.29 162 1008.5   9.3  10.5 999.0 99.0 99.00
2019 12 15 17 50 278 13.9 17.1  2.37  6.25  5.48 195 1009.1   9.1  10.4 999.0 99.0 99.00
2019 12 15 18 50 277 15.0 18.2  2.37  4.76  5.15 282 1009.5   9.3  10.3 999.0 99.0 99.00
2019 12 15 19 50 292 13.3 15.6  2.41  5.00  5.30 291 1010.7   8.3  10.3 999.0 99.0 99.00
2019 12 15 20 50 289 14.5 17.4  2.72  6.25  5.57 274 1012.5   8.0  10.2 999.0 99.0 99.00
2019 12 15 21 50 290 14.6 18.3  2.85  6.25  5.80 283 1013.8   7.7  10.1 999.0 99.0 99.00
2019 12 15 22 50 285 14.8 18.5  2.83  5.88  5.64 273 1015.4   7.4  10.1 999.0 99.0 99.00
2019 12 15 23 50 283 14.1 16.9  2.65  5.88  5.51 278 1016.7   7.1  10.1 999.0 99.0 99.00
2019 12 16 00 50 284 11.9 14.6  2.50  6.25  5.51 271 1017.7   6.8  10.0 999.0 99.0 99.00
2019 12 16 01 50 285 11.9 14.8  2.16  5.88  5.24 290 1018.1   6.5  10.0 999.0 99.0 99.00
2019 12 16 02 50 287 10.9 14.8  2.04  5.56  5.06 292 1019.1   6.1  10.0 999.0 99.0 99.00
2019 12 16 03 50 300 10.4 13.3  1.93  5.56  5.06 294 1020.0   6.0   9.9 999.0 99.0 99.00
2019 12 16 04 50 312  9.5 11.6  1.74  5.00  4.74 294 1020.9   5.6   9.9 999.0 99.0 99.00
2019 12 16 05 50 307  9.7 12.0  1.59  5.00  4.64 266 1021.5   5.1   9.8 999.0 99.0 99.00
2019 12 16 06 50 318  7.3  9.2  1.50  4.76  4.63 292 1022.3   4.7   9.8 999.0 99.0 99.00
2019 12 16 07 50 302  7.6 10.1  1.27 10.00  4.46 146 1023.2   4.8   9.7 999.0 99.0 99.00
2019 12 16 08 50 321  8.5 10.4  1.21 10.00  4.51 149 1023.6   4.0   9.7 999.0 99.0 99.00
2019 12 16 09 50 317  7.1  8.7  1.23 10.00  4.45 151 1023.5   3.8   9.7 999.0 99.0 99.00
2019 12 16 10 50 322  7.7 10.6  1.09  4.00  4.24 305 1024.1   3.6   9.7 999.0 99.0 99.00
2019 12 16 11 50 330  7.7  9.8  1.15 10.00  4.54 153 1024.6   3.1   9.7 999.0 99.0 99.00
2019 12 16 12 50 327  6.4  7.9  1.03  4.00  4.24 313 1024.6   2.9   9.7 999.0 99.0 99.00
2019 12 16 13 50 329  5.6  7.1  0.89 10.00  4.20 130 1025.2   3.1   9.7 999.0 99.0 99.00
2019 12 16 14 50 332  5.0  6.8  0.80  9.09  4.27 145 1025.8   3.3   9.7 999.0 99.0 99.00
2019 12 16 15 50 323  3.5  5.5  0.73 10.00  4.38 156 1025.5   3.0   9.7 999.0 99.0 99.00
2019 12 16 16 50 326  2.6  4.7  0.65  9.09  4.53 160 1025.0   2.9   9.7 999.0 99.0 99.00
2019 12 16 17 50 322  3.7  5.4  0.62  9.09  5.03 154 1024.0   2.9   9.7 999.0 99.0 99.00
2019 12 16 18 50 347  4.2  5.9  0.64  9.09  5.64 143 1024.1   2.8   9.7 999.0 99.0 99.00
2019 12 16 19 50 348  5.3  7.2  0.65  8.33  5.78 150 1024.3   2.9   9.7 999.0 99.0 99.00
2019 12 16 20 50   4  5.4  8.3  0.62  9.09  5.15 152 1023.5   3.3   9.7 999.0 99.0 99.00
2019 12 16 21 50   6  4.2  5.4  0.64  9.09  4.81 157 1023.8   3.3   9.7 999.0 99.0 99.00
2019 12 16 22 50  13  3.6  5.5  0.65  9.09  5.38 147 1023.9   3.6   9.6 999.0 99.0 99.00
2019 12 16 23 50  45  3.9  5.4  0.61  9.09  5.58 155 1023.6   3.9   9.6 999.0 99.0 99.00
2019 12 17 00 50  62  4.0  5.1  0.60  9.09  6.06 167 1023.1   3.9   9.6 999.0 99.0 99.00
2019 12 17 01 50  62  4.3  5.4  0.61  9.09  6.23 157 1022.4   4.0   9.6 999.0 99.0 99.00
2019 12 17 02 50  77  4.8  6.3  0.59  9.09  6.52 164 1021.7   4.2   9.6 999.0 99.0 99.00
2019 12 17 03 50  76  5.9  7.3  0.61  9.09  5.55 155 1020.8   4.3   9.6 999.0 99.0 99.00
2019 12 17 04 50  59  6.1  7.4  0.61  9.09  4.82 151 1020.1   4.4   9.6 999.0 99.0 99.00
2019 12 17 05 50  66  7.4  9.3  0.75  9.09  4.26 158 1019.0   4.2   9.7 999.0 99.0 99.00
2019 12 17 06 50  59  7.4  9.0  0.81  9.09  4.14 159 1018.9   4.1   9.7 999.0 99.0 99.00
2019 12 17 07 50  81  9.7 11.5  0.86  3.45  3.91  72 1016.7   5.0   9.7 999.0 99.0 99.00
2019 12 17 08 50  80  9.9 12.2  1.04  4.00  3.99  71 1014.9   6.1   9.7 999.0 99.0 99.00
2019 12 17 09 50  79  9.5 11.2  1.26  4.17  4.07  80 1013.7   6.8   9.7 999.0 99.0 99.00
2019 12 17 10 50  77  9.0 10.8  1.27  4.55  4.19  75 1013.2   7.3   9.8 999.0 99.0 99.00
2019 12 17 11 50  71  9.6 11.5  1.45  4.76  4.43  69 1012.1   8.0   9.8 999.0 99.0 99.00
2019 12 17 12 50  71 10.6 12.8  1.54  5.26  4.37  90 1010.4   8.2   9.8 999.0 99.0 99.00
2019 12 17 13 50  65 11.0 13.2  1.91  5.56  4.74  74 1008.8   8.2   9.8 999.0 99.0 99.00
2019 12 17 14 50  71  8.9 11.3  2.02  5.88  5.00  77 1008.9   8.4   9.8 999.0 99.0 99.00
2019 12 17 15 50  63  9.8 12.4  2.25  5.88  5.17  78 1007.0   8.6   9.8 999.0 99.0 99.00
2019 12 17 16 50  66  9.1 10.8  2.14  6.25  5.16  76 1005.4   8.7   9.8 999.0 99.0 99.00
2019 12 17 17 50  58  8.0  9.7  1.97  6.67  5.24  81 1003.9   8.9   9.8 999.0 99.0 99.00
2019 12 17 18 50  48  7.9  9.2  2.04  6.67  5.32  77 1003.2   8.6   9.8 999.0 99.0 99.00
2019 12 17 19 50  42  8.8 11.0  1.83  6.67  5.25  76 1002.3   7.9   9.8 999.0 99.0 99.00
2019 12 17 20 50  24  7.8  9.6  1.94  6.67  5.17  84 1003.1   7.2   9.7 999.0 99.0 99.00
2019 12 17 21 50  24  8.4 10.4  1.74  6.67  5.03  65 1002.7   5.1   9.7 999.0 99.0 99.00
2019 12 17 22 50 360  9.4 10.7  1.79  6.67  5.17  72 1003.1   4.9   9.7 999.0 99.0 99.00
2019 12 17 23 50 353  8.3 10.1  1.69  6.67  5.01  76 1003.9   3.9   9.6 999.0 99.0 99.00
2019 12 18 00 50 341  8.5 10.6  1.68  6.67  4.87  80 1004.2   3.3   9.6 999.0 99.0 99.00
2019 12 18 01 50 330  8.5 10.1  1.70  6.67  4.95 101 1004.0   3.1   9.5 999.0 99.0 99.00
2019 12 18 02 50 327 10.1 12.7  1.75  6.25  4.91  79 1004.4   3.3   9.5 999.0 99.0 99.00
2019 12 18 03 50 318 11.8 14.0  1.80  7.14  4.92 145 1005.2   3.6   9.4 999.0 99.0 99.00
2019 12 18 04 50 331 13.1 15.8  2.01  4.76  4.94 321 1003.9   3.8   9.4 999.0 99.0 99.00
2019 12 18 05 50 323 12.7 15.6  1.95  5.26  5.01 307 1006.3   3.4   9.4 999.0 99.0 99.00
2019 12 18 06 50 325 12.9 15.7  1.93  5.00  4.98 319 1006.2   3.1   9.4 999.0 99.0 99.00
2019 12 18 07 50 322 12.7 15.5  1.83  5.26  4.70 305 1007.3   3.1   9.3 999.0 99.0 99.00
2019 12 18 08 50 321 13.2 16.5  1.76  5.26  4.67 306 1007.1   3.2   9.3 999.0 99.0 99.00
2019 12 18 09 50 323 12.2 14.8  1.95  5.88  4.77 282 1008.1   3.2   9.2 999.0 99.0 99.00
2019 12 18 10 50 313 11.9 14.5  1.96  5.88  4.96 293 1009.0   3.3   9.2 999.0 99.0 99.00
2019 12 18 11 50 318 13.1 16.4  1.89  5.56  4.82 293 1009.9   3.0   9.1 999.0 99.0 99.00
2019 12 18 12 50 319 11.0 13.5  1.93  5.88  4.93 289 1010.5   3.3   9.1 999.0 99.0 99.00
2019 12 18 13 50 314  8.9 11.3  1.51  5.56  4.61 293 1011.0   3.3   9.1 999.0 99.0 99.00
2019 12 18 14 50 297  8.6 11.1  1.28  5.56  4.56 296 1011.5   3.3   9.1 999.0 99.0 99.00
2019 12 18 15 50 287  7.0  9.0  1.17  5.26  4.38 290 1010.7   3.1   9.2 999.0 99.0 99.00
2019 12 18 16 50 269  8.2 10.0  1.11  4.55  4.25 295 1009.7   3.8   9.3 999.0 99.0 99.00
2019 12 18 17 50 273  9.3 11.5  1.03  4.55  4.01 301 1009.0   4.1   9.4 999.0 99.0 99.00
2019 12 18 18 50 281 11.0 14.0  1.20  4.35  4.06 294 1008.7   4.3   9.4 999.0 99.0 99.00
2019 12 18 19 50 291 13.9 17.3  1.63  5.26  4.46 287 1008.9   3.2   9.4 999.0 99.0 99.00
2019 12 18 20 50 282 12.8 15.9  2.41  5.88  5.03 301 1009.9   3.0   9.4 999.0 99.0 99.00
2019 12 18 21 50 282 13.2 16.4  2.22  5.88  4.95 294 1010.6   3.4   9.4 999.0 99.0 99.00
2019 12 18 22 50 283 14.1 17.5  2.18  6.25  5.04 285 1011.3   3.3   9.4 999.0 99.0 99.00
2019 12 18 23 50 301 12.2 15.6  2.18  6.25  5.17 283 1012.4   1.9   9.3 999.0 99.0 99.00
2019 12 19 00 50 278 14.2 17.8  2.08  6.25  5.09 287 1012.4   2.2   9.4 999.0 99.0 99.00
2019 12 19 01 50 295 16.1 20.7  2.29  6.25  5.25 292 1012.6   1.8   9.4 999.0 99.0 99.00
2019 12 19 02 50 308 15.4 18.3  2.49  6.67  5.27 288 1013.4  -0.3   9.4 999.0 99.0 99.00
2019 12 19 03 50 307 15.4 18.1  2.30  7.14  5.20 283 1014.8  -0.6   9.5 999.0 99.0 99.00
2019 12 19 04 50 318 14.0 17.4  2.25  6.25  5.18 289 1015.9  -1.5   9.5 999.0 99.0 99.00
2019 12 19 05 50 296 16.5 20.5  2.42  7.14  5.24 279 1016.8  -2.2   9.5 999.0 99.0 99.00
2019 12 19 06 50 301 14.2 17.0  2.53  6.67  5.34 296 1018.3  -3.3   9.5 999.0 99.0 99.00
2019 12 19 07 50 295 14.5 18.7  2.44  6.67  5.29 288 1019.7  -4.0   9.5 999.0 99.0 99.00
2019 12 19 08 50 306 15.1 19.4  2.52  6.67  5.41 297 1020.8  -4.7   9.5 999.0 99.0 99.00
2019 12 19 09 50 307 15.3 19.2  2.55  6.67  5.31 293 1021.7  -4.7   9.5 999.0 99.0 99.00
2019 12 19 10 50 310 15.4 19.5  2.39  6.25  5.12 298 1022.3  -5.0   9.4 999.0 99.0 99.00
2019 12 19 11 50 314 14.2 18.1  2.47  6.67  5.26 290 1023.8  -5.0   9.4 999.0 99.0 99.00
2019 12 19 12 50 309 13.5 16.9  2.29  6.25  5.17 301 1024.8  -4.8   9.4 999.0 99.0 99.00
2019 12 19 13 50 306 12.3 15.6  2.13  6.67  5.05 297 1025.8  -4.3   9.4 999.0 99.0 99.00
2019 12 19 14 50 300 11.3 15.4  1.86  6.25  4.81 296 1026.7  -4.6   9.4 999.0 99.0 99.00
2019 12 19 15 50 300 11.8 14.5  1.74  5.56  4.67 292 1026.6  -4.1   9.4 999.0 99.0 99.00
2019 12 19 16 50 296 11.5 15.3  1.77  5.88  4.67 295 1026.4  -4.1   9.4 999.0 99.0 99.00
2019 12 19 17 50 300 11.6 14.5  1.72  5.88  4.65 296 1026.1  -3.7   9.4 999.0 99.0 99.00
2019 12 19 18 50 301 12.2 15.0  1.63  5.26  4.56 297 1026.1  -2.8   9.4 999.0 99.0 99.00
2019 12 19 19 50 293 12.5 15.7  1.67  5.56  4.49 296 1026.6  -2.1   9.4 999.0 99.0 99.00
2019 12 19 20 50 302 11.2 14.1  1.81  5.88  4.62 298 1027.2  -1.4   9.3 999.0 99.0 99.00
2019 12 19 21 50 302 12.8 15.6  1.91  5.88  4.65 298 1027.0  -1.2   9.2 999.0 99.0 99.00
2019 12 19 22 50 304 12.9 16.8  1.60  5.56  4.39 302 1027.5  -1.0   9.1 999.0 99.0 99.00
2019 12 19 23 50 305 10.9 14.8  1.76  5.26  4.55 305 1028.7  -1.2   9.0 999.0 99.0 99.00
2019 12 20 00 50 309 11.4 14.3  1.61  5.56  4.46 299 1029.3  -1.6   8.9 999.0 99.0 99.00
2019 12 20 01 50 314 10.9 13.4  1.52  5.26  4.45 300 1029.7  -1.9   8.8 999.0 99.0 99.00
2019 12 20 02 50 316 12.0 14.4  1.42  5.56  4.27 303 1029.6  -1.6   8.9 999.0 99.0 99.00
2019 12 20 03 50 317 10.4 13.0  1.51  5.56  4.34 297 1030.1  -1.7   8.9 999.0 99.0 99.00
2019 12 20 04 50 318  9.4 12.0  1.33  5.26  4.20 301 1030.2  -1.7   8.9 999.0 99.0 99.00
2019 12 20 05 50 317 11.0 13.8  1.20  4.76  4.07 301 1029.9  -1.5   8.9 999.0 99.0 99.00
2019 12 20 06 50 318  9.1 12.0  1.08  4.76  3.80 301 1030.6  -1.5   8.9 999.0 99.0 99.00
2019 12 20 07 50 315  9.1 12.3  1.01  4.55  3.69 295 1031.1  -1.6   8.9 999.0 99.0 99.00
2019 12 20 08 50 312 10.3 13.0  0.99  4.55  3.67 290 1031.0  -1.6   8.8 999.0 99.0 99.00
2019 12 20 09 50 319 11.0 13.6  1.08  4.76  3.71 288 1031.0  -1.0   8.7 999.0 99.0 99.00
2019 12 20 10 50 314 10.6 12.8  1.17  4.76  3.84 294 1031.4  -1.2   8.7 999.0 99.0 99.00
2019 12 20 11 50 308  9.8 11.9  1.10  4.76  3.85 299 1031.7  -1.1   8.7 999.0 99.0 99.00
2019 12 20 12 50 329  9.0 11.3  1.04  4.76  3.80 293 1032.7  -1.3   8.6 999.0 99.0 99.00
2019 12 20 13 50 324  8.5 11.1  0.91  4.35  3.60 305 1033.1  -1.3   8.6 999.0 99.0 99.00
2019 12 20 14 50 328  8.4 11.0  0.90  4.76  3.72 292 1033.7  -1.1   8.6 999.0 99.0 99.00
2019 12 20 15 50 326  8.4 11.0  0.94  4.00  3.69 315 1033.4  -1.1   8.7 999.0 99.0 99.00
2019 12 20 16 50 326  8.7 11.9  0.89  4.35  3.60 289 1032.9  -0.8   8.7 999.0 99.0 99.00
2019 12 20 17 50 327  9.6 12.5  1.00  4.35  3.65 301 1032.3  -0.2   8.7 999.0 99.0 99.00
2019 12 20 18 50 322  8.6 10.9  1.12  4.55  3.80 309 1032.7   0.4   8.7 999.0 99.0 99.00
2019 12 20 19 50 327  9.1 11.2  1.16  4.55  3.92 318 1032.8   1.0   8.6 999.0 99.0 99.00
2019 12 20 20 50 333  8.0 10.6  1.01  4.55  3.75 311 1033.7   1.4   8.7 999.0 99.0 99.00
2019 12 20 21 50 339  8.6 10.3  0.91  4.35  3.69 291 1034.2   1.7   8.6 999.0 99.0 99.00
2019 12 20 22 50 344  9.0 11.2  1.07  4.35  3.72 307 1034.7   1.5   8.5 999.0 99.0 99.00
2019 12 20 23 50 339  9.5 12.0  1.10  4.35  3.73 315 1035.4   1.6   8.5 999.0 99.0 99.00
2019 12 21 00 50 350  8.5 11.3  1.07  4.35  3.72 328 1035.8   1.5   8.4 999.0 99.0 99.00
2019 12 21 01 50 347  7.8  9.7  0.90  4.17  3.66 330 1036.0   1.3   8.4 999.0 99.0 99.00
2019 12 21 02 50 349  6.9  8.3  0.82  4.00  3.59 320 1036.4   1.0   8.4 999.0 99.0 99.00
2019 12 21 03 50   3  6.6  8.3  0.86  3.85  3.53 358 1036.5   0.8   8.5 999.0 99.0 99.00
2019 12 21 04 50   1  6.7  8.4  0.79  3.85  3.58 356 1036.2   0.9   8.6 999.0 99.0 99.00
2019 12 21 05 50  13  6.3  8.0  0.78  3.70  3.50 350 1036.2   0.7   8.7 999.0 99.0 99.00
2019 12 21 06 50  21  5.3  6.5  0.71  3.70  3.43 360 1036.7   0.6   8.7 999.0 99.0 99.00
2019 12 21 07 50  18  5.8  7.5  0.71  3.45  3.44 359 1037.1   0.7   8.7 999.0 99.0 99.00
2019 12 21 08 50  24  5.2  6.8  0.69  3.70  3.42  11 1036.9   0.8   8.7 999.0 99.0 99.00
2019 12 21 09 50  46  5.2  6.6  0.66  3.57  3.39  14 1036.2   1.0   8.7 999.0 99.0 99.00
2019 12 21 10 50  50  4.4  5.8  0.66  3.70  3.52  28 1036.4   1.5   8.7 999.0 99.0 99.00
2019 12 21 11 50  49  3.7  5.3  0.59  3.85  3.52  43 1036.5   2.0   8.7 999.0 99.0 99.00
2019 12 21 12 50  58  1.7  2.7  0.54  4.00  3.55  57 1037.1   2.4   8.7 999.0 99.0 99.00
2019 12 21 13 50  59  1.8  3.4  0.46  3.85  3.46  57 1037.1   3.1   8.7 999.0 99.0 99.00
2019 12 21 14 50 351  2.0  2.9  0.44  3.57  3.61  75 1037.6   3.2   8.7 999.0 99.0 99.00
2019 12 21 15 50 334  4.9  5.8  0.43  3.70  3.66  62 1037.1   2.2   8.7 999.0 99.0 99.00
2019 12 21 16 50 340  4.0  5.5  0.42  3.45  3.52  77 1035.7   1.8   8.8 999.0 99.0 99.00
2019 12 21 17 50 355  4.4  5.4  0.41  6.25  3.71  83 1034.5   1.9   8.8 999.0 99.0 99.00
2019 12 21 18 50  21  3.9  4.8  0.39  5.88  3.92  89 1033.6   2.5   8.9 999.0 99.0 99.00
2019 12 21 19 50  36  3.0  4.0  0.39  6.25  4.14  85 1033.3   3.3   8.9 999.0 99.0 99.00
2019 12 21 20 50  62  3.0  4.2  0.39  9.09  4.35 161 1032.9   3.8   9.0 999.0 99.0 99.00
2019 12 21 21 50  57  2.6  3.7  0.39  9.09  4.40 164 1032.5   4.5   9.0 999.0 99.0 99.00
2019 12 21 22 50  17  2.0  3.1  0.39  9.09  4.27 141 1032.9   4.8   9.0 999.0 99.0 99.00
2019 12 21 23 50   8  1.5  2.4  0.35 10.00  4.67 143 1032.7   4.8   9.0 999.0 99.0 99.00
2019 12 22 00 50  32  2.0  2.6  0.36 10.81  4.91 147 1032.2   4.9   8.9 999.0 99.0 99.00
2019 12 22 01 50  17  1.0  1.6  0.37  6.67  4.83 113 1031.9   5.1   8.9 999.0 99.0 99.00
2019 12 22 02 50 335  0.9  1.8  0.37  6.25  4.95  98 1031.8   5.1   8.9 999.0 99.0 99.00
2019 12 22 03 50 338  0.3  0.8  0.39  6.25  4.99  93 1031.6   5.2   8.9 999.0 99.0 99.00
2019 12 22 04 50 243  2.7  3.8  0.39  5.88  5.12  80 1030.9   5.8   9.0 999.0 99.0 99.00
2019 12 22 05 50 277  5.4  6.8  0.41  5.56  5.30  88 1030.4   5.5   9.0 999.0 99.0 99.00
2019 12 22 06 50 290  5.8  7.0  0.45  5.56  4.17  94 1030.6   5.2   9.1 999.0 99.0 99.00
2019 12 22 07 50 277  4.3  5.9  0.55  3.03  3.65 262 1030.1   4.5   9.2 999.0 99.0 99.00
2019 12 22 08 50 274  5.2  6.2  0.53  3.13  3.44 247 1029.4   4.4   9.2 999.0 99.0 99.00
2019 12 22 09 50 283  4.9  6.2  0.61  3.03  3.53 260 1029.0   4.3   9.2 999.0 99.0 99.00
2019 12 22 10 50 277  5.6  6.8  0.65  3.33  3.60 268 1028.9   4.1   9.1 999.0 99.0 99.00
2019 12 22 11 50 272  4.4  5.4  0.62  3.57  3.64 265 1029.2   4.1   9.1 999.0 99.0 99.00
2019 12 22 12 50 259  6.4  7.6  0.60  3.45  3.64 279 1029.1   4.5   9.1 999.0 99.0 99.00
2019 12 22 13 50 262  7.4  8.8  0.62  3.57  3.41 268 1028.7   4.3   9.0 999.0 99.0 99.00
2019 12 22 14 50 269  7.5  8.8  0.75  3.45  3.50 267 1028.9   4.6   9.0 999.0 99.0 99.00
2019 12 22 15 50 252  7.9  9.3  0.89  4.17  3.75 284 1027.8   4.8   9.0 999.0 99.0 99.00
2019 12 22 16 50 252  8.1  9.8  0.86  3.85  3.77 262 1026.3   4.9   9.1 999.0 99.0 99.00
2019 12 22 17 50 246  8.9 10.5  0.93  4.00  3.77 267 1025.8   5.5   9.1 999.0 99.0 99.00
2019 12 22 18 50 249  8.3  9.9  0.93  4.00  3.78 258 1025.3   6.4   9.2 999.0 99.0 99.00
2019 12 22 19 50 251  8.3  9.8  1.02  4.35  3.95 243 1024.4   7.8   9.2 999.0 99.0 99.00
2019 12 22 20 50 258  7.6  9.2  1.00  4.55  4.01 238 1023.9   8.3   9.2 999.0 99.0 99.00
2019 12 22 21 50 265  6.2  7.2  0.94  4.55  3.91 235 1023.6   8.3   9.2 999.0 99.0 99.00
2019 12 22 22 50 264  6.5  7.9  0.83  4.35  3.96 225 1023.8   8.7   9.2 999.0 99.0 99.00
2019 12 22 23 50 256  7.8  9.4  0.74  4.00  3.83 230 1024.1   8.9   9.1 999.0 99.0 99.00
2019 12 23 00 50 250  8.7 10.6  0.84  4.17  3.65 227 1023.9   9.1   9.0 999.0 99.0 99.00
2019 12 23 01 50 257  9.6 11.6  0.96  4.35  3.80 225 1023.5   8.5   9.0 999.0 99.0 99.00
2019 12 23 02 50 263  7.9  9.4  1.08  4.35  3.91 235 1023.3   8.2   8.9 999.0 99.0 99.00
2019 12 23 03 50 271  7.0  9.4  0.96  4.76  3.99 215 1023.6   8.3   8.8 999.0 99.0 99.00
2019 12 23 04 50 269  8.0  9.6  1.00  4.35  3.91 222 1022.5   8.0   8.8 999.0 99.0 99.00
2019 12 23 05 50 274  7.9  9.2  1.10  4.76  4.14 225 1021.9   8.4   8.8 999.0 99.0 99.00
2019 12 23 06 50 268  6.7  8.2  1.09  4.76  4.16 223 1021.8   8.4   8.8 999.0 99.0 99.00
2019 12 23 07 50 258  7.1  8.4  0.98  4.76  4.07 215 1021.5   8.2   8.8 999.0 99.0 99.00
2019 12 23 08 50 258  7.9  9.4  1.01  5.00  4.05 212 1021.1   8.0   8.8 999.0 99.0 99.00
2019 12 23 09 50 260  7.1  8.0  1.04  5.00  4.01 214 1020.6   7.9   8.8 999.0 99.0 99.00
2019 12 23 10 50 262  7.5  8.6  1.00  5.00  4.00 211 1021.2   8.0   8.8 999.0 99.0 99.00
2019 12 23 11 50 252  7.5  8.7  0.92  4.76  3.89 214 1021.5   7.8   8.8 999.0 99.0 99.00
2019 12 23 12 50 251  6.9  7.9  0.89  4.55  3.92 221 1021.3   7.7   8.7 999.0 99.0 99.00
2019 12 23 13 50 258  6.9  8.3  0.84  4.35  3.75 220 1021.5   7.7   8.7 999.0 99.0 99.00
2019 12 23 14 50 261  6.6  7.5  0.86  4.55  3.74 214 1021.4   7.8   8.4 999.0 99.0 99.00
2019 12 23 15 50 254  5.9  7.1  0.79  4.35  3.82 217 1020.7   8.2   8.3 999.0 99.0 99.00
2019 12 23 16 50 249  6.0  7.3  0.79  3.85  3.74 248 1019.5   8.5   8.3 999.0 99.0 99.00
2019 12 23 17 50 250  4.7  5.7  0.77  3.70  3.95 239 1018.2   8.7   8.3 999.0 99.0 99.00
2019 12 23 18 50 235  5.6  6.6  0.75  4.17  4.10 232 1017.9   9.0   8.4 999.0 99.0 99.00
2019 12 23 19 50 227  6.7  7.7  0.72  3.85  3.75 233 1017.5   9.3   8.4 999.0 99.0 99.00
2019 12 23 20 50 232  6.1  7.0  0.72  9.09  3.85 146 1017.4   9.3   8.3 999.0 99.0 99.00
2019 12 23 21 50 218  6.8  7.8  0.66 14.81  3.91  69 1016.4   9.1   8.3 999.0 99.0 99.00
2019 12 23 22 50 228  7.0  8.3  0.63  8.33  3.75 154 1016.0   9.1   8.3 999.0 99.0 99.00
2019 12 23 23 50 233  7.8  9.7  0.75  3.70  3.64 215 1015.6   9.0   8.2 999.0 99.0 99.00
2019 12 24 00 50 239  8.4  9.8  0.85  4.00  3.81 215 1015.2   9.4   8.0 999.0 99.0 99.00
2019 12 24 01 50 244  8.5  9.9  0.95  4.17  3.94 206 1014.8   9.2   7.9 999.0 99.0 99.00
2019 12 24 02 50 251  7.4  8.7  1.08  4.76  4.10 209 1014.4   8.9   7.7 999.0 99.0 99.00
2019 12 24 03 50 253  7.9  9.2  1.13  5.00  4.17 214 1014.2   8.8   7.6 999.0 99.0 99.00
2019 12 24 04 50 254  7.7  9.4  1.04  5.00  4.15 214 1014.0   8.8   7.5 999.0 99.0 99.00
2019 12 24 05 50 258  7.6  9.2  1.03  4.76  4.21 218 1013.9   9.0   7.5 999.0 99.0 99.00
2019 12 24 06 50 265  7.1  8.2  0.95  4.76  4.13 214 1014.0   8.6   7.5 999.0 99.0 99.00
2019 12 24 07 50 284  7.2  8.8  0.97  4.76  4.16 211 1014.2   8.7   7.5 999.0 99.0 99.00
2019 12 24 08 50 311  7.3  8.9  0.88 14.81  4.04 103 1014.7   8.6   7.5 999.0 99.0 99.00
2019 12 24 09 50 324  6.3  7.5  0.91  4.55  4.00 213 1015.5   8.2   7.5 999.0 99.0 99.00
2019 12 24 10 50   3  8.0  9.3  0.84  4.17  3.99 250 1016.2   7.5   7.5 999.0 99.0 99.00
2019 12 24 11 50 356  8.2  9.6  0.83  4.00  3.81 259 1017.2   7.1   7.6 999.0 99.0 99.00
2019 12 24 12 50 359  8.5 11.5  0.75 13.79  3.53 114 1018.1   7.0   7.5 999.0 99.0 99.00
2019 12 24 13 50   5  9.3 10.7  0.87  3.45  3.48 349 1018.7   6.7   7.6 999.0 99.0 99.00
2019 12 24 14 50   3  9.2 10.9  0.99  3.33  3.81   2 1019.4   6.4   7.6 999.0 99.0 99.00
2019 12 24 15 50   4  9.9 11.3  1.00  4.00  3.67  16 1019.2   6.4   7.6 999.0 99.0 99.00
2019 12 24 16 50 358  8.7 10.3  0.97  4.17  3.74  27 1018.9   6.5   7.7 999.0 99.0 99.00
2019 12 24 17 50 357  8.0  9.7  0.87  3.85  3.65  16 1018.5   6.7   7.8 999.0 99.0 99.00
2019 12 24 18 50   5  7.4  9.0  0.81  3.85  3.60  40 1018.3   7.1   8.0 999.0 99.0 99.00
2019 12 24 19 50   5  8.1  9.1  0.72  3.85  3.56  34 1018.8   7.7   8.1 999.0 99.0 99.00
2019 12 24 20 50   7  6.0  7.0  0.77  3.85  3.59  46 1019.7   7.7   8.2 999.0 99.0 99.00
2019 12 24 21 50   7  6.7  7.8  0.72 14.81  3.71 122 1020.1   7.8   8.3 999.0 99.0 99.00
2019 12 24 22 50  13  5.4  6.5  0.70  4.00  3.59  54 1021.0   7.9   8.3 999.0 99.0 99.00
2019 12 24 23 50  13  6.3  7.4  0.76  3.85  3.91  59 1020.8   8.0   8.4 999.0 99.0 99.00
2019 12 25 00 50  21  7.3  8.7  0.77 14.81  3.97  75 1021.2   7.9   8.3 999.0 99.0 99.00
2019 12 25 01 50  20  6.1  7.5  0.78  4.17  3.79  59 1021.6   7.4   8.2 999.0 99.0 99.00
2019 12 25 02 50 359  6.9  7.9  0.81  4.35  3.67  72 1022.1   6.0   8.0 999.0 99.0 99.00
2019 12 25 03 50  24  6.7  7.8  0.78 13.79  3.59 109 1021.9   5.9   8.0 999.0 99.0 99.00
2019 12 25 04 50  29  6.9  8.5  0.78  3.23  3.47  10 1021.5   6.4   8.0 999.0 99.0 99.00
2019 12 25 05 50  34  7.5  8.9  0.87  3.33  3.61  24 1021.4   6.4   8.0 999.0 99.0 99.00
2019 12 25 06 50  42  7.1  8.2  0.95  3.85  3.70  61 1021.5   6.0   8.0 999.0 99.0 99.00
2019 12 25 07 50  48  6.2  7.6  0.95  4.35  3.79  60 1021.7   6.3   8.1 999.0 99.0 99.00
2019 12 25 08 50  40  5.8  6.8  0.82  4.17  3.83  65 1022.0   6.4   8.4 999.0 99.0 99.00
2019 12 25 09 50  27  5.9  6.9  0.85  4.35  4.14  75 1022.0   6.5   8.7 999.0 99.0 99.00
2019 12 25 10 50  40  5.9  6.8  0.83  4.17  3.98  63 1021.9   6.7   9.0 999.0 99.0 99.00
2019 12 25 11 50  73  4.9  5.6  0.82  4.35  4.10  72 1022.1   7.2   9.0 999.0 99.0 99.00
2019 12 25 12 50 124  3.3  4.5  0.81  8.33  4.44 109 1022.8   8.2   9.0 999.0 99.0 99.00
2019 12 25 13 50 122  2.9  3.8  0.78  9.09  4.46 141 1023.3   8.7   8.8 999.0 99.0 99.00
2019 12 25 14 50 151  2.1  4.0  0.83  4.76  4.71  82 1023.5   8.7   8.1 999.0 99.0 99.00
2019 12 25 15 50 189  1.4  2.0  0.82  5.26  4.75  92 1023.2   9.1   8.1 999.0 99.0 99.00
2019 12 25 16 50 185  2.8  3.5  0.83  8.33  4.81 143 1022.4   9.0   8.1 999.0 99.0 99.00
2019 12 25 17 50 325  1.8  2.8  0.87  7.69  4.64 153 1021.7   8.4   8.1 999.0 99.0 99.00
2019 12 25 18 50   2  0.8  1.3  0.86  9.09  4.76 148 1021.5   8.3   8.0 999.0 99.0 99.00
2019 12 25 19 50 167  0.1  0.4  0.89  9.09  4.97 165 1021.3   9.6   8.1 999.0 99.0 99.00
2019 12 25 20 50 167  0.0  0.0  0.93  9.09  5.17 190 1021.2   8.3   8.2 999.0 99.0 99.00
2019 12 25 21 50 278  0.8  1.3  0.94  8.33  5.40 162 1021.5   7.9   8.4 999.0 99.0 99.00
2019 12 25 22 50 256  0.8  1.0  0.87  8.33  5.46 169 1021.5   7.8   8.6 999.0 99.0 99.00
2019 12 25 23 50 295  0.5  0.8  0.84  9.09  5.60 164 1021.5   7.6   8.8 999.0 99.0 99.00
2019 12 26 00 50 318  0.4  1.0  0.91  9.09  6.06 166 1021.7   8.0   8.8 999.0 99.0 99.00
2019 12 26 01 50 250  0.6  0.9  0.89  9.09  6.10 158 1021.5   7.8   8.8 999.0 99.0 99.00
2019 12 26 02 50 281  1.0  1.4  0.89  9.09  6.48 174 1021.7   7.8   8.8 999.0 99.0 99.00
2019 12 26 03 50 345  0.6  1.1  0.85  8.33  6.22 166 1021.8   7.8   8.8 999.0 99.0 99.00
2019 12 26 04 50  14  2.2  2.6  0.95  9.09  6.63 171 1021.7   7.9   8.6 999.0 99.0 99.00
2019 12 26 05 50  33  3.0  3.5  0.80  9.09  6.15 164 1021.9   8.0   8.6 999.0 99.0 99.00
2019 12 26 06 50  42  2.4  3.4  0.88  9.09  6.47 167 1022.4   8.1   8.8 999.0 99.0 99.00
2019 12 26 07 50  65  1.8  2.1  0.97  9.09  6.64 167 1022.6   8.2   8.8 999.0 99.0 99.00
2019 12 26 08 50  57  2.0  2.5  0.84  8.33  6.13 155 1023.0   8.3   8.8 999.0 99.0 99.00
2019 12 26 09 50  49  1.3  1.7  0.94  9.09  6.56 163 1023.1   8.4   8.7 999.0 99.0 99.00
2019 12 26 10 50  27  2.5  3.2  0.89  8.33  6.21 154 1023.5   8.5   9.0 999.0 99.0 99.00
2019 12 26 11 50  33  4.2  4.9  0.96  9.09  6.58 153 1024.1   8.3   9.0 999.0 99.0 99.00
2019 12 26 12 50  49  6.2  7.2  0.92  9.09  5.73 162 1024.4   7.5   9.0 999.0 99.0 99.00
2019 12 26 13 50  33  6.0  7.2  0.94  8.33  4.99 145 1025.9   7.9   9.0 999.0 99.0 99.00
2019 12 26 14 50  39  6.7  8.1  0.96  9.09  4.67 170 1026.1   6.4   9.0 999.0 99.0 99.00
2019 12 26 15 50  38  6.6  7.8  1.00  8.33  4.46 151 1025.9   6.7   9.1 999.0 99.0 99.00
2019 12 26 16 50  36  6.3  7.2  0.93  8.33  4.53 163 1025.8   7.4   8.9 999.0 99.0 99.00
2019 12 26 17 50  38  6.2  7.0  0.96  9.09  4.62 158 1025.6   7.0   9.0 999.0 99.0 99.00
2019 12 26 18 50  34  6.1  7.4  0.94  8.33  4.61 148 1025.8   6.9   9.0 999.0 99.0 99.00
2019 12 26 19 50  24  5.0  6.0  0.91  8.33  4.53 177 1026.4   8.3   9.0 999.0 99.0 99.00
2019 12 26 20 50 110  8.4  9.9  0.97  8.33  4.72 161 1027.0   9.1   8.9 999.0 99.0 99.00
2019 12 26 21 50 103  7.9  9.7  1.17  7.69  4.23 157 1027.6   8.9   8.9 999.0 99.0 99.00
2019 12 26 22 50 104  7.7  9.6  1.41  5.00  4.42  84 1028.0   8.9   9.0 999.0 99.0 99.00
2019 12 26 23 50 110  8.5  9.9  1.53  5.26  4.70  82 1027.9   8.7   9.0 999.0 99.0 99.00
2019 12 27 00 50 116  7.9  9.4  1.49  5.00  4.56  89 1028.1   8.7   9.1 999.0 99.0 99.00
2019 12 27 01 50 111  7.3  8.8  1.42  5.00  4.56  81 1028.6   8.8   9.1 999.0 99.0 99.00
2019 12 27 02 50 122  6.9  8.3  1.44  5.26  4.63  94 1028.9   9.0   9.2 999.0 99.0 99.00
2019 12 27 03 50 123  6.9  8.4  1.35  5.00  4.71  80 1028.9   9.2   9.1 999.0 99.0 99.00
2019 12 27 04 50 137  6.6  7.9  1.38  5.56  4.64  89 1028.4   9.3   9.1 999.0 99.0 99.00
2019 12 27 05 50 142  6.7  7.9  1.31  5.00  4.53  79 1028.0   9.4   9.1 999.0 99.0 99.00
2019 12 27 06 50 142  6.4  7.5  1.34  5.26  4.63  91 1027.9   9.4   9.2 999.0 99.0 99.00
2019 12 27 07 50 148  6.6  8.0  1.29  5.56  4.62  77 1027.2   9.5   9.2 999.0 99.0 99.00
2019 12 27 08 50 158  6.4  7.7  1.28  5.26  4.62  99 1026.7   9.7   9.3 999.0 99.0 99.00
2019 12 27 09 50 160  6.1  7.1  1.37  5.26  4.54  82 1026.4   9.8   9.2 999.0 99.0 99.00
2019 12 27 10 50 171  6.6  7.7  1.28  5.56  4.52  86 1026.2  10.0   9.2 999.0 99.0 99.00
2019 12 27 11 50 193  5.1  5.8  1.27  5.56  4.46  77 1026.4  10.1   9.1 999.0 99.0 99.00
2019 12 27 12 50 188  5.1  6.0  1.16  5.26  4.56  85 1026.0  10.2   9.1 999.0 99.0 99.00
2019 12 27 13 50 194  4.6  5.4  1.09  5.26  4.63  97 1026.2  10.4   9.2 999.0 99.0 99.00
2019 12 27 14 50 197  4.5  5.3  1.03  5.26  4.63  94 1025.9  10.5   9.2 999.0 99.0 99.00
2019 12 27 15 50 197  4.5  5.3  0.90  8.33  4.67 123 1024.9  10.5   9.3 999.0 99.0 99.00
2019 12 27 16 50 197  3.9  4.7  0.95  8.33  4.94 128 1023.6  10.4   9.3 999.0 99.0 99.00
2019 12 27 17 50 209  3.3  3.9  0.94  9.09  5.00 150 1022.7  10.1   9.5 999.0 99.0 99.00
2019 12 27 18 50 216  3.6  4.2  0.91  8.33  4.87 152 1021.9   9.8   9.6 999.0 99.0 99.00
2019 12 27 19 50 201  4.1  5.1  0.91  9.09  5.04 164 1021.1   9.8   9.4 999.0 99.0 99.00
2019 12 27 20 50 215  5.6  6.6  0.87  8.33  5.04 163 1021.0   9.9   9.4 999.0 99.0 99.00
2019 12 27 21 50 221  5.5  6.4  0.84  8.33  4.79 151 1020.5  10.0   9.5 999.0 99.0 99.00
2019 12 27 22 50 225  5.8  6.9  0.87  7.69  4.75 152 1020.4   9.9   9.6 999.0 99.0 99.00
2019 12 27 23 50 235  6.3  7.5  0.84  5.88  4.48 121 1020.6   9.9   9.7 999.0 99.0 99.00
2019 12 28 00 50 235  6.2  7.2  0.93  8.33  4.58 141 1020.4  10.0   9.7 999.0 99.0 99.00
2019 12 28 01 50 252  6.3  7.4  0.88  7.69  4.32 138 1020.7  10.0   9.7 999.0 99.0 99.00
2019 12 28 02 50 247  5.1  6.0  0.80  9.09  4.32 140 1020.7   9.9   9.7 999.0 99.0 99.00
2019 12 28 03 50 241  4.6  5.6  0.83  7.14  4.80 138 1020.5   9.8   9.7 999.0 99.0 99.00
2019 12 28 04 50 259  5.2  6.0  0.76  7.69  4.83 148 1020.0   9.6   9.6 999.0 99.0 99.00
2019 12 28 05 50 264  5.7  6.6  0.73  8.33  4.56 133 1019.8   9.4   9.6 999.0 99.0 99.00
2019 12 28 06 50 275  6.3  7.1  0.73  8.33  4.55 141 1020.0   9.3   9.5 999.0 99.0 99.00
2019 12 28 07 50 267  6.8  7.9  0.80  7.69  4.38 137 1020.2   9.2   9.5 999.0 99.0 99.00
2019 12 28 08 50 271  6.2  7.4  0.77  7.69  4.13 138 1020.2   9.0   9.6 999.0 99.0 99.00
2019 12 28 09 50 286  5.7  6.9  0.72  8.33  4.16 164 1020.6   8.9   9.6 999.0 99.0 99.00
2019 12 28 10 50 276  5.0  6.2  0.76  8.33  4.22 120 1021.0   8.6   9.7 999.0 99.0 99.00
2019 12 28 11 50 297  7.1  8.7  0.75  7.69  4.18 150 1021.5   8.7   9.8 999.0 99.0 99.00
2019 12 28 12 50 305  6.2  7.4  0.74  7.69  4.14 168 1022.0   9.3   9.9 999.0 99.0 99.00
2019 12 28 13 50 314  6.4  7.7  0.74  9.09  3.93 154 1022.7   9.2  10.0 999.0 99.0 99.00
2019 12 28 14 50 317  6.7  8.5  0.72  8.33  3.88 149 1023.0   8.8  10.0 999.0 99.0 99.00
2019 12 28 15 50 309  6.2  7.4  0.71  7.69  3.87 148 1022.8   8.7  10.0 999.0 99.0 99.00
2019 12 28 16 50 315  5.4  6.4  0.62  8.33  4.00 158 1022.3   8.6   9.9 999.0 99.0 99.00
2019 12 28 17 50 318  4.5  5.5  0.59 11.43  4.56 115 1022.2   8.7   9.8 999.0 99.0 99.00
2019 12 28 18 50 287  5.0  5.5  0.59  8.33  4.46 137 1022.1   8.5   9.7 999.0 99.0 99.00
2019 12 28 19 50 288  5.9  6.7  0.62  9.09  4.36 128 1022.2   8.7   9.7 999.0 99.0 99.00
2019 12 28 20 50 289  5.6  6.5  0.58  8.33  4.33 119 1022.8   9.0   9.7 999.0 99.0 99.00
2019 12 28 21 50 282  4.6  5.7  0.64 11.43  4.42 144 1023.0   9.1   9.7 999.0 99.0 99.00
2019 12 28 22 50 296  5.4  6.4  0.61  9.09  4.74 116 1022.9   9.3   9.7 999.0 99.0 99.00
2019 12 28 23 50 298  4.4  5.4  0.55 10.00  5.02 158 1023.0   9.4   9.8 999.0 99.0 99.00
2019 12 29 00 50 313  3.5  4.5  0.48 12.12  5.06 124 1023.7   9.1   9.8 999.0 99.0 99.00
2019 12 29 01 50 326  4.5  5.6  0.47 11.43  5.29 156 1023.7   8.9   9.9 999.0 99.0 99.00
2019 12 29 02 50 315  4.3  5.6  0.42 10.81  6.06 108 1023.5   8.5   9.9 999.0 99.0 99.00
2019 12 29 03 50 306  5.7  6.9  0.43 11.43  5.85 144 1023.5   8.5   9.8 999.0 99.0 99.00
2019 12 29 04 50 302  5.1  6.2  0.50 10.81  4.51 111 1023.4   8.3   9.7 999.0 99.0 99.00
2019 12 29 05 50 312  5.5  6.3  0.45 11.43  4.42 115 1023.1   8.1   9.7 999.0 99.0 99.00
2019 12 29 06 50 309  4.3  5.1  0.46 11.43  4.61 124 1023.2   7.8   9.6 999.0 99.0 99.00
2019 12 29 07 50 327  3.7  4.6  0.49 11.43  4.51 113 1023.0   7.8   9.6 999.0 99.0 99.00
2019 12 29 08 50 314  3.5  4.3  0.46 10.81  5.21 135 1022.8   7.8   9.4 999.0 99.0 99.00
2019 12 29 09 50 303  4.7  5.5  0.41 10.81  5.56 122 1022.3   7.8   9.2 999.0 99.0 99.00
2019 12 29 10 50 323  4.5  5.3  0.39 11.43  5.53  88 1023.3   7.9   9.1 999.0 99.0 99.00
2019 12 29 11 50 340  3.6  4.6  0.37 10.00  4.91 132 1024.3   7.7   9.2 999.0 99.0 99.00
2019 12 29 12 50  28  4.6  5.3  0.40 11.43  5.42 110 1024.3   7.1   9.2 999.0 99.0 99.00
2019 12 29 13 50  36  4.6  5.5  0.39 12.90  4.41 256 1024.6   6.5   9.3 999.0 99.0 99.00
2019 12 29 14 50  51  4.6  5.9  0.44 10.81  4.16  89 1024.9   6.6   9.4 999.0 99.0 99.00
2019 12 29 15 50  58  4.3  5.6  0.46  7.69  4.13 141 1024.8   6.5   9.5 999.0 99.0 99.00
2019 12 29 16 50  81  5.1  6.3  0.46 10.00  4.02 149 1023.2   6.7   9.5 999.0 99.0 99.00
2019 12 29 17 50  85  5.1  6.1  0.50  9.09  3.90 152 1022.3   7.2   9.5 999.0 99.0 99.00
2019 12 29 18 50 109  5.0  6.3  0.51  2.86  3.72  49 1021.6   7.8   9.4 999.0 99.0 99.00
2019 12 29 19 50 123  5.1  6.4  0.50 14.81  3.78 188 1021.2   8.2   9.4 999.0 99.0 99.00
2019 12 29 20 50 128  5.3  6.4  0.54 14.81  3.47  40 1020.7   8.3   9.4 999.0 99.0 99.00
2019 12 29 21 50 133  5.0  6.1  0.58  3.23  3.54  73 1020.8   8.5   9.4 999.0 99.0 99.00
2019 12 29 22 50 128  6.4  7.4  0.57  2.94  3.40  86 1019.9   8.8   9.5 999.0 99.0 99.00
2019 12 29 23 50 137  6.6  7.9  0.64  3.03  3.42 125 1019.4   9.1   9.6 999.0 99.0 99.00
2019 12 30 00 50 134  7.5  9.2  0.78  3.03  3.54 123 1018.6   9.1   9.7 999.0 99.0 99.00
2019 12 30 01 50 130  7.7  9.3  0.85  3.57  3.55 131 1017.3   9.0   9.7 999.0 99.0 99.00
2019 12 30 02 50 125  8.9 10.4  0.95  3.85  3.67 123 1015.9   8.9   9.7 999.0 99.0 99.00
2019 12 30 03 50 124  8.7 10.2  1.07  4.35  3.79 125 1015.1   9.0   9.6 999.0 99.0 99.00
2019 12 30 04 50 108  9.3 11.5  1.18  4.55  4.02 120 1013.9   9.1   9.6 999.0 99.0 99.00
2019 12 30 05 50 104  9.7 11.2  1.38  5.00  4.27 115 1013.1   8.9   9.6 999.0 99.0 99.00
2019 12 30 06 50  99  9.6 11.0  1.55  5.26  4.43 112 1012.9   9.0   9.6 999.0 99.0 99.00
2019 12 30 07 50  91  9.7 11.2  1.64  5.56  4.54  99 1012.0   9.0   9.6 999.0 99.0 99.00
2019 12 30 08 50  80  9.7 11.9  1.74  5.56  4.77 113 1010.9   8.9   9.6 999.0 99.0 99.00
2019 12 30 09 50  80 11.4 13.6  1.79  5.56  4.63 106 1009.7   8.5   9.6 999.0 99.0 99.00
2019 12 30 10 50  77 12.3 14.5  1.85  5.56  4.59 104 1009.0   8.6   9.7 999.0 99.0 99.00
2019 12 30 11 50  74 10.8 18.3  2.01  5.56  4.69  96 1008.5   8.8   9.8 999.0 99.0 99.00
2019 12 30 12 50  74 14.2 18.4  2.31  5.88  4.96  89 1007.7   8.3  10.0 999.0 99.0 99.00
2019 12 30 13 50  79 13.8 16.5  2.61  6.25  5.32  83 1008.1   8.3  10.2 999.0 99.0 99.00
2019 12 30 14 50  77 13.0 16.8  2.82  6.67  5.55  76 1008.0   8.5  10.4 999.0 99.0 99.00
2019 12 30 15 50  71 15.8 19.8  3.35  7.69  6.10  64 1007.0   8.2  10.4 999.0 99.0 99.00
2019 12 30 16 50  75 14.4 18.1  3.29  8.33  6.22  67 1006.1   8.4  10.4 999.0 99.0 99.00
2019 12 30 17 50  80 16.1 19.5  3.56  8.33  6.18  70 1004.8   8.0  10.4 999.0 99.0 99.00
2019 12 30 18 50  80 15.5 19.0  4.06  7.69  6.52  73 1004.3   8.4  10.4 999.0 99.0 99.00
2019 12 30 19 50  85 16.6 20.8  4.28  9.09  6.79  70 1003.6   8.1  10.4 999.0 99.0 99.00
2019 12 30 20 50 999 16.5 20.4  4.26  9.09  6.81  77 1002.9   8.1  10.4 999.0 99.0 99.00
2019 12 30 21 50 999 16.6 21.0  4.09  9.09  6.71  82 1002.4   8.5  10.3 999.0 99.0 99.00
2019 12 30 22 50 999 15.6 19.7  4.56 10.00  7.22  79 1003.1   8.6  10.3 999.0 99.0 99.00
2019 12 30 23 50 999 12.6 15.4  4.60  9.09  7.17  80 1004.6   8.4  10.2 999.0 99.0 99.00
2019 12 31 00 50 999 14.6 17.9  3.92  9.09  6.75  80 1003.7   8.2  10.3 999.0 99.0 99.00
2019 12 31 01 50 999 13.1 17.5  4.16 10.00  6.90  78 1004.1   8.3  10.3 999.0 99.0 99.00
2019 12 31 02 50 999 14.4 17.9  3.79  9.09  6.69  90 1003.2   7.6  10.0 999.0 99.0 99.00
2019 12 31 03 50 999 14.4 17.7  4.04  9.09  6.70  83 1003.6   7.2   9.9 999.0 99.0 99.00
2019 12 31 04 50 999 13.2 16.1  3.82 10.00  6.90  82 1003.4   6.3  10.0 999.0 99.0 99.00
2019 12 31 05 50 999 13.3 17.2  3.20 10.00  6.42  94 1002.7   6.1   9.8 999.0 99.0 99.00
2019 12 31 06 50 999 11.1 13.0  3.18 10.00  6.53  87 1003.3   5.9   9.9 999.0 99.0 99.00
2019 12 31 07 50 999 10.1 12.0  2.83 10.00  6.22  91 1004.3   5.5   9.9 999.0 99.0 99.00
2019 12 31 08 50 999  8.6 10.3  2.98 10.00  6.55  87 1005.0   4.7   9.8 999.0 99.0 99.00
2019 12 31 09 50 999  8.4 10.2  2.93 10.00  6.70  85 1003.9   4.2   9.6 999.0 99.0 99.00
2019 12 31 10 50 999  7.5  9.1  2.69 10.00  6.55  95 1004.3   4.3   9.5 999.0 99.0 99.00
2019 12 31 11 50 999  7.7  9.3  2.62 10.00  6.74  91 1004.9   4.7   9.5 999.0 99.0 99.00
2019 12 31 12 50 999  7.3  9.4  2.47 10.00  6.51 101 1005.3   4.4   9.4 999.0 99.0 99.00
2019 12 31 13 50 999  5.3  6.9  2.57  9.09  6.75 114 1005.3   4.3   9.4 999.0 99.0 99.00
2019 12 31 14 50 999  4.3  6.6  2.34 10.00  6.73 105 1005.3   4.2   9.2 999.0 99.0 99.00
2019 12 31 15 50 999  4.1  5.7  2.14 10.00  6.69 107 1004.9   4.6   9.1 999.0 99.0 99.00
2019 12 31 16 50 999  5.6  7.9  1.91 10.00  6.55  97 1004.2   5.0   9.1 999.0 99.0 99.00
2019 12 31 17 50 999  7.1  8.5  1.90  9.09  6.62 112 1003.3   5.9   9.1 999.0 99.0 99.00
2019 12 31 18 50 999  7.2  9.1  1.83 10.00  6.36 105 1003.1   5.9   9.0 999.0 99.0 99.00
2019 12 31 19 50 999  6.8  8.5  1.85 10.00  6.52 113 1003.1   6.4   9.0 999.0 99.0 99.00
2019 12 31 20 50 999  7.1  8.5  1.76 10.00  6.40 107 1003.2   7.2   9.0 999.0 99.0 99.00
2019 12 31 21 50 999  9.0 10.4  1.78 10.00  6.11  96 1003.4   7.4   9.0 999.0 99.0 99.00
2019 12 31 22 50 999  8.5 10.6  1.78  9.09  5.76 105 1004.0   7.5   9.0 999.0 99.0 99.00
