#YY  MM DD hh mm WDIR WSPD GST  WVHT   DPD   APD MWD   PRES  ATMP  WTMP  DEWP  VIS  TIDE
#yr  mo dy hr mn degT m/s  m/s     m   sec   sec deg    hPa  degC  degC  degC  nmi    ft
2019 04 30 23 50 103  2.9  3.2  0.87  5.88  5.01 144 1027.3   9.8  10.6 999.0 99.0 99.00
2019 05 01 00 50 119  2.2  2.6  0.87  6.25  4.89 168 1028.3  10.0  10.3 999.0 99.0 99.00
2019 05 01 01 50  96  3.4  4.2  0.85  5.56  4.80 130 1028.8  10.1  10.4 999.0 99.0 99.00
2019 05 01 02 50 110  4.1  4.8  0.79  5.56  4.77 115 1028.9  10.1  10.4 999.0 99.0 99.00
2019 05 01 03 50 132  3.4  3.8  0.86  5.88  4.89 134 1029.5  10.0  10.5 999.0 99.0 99.00
2019 05 01 04 50 140  3.9  4.5  0.81  5.88  4.80 144 1029.9   9.9  10.5 999.0 99.0 99.00
2019 05 01 05 50 153  3.0  3.9  0.76  5.56  4.67 130 1029.9   9.8  10.4 999.0 99.0 99.00
2019 05 01 06 50 142  2.5  3.0  0.77  4.76  4.63 123 1030.2   9.8  10.3 999.0 99.0 99.00
2019 05 01 07 50 127  4.5  5.4  0.78  5.88  4.69 132 1029.6   9.7  10.3 999.0 99.0 99.00
2019 05 01 08 50  97  4.6  5.5  0.83  6.67  4.71 136 1029.4   9.5  10.3 999.0 99.0 99.00
2019 05 01 09 50  98  3.9  4.6  0.75  5.88  4.71 131 1029.7   9.6  10.2 999.0 99.0 99.00
2019 05 01 10 50 103  2.4  2.9  0.68  6.67  4.66 129 1031.0   9.8  10.3 999.0 99.0 99.00
2019 05 01 11 50  90  3.7  4.4  0.69  5.56  4.89 137 1031.3   9.9  10.3 999.0 99.0 99.00
2019 05 01 12 50  96  3.8  4.6  0.60  5.56  4.59 136 1031.2  10.1  10.4 999.0 99.0 99.00
2019 05 01 13 50  83  5.6  6.7  0.56  6.25  4.51 141 1030.7  10.1  10.4 999.0 99.0 99.00
2019 05 01 14 50  84  5.3  6.3  0.60  5.88  4.28 132 1030.8  10.1  10.5 999.0 99.0 99.00
2019 05 01 15 50  99  6.2  7.1  0.57  5.26  3.95 128 1030.5  10.1  10.5 999.0 99.0 99.00
2019 05 01 16 50  86  5.8  6.7  0.61  5.88  3.84 144 1030.1  10.2  10.4 999.0 99.0 99.00
2019 05 01 17 50  96  6.8  7.9  0.62  5.56  3.67 134 1029.2  10.2  10.4 999.0 99.0 99.00
2019 05 01 18 50  97  7.4  8.6  0.70  4.76  3.53 131 1028.4  10.2  10.5 999.0 99.0 99.00
2019 05 01 19 50  91  7.2  8.5  0.76  5.00  3.72 116 1027.6  10.0  10.4 999.0 99.0 99.00
2019 05 01 20 50  91  7.9  9.1  0.85  3.45  3.65  98 1026.6   9.5  10.4 999.0 99.0 99.00
2019 05 01 21 50  90  7.6  8.8  0.95  3.85  3.78 102 1025.8   9.6  10.3 999.0 99.0 99.00
2019 05 01 22 50  82  6.8  8.0  0.89  4.76  3.76 131 1025.4  10.0  10.2 999.0 99.0 99.00
2019 05 01 23 50  85  6.3  7.1  0.97  4.76  4.00 105 1024.8  10.0  10.2 999.0 99.0 99.00
2019 05 02 00 50  85  6.4  7.4  0.85  4.35  3.98 106 1024.2  10.3  10.2 999.0 99.0 99.00
2019 05 02 01 50 104  6.6  8.1  0.87  5.26  3.99 125 1023.4  10.7  10.2 999.0 99.0 99.00
2019 05 02 02 50 119  3.2  3.8  0.83  5.56  4.06 126 1022.8  10.7  10.2 999.0 99.0 99.00
2019 05 02 03 50 182  4.0  4.6  0.83  5.26  4.21 130 1021.8  11.4  10.3 999.0 99.0 99.00
2019 05 02 04 50 209  5.3  6.0  0.85  5.88  4.36 142 1021.1  11.2  10.3 999.0 99.0 99.00
2019 05 02 05 50 232  4.6  5.3  0.90  5.88  4.56 139 1020.6  10.9  10.3 999.0 99.0 99.00
2019 05 02 06 50 233  4.2  5.0  0.91  6.25  4.70 142 1019.7  10.9  10.3 999.0 99.0 99.00
2019 05 02 07 50 253  3.1  4.1  0.95  6.25  4.88 152 1019.5  10.5  10.3 999.0 99.0 99.00
2019 05 02 08 50 299  2.9  3.7  0.87  5.88  4.84 140 1019.7  10.5  10.3 999.0 99.0 99.00
2019 05 02 09 50 353  3.7  4.3  0.87  6.25  5.01 133 1019.8  10.2  10.3 999.0 99.0 99.00
2019 05 02 10 50  17  2.8  3.4  0.82  5.88  4.95 136 1020.2  10.0  10.3 999.0 99.0 99.00
2019 05 02 11 50 179  1.7  2.1  0.73  5.88  4.73 142 1020.3  10.2  10.4 999.0 99.0 99.00
2019 05 02 12 50 205  2.6  3.2  0.72  5.88  4.69 135 1020.2  10.4  10.5 999.0 99.0 99.00
2019 05 02 13 50 217  2.4  2.9  0.67  5.88  4.63 138 1020.5  10.6  10.6 999.0 99.0 99.00
2019 05 02 14 50 294  2.1  2.7  0.74  5.88  4.81 146 1020.8  11.0  10.8 999.0 99.0 99.00
2019 05 02 15 50 231  1.5  1.9  0.92  5.56  4.94 147 1020.2  11.3  11.1 999.0 99.0 99.00
2019 05 02 16 50 268  2.0  2.5  0.96  5.56  4.84 154 1020.3  11.5  11.5 999.0 99.0 99.00
2019 05 02 17 50 291  0.7  1.2  1.02  5.26  4.75 162 1020.2  11.9  11.7 999.0 99.0 99.00
2019 05 02 18 50 110  2.6  3.4  0.97  5.56  4.68 140 1020.5  11.8  12.4 999.0 99.0 99.00
2019 05 02 19 50 119  5.3  6.1  0.97  5.26  4.59 141 1020.0  11.7  12.3 999.0 99.0 99.00
2019 05 02 20 50  95  6.6  7.3  0.94  5.88  4.56 164 1020.1  10.9  11.7 999.0 99.0 99.00
2019 05 02 21 50  77  7.0  8.5  1.01  5.88  4.32 154 1020.5  10.3  11.1 999.0 99.0 99.00
2019 05 02 22 50  95  8.8 10.4  1.10  5.56  4.23 162 1020.3  10.3  10.9 999.0 99.0 99.00
2019 05 02 23 50  85  8.1  9.8  1.09  6.25  4.17 157 1020.9  10.3  10.7 999.0 99.0 99.00
2019 05 03 00 50  80  9.2 11.8  1.16  5.26  4.14 173 1022.1   9.7  10.6 999.0 99.0 99.00
2019 05 03 01 50  87  9.5 11.1  1.25  4.00  4.12  89 1022.3   9.5  10.5 999.0 99.0 99.00
2019 05 03 02 50  82  9.1 11.1  1.36  5.00  4.31  92 1022.3   9.1  10.5 999.0 99.0 99.00
2019 05 03 03 50  92  8.6 10.5  1.39  5.00  4.48  78 1022.2   8.9  10.4 999.0 99.0 99.00
2019 05 03 04 50  79  8.4 10.3  1.37  5.26  4.44  86 1021.5   9.0  10.3 999.0 99.0 99.00
2019 05 03 05 50  74  7.8  9.2  1.43  5.26  4.48  88 1021.3   8.9  10.1 999.0 99.0 99.00
2019 05 03 06 50  84  6.4  7.8  1.36  5.56  4.36 111 1021.6   8.9  10.0 999.0 99.0 99.00
2019 05 03 07 50  83  7.5  9.0  1.32  5.26  4.44  78 1020.8   8.7   9.9 999.0 99.0 99.00
2019 05 03 08 50  90  7.3  8.6  1.28  5.56  4.27  82 1020.3   8.6   9.8 999.0 99.0 99.00
2019 05 03 09 50  83  7.3  8.1  1.25  5.88  4.32 114 1019.9   8.6   9.7 999.0 99.0 99.00
2019 05 03 10 50  71  7.7  8.8  1.19  5.26  4.28  84 1020.0   8.6   9.7 999.0 99.0 99.00
2019 05 03 11 50  77  7.8  8.8  1.18  5.26  4.21  77 1020.1   8.7   9.7 999.0 99.0 99.00
2019 05 03 12 50  76  7.4  8.9  1.22  5.88  4.21 133 1020.2   8.8   9.7 999.0 99.0 99.00
2019 05 03 13 50  89  8.0  9.2  1.24  5.00  4.36  83 1019.8   8.9   9.7 999.0 99.0 99.00
2019 05 03 14 50  85  6.6  7.7  1.24  5.26  4.28  86 1019.8   9.2   9.7 999.0 99.0 99.00
2019 05 03 15 50  94  6.5  7.5  1.29  5.26  4.51  89 1019.1   9.3   9.8 999.0 99.0 99.00
2019 05 03 16 50  84  4.6  5.4  1.17  5.00  4.49  94 1018.9   9.5   9.8 999.0 99.0 99.00
2019 05 03 17 50  49  3.6  4.4  1.11  4.76  4.48  77 1018.7   9.6   9.9 999.0 99.0 99.00
2019 05 03 18 50  36  4.9  5.6  1.09  5.26  4.59  84 1017.7   9.8   9.9 999.0 99.0 99.00
2019 05 03 19 50  44  5.6  6.5  1.04  5.00  4.49  80 1016.7   9.7   9.9 999.0 99.0 99.00
2019 05 03 20 50  61  6.8  8.0  1.15  6.25  4.62 105 1015.8   9.6   9.9 999.0 99.0 99.00
2019 05 03 21 50  60  5.4  6.4  1.01  5.88  4.43 126 1015.6   9.7   9.9 999.0 99.0 99.00
2019 05 03 22 50  64  3.2  3.8  0.96  5.88  4.40 101 1015.3   9.9   9.9 999.0 99.0 99.00
2019 05 03 23 50  68  1.9  2.3  1.01  5.26  4.69  93 1015.2  10.0   9.9 999.0 99.0 99.00
2019 05 04 00 50  17  2.6  3.0  0.94  5.88  4.77  93 1015.6  10.1  10.0 999.0 99.0 99.00
2019 05 04 01 50  66  2.1  2.6  0.87  6.25  4.79 122 1015.7   9.9  10.0 999.0 99.0 99.00
2019 05 04 02 50  65  2.5  3.1  0.83  5.56  4.97 135 1015.4   9.9  10.0 999.0 99.0 99.00
2019 05 04 03 50  52  2.0  2.4  0.83  5.88  4.95 121 1015.5  10.0  10.1 999.0 99.0 99.00
2019 05 04 04 50  94  2.4  2.8  0.89  7.69  5.17 175 1014.7  10.0  10.1 999.0 99.0 99.00
2019 05 04 05 50  79  2.3  2.7  0.81  5.26  4.94 129 1013.8  10.1  10.1 999.0 99.0 99.00
2019 05 04 06 50 359  3.0  3.7  0.74  5.26  4.92 112 1013.8  10.2  10.2 999.0 99.0 99.00
2019 05 04 07 50  74  2.5  3.1  0.76  8.33  5.05 173 1013.2  10.1  10.2 999.0 99.0 99.00
2019 05 04 08 50 118  3.3  3.8  0.74  6.25  5.01 108 1012.1  10.0  10.2 999.0 99.0 99.00
2019 05 04 09 50 127  3.3  3.8  0.74  5.26  4.97 109 1011.6  10.2  10.2 999.0 99.0 99.00
2019 05 04 10 50  79  1.3  2.1  0.78  5.88  5.11 105 1012.0  10.3  10.1 999.0 99.0 99.00
2019 05 04 11 50  20  1.6  1.9  0.75  6.25  5.10  96 1012.2  10.3  10.2 999.0 99.0 99.00
2019 05 04 12 50   6  3.1  4.1  0.75  6.25  5.11 100 1012.2  10.2  10.2 999.0 99.0 99.00
2019 05 04 13 50  20  2.9  3.3  0.67  5.88  5.06  92 1011.9  10.5  10.3 999.0 99.0 99.00
2019 05 04 14 50  12  3.3  3.9  0.70  5.56  5.07  95 1012.2  10.5  10.4 999.0 99.0 99.00
2019 05 04 15 50  49  1.0  1.4  0.65  5.88  5.08  92 1012.5  10.8  10.5 999.0 99.0 99.00
2019 05 04 16 50  56  2.4  2.8  0.72  8.33  5.44 168 1011.8  10.8  10.9 999.0 99.0 99.00
2019 05 04 17 50  56  2.3  2.8  0.71  6.67  5.31 147 1011.6  10.9  10.9 999.0 99.0 99.00
2019 05 04 18 50  30  3.2  3.9  0.66  5.88  5.08 112 1011.0  11.1  10.8 999.0 99.0 99.00
2019 05 04 19 50  70  4.2  4.9  0.73  5.56  5.39 144 1010.0  11.4  10.9 999.0 99.0 99.00
2019 05 04 20 50  53  4.8  5.5  0.69  5.88  5.21 123 1009.9  11.3  10.8 999.0 99.0 99.00
2019 05 04 21 50  83  3.7  4.4  0.76  7.69  5.41 178 1010.3  11.0  10.8 999.0 99.0 99.00
2019 05 04 22 50  94  3.6  4.5  0.71  7.69  5.13 152 1010.0  10.7  10.7 999.0 99.0 99.00
2019 05 04 23 50  77  3.9  4.5  0.77  7.69  5.17 145 1010.0  10.6  10.7 999.0 99.0 99.00
2019 05 05 00 50  75  5.0  6.3  0.79  6.67  5.05 151 1009.9  10.5  10.6 999.0 99.0 99.00
2019 05 05 01 50  73  4.4  5.3  0.84  7.14  4.85 150 1010.4  10.4  10.6 999.0 99.0 99.00
2019 05 05 02 50  67  4.1  4.9  0.87  6.25  4.94 166 1010.2  10.4  10.5 999.0 99.0 99.00
2019 05 05 03 50  52  4.0  4.9  0.79  7.14  4.73 171 1010.2  10.3  10.5 999.0 99.0 99.00
2019 05 05 04 50  70  4.4  5.4  0.83  7.69  4.87 154 1009.6  10.2  10.5 999.0 99.0 99.00
2019 05 05 05 50  82  3.9  4.9  0.81  7.14  4.75 163 1009.6  10.2  10.5 999.0 99.0 99.00
2019 05 05 06 50  23  5.7  6.7  0.84  7.14  4.85 159 1009.3  10.2  10.4 999.0 99.0 99.00
2019 05 05 07 50  45  6.6  8.1  0.81  7.69  4.30 155 1009.3  10.1  10.4 999.0 99.0 99.00
2019 05 05 08 50  64  6.4  7.6  0.85  8.33  4.36 161 1008.9  10.1  10.4 999.0 99.0 99.00
2019 05 05 09 50  68  7.4  8.7  0.86  7.69  4.31 150 1008.2  10.1  10.3 999.0 99.0 99.00
2019 05 05 10 50  61  8.0  9.7  1.00  7.69  4.13 146 1008.3  10.0  10.3 999.0 99.0 99.00
2019 05 05 11 50  59  7.6  9.0  0.93  7.14  3.95 158 1009.1  10.1  10.3 999.0 99.0 99.00
2019 05 05 12 50  60  8.1  9.5  0.97  3.70  4.04  58 1009.6  10.0  10.3 999.0 99.0 99.00
2019 05 05 13 50  58  9.0 10.8  1.03  3.85  4.01  65 1009.8  10.0  10.3 999.0 99.0 99.00
2019 05 05 14 50  71 10.3 12.2  1.29  4.55  4.15  64 1009.2  10.0  10.2 999.0 99.0 99.00
2019 05 05 15 50  64 11.1 13.3  1.41  4.76  4.39  72 1008.4  10.0   9.9 999.0 99.0 99.00
2019 05 05 16 50  61 10.3 12.0  1.49  5.00  4.38  62 1008.5  10.0   9.7 999.0 99.0 99.00
2019 05 05 17 50  52  9.6 11.3  1.58  5.26  4.58  72 1008.7   9.9   9.6 999.0 99.0 99.00
2019 05 05 18 50  66 11.5 13.9  1.65  5.26  4.61  67 1007.4   9.9   9.6 999.0 99.0 99.00
2019 05 05 19 50  57 10.9 13.0  1.95  5.56  4.73  69 1007.2   9.8   9.6 999.0 99.0 99.00
2019 05 05 20 50  63 11.8 14.5  1.81  5.88  4.72  77 1006.9   9.9   9.7 999.0 99.0 99.00
2019 05 05 21 50  61 11.3 14.4  2.14  5.88  5.00  73 1007.2   9.8   9.8 999.0 99.0 99.00
2019 05 05 22 50  63 11.9 14.3  2.30  6.25  5.13  73 1007.0   9.6   9.7 999.0 99.0 99.00
2019 05 05 23 50  60 12.3 14.8  2.21  6.67  5.20  94 1007.1   9.5   9.6 999.0 99.0 99.00
2019 05 06 00 50  47 12.3 15.0  2.59  6.67  5.48  82 1007.6   9.4   9.5 999.0 99.0 99.00
2019 05 06 01 50  41 12.5 15.5  2.58  6.67  5.63  80 1008.4   9.2   9.4 999.0 99.0 99.00
2019 05 06 02 50  26 12.4 16.0  2.75  7.14  5.75  80 1008.6   9.4   9.4 999.0 99.0 99.00
2019 05 06 03 50  44 13.0 15.1  2.75  7.14  5.68  80 1008.0   9.4   9.3 999.0 99.0 99.00
2019 05 06 04 50  42 12.3 14.7  2.64  7.69  5.65 104 1007.6   9.5   9.2 999.0 99.0 99.00
2019 05 06 05 50  40 11.3 14.3  2.49  7.69  5.60 103 1007.8   9.6   9.2 999.0 99.0 99.00
2019 05 06 06 50  20 10.1 12.2  2.37  7.69  5.60 100 1008.5   9.9   9.2 999.0 99.0 99.00
2019 05 06 07 50   4  9.5 11.2  2.27  7.14  5.36  93 1009.4  10.0   9.2 999.0 99.0 99.00
2019 05 06 08 50   4  9.2 10.8  2.08  7.14  5.36  97 1009.9  10.1   9.2 999.0 99.0 99.00
2019 05 06 09 50  24  7.5  8.5  1.97  7.14  5.45  95 1010.5  10.2   9.2 999.0 99.0 99.00
2019 05 06 10 50 356  6.3  7.7  1.71  6.67  5.23 106 1012.0  10.1   9.2 999.0 99.0 99.00
2019 05 06 11 50 349  6.5  7.8  1.54  7.14  5.15  90 1012.7  10.4   9.2 999.0 99.0 99.00
2019 05 06 12 50 354  6.1  7.1  1.53  7.14  5.26 107 1013.5  10.5   9.3 999.0 99.0 99.00
2019 05 06 13 50   4  4.5  5.3  1.53  7.14  5.26  98 1014.2  10.5   9.4 999.0 99.0 99.00
2019 05 06 14 50  34  4.8  6.0  1.42  6.67  5.08  87 1015.2  10.5   9.5 999.0 99.0 99.00
2019 05 06 15 50  30  4.6  5.5  1.40  7.69  5.16 109 1015.8  10.5   9.6 999.0 99.0 99.00
2019 05 06 16 50  36  3.6  4.1  1.33  6.67  5.37  84 1016.0  10.9   9.8 999.0 99.0 99.00
2019 05 06 17 50  70  3.9  4.5  1.50  7.14  5.74  95 1016.2  11.2  10.0 999.0 99.0 99.00
2019 05 06 18 50  82  3.7  4.3  1.33  7.14  5.64 105 1015.9  11.4  10.2 999.0 99.0 99.00
2019 05 06 19 50 123  1.8  2.4  1.34  7.14  5.45 107 1016.2  11.6  10.4 999.0 99.0 99.00
2019 05 06 20 50 180  2.2  3.1  1.41  6.67  5.62  91 1016.8  12.3  10.8 999.0 99.0 99.00
2019 05 06 21 50 148  2.4  3.0  1.32  6.67  5.59  84 1017.6  11.5  10.8 999.0 99.0 99.00
2019 05 06 22 50 154  3.7  4.3  1.23  6.67  5.64  78 1017.4  11.6  10.7 999.0 99.0 99.00
2019 05 06 23 50 136  4.5  5.4  1.29  6.67  5.75  81 1018.0  11.4  10.4 999.0 99.0 99.00
2019 05 07 00 50 137  2.4  2.8  1.33  6.67  5.83  73 1019.1  11.1  10.2 999.0 99.0 99.00
2019 05 07 01 50 118  0.9  1.3  1.28  7.14  5.94  80 1020.4  11.0  10.2 999.0 99.0 99.00
2019 05 07 02 50 104  3.0  3.8  1.17  6.67  6.05  77 1020.2  11.0  10.1 999.0 99.0 99.00
2019 05 07 03 50 136  2.2  2.9  1.07  6.67  5.78  55 1020.7  10.7  10.1 999.0 99.0 99.00
2019 05 07 04 50 149  2.2  3.1  1.09  7.14  6.06  84 1021.2  10.6  10.0 999.0 99.0 99.00
2019 05 07 05 50 167  1.1  1.7  1.09  7.69  6.04  83 1021.4  10.3   9.9 999.0 99.0 99.00
2019 05 07 06 50 223  0.8  1.2  1.06  8.33  6.07 109 1021.5  10.2   9.9 999.0 99.0 99.00
2019 05 07 07 50 119  1.0  1.5  1.24  7.69  6.32  87 1021.6  10.0   9.8 999.0 99.0 99.00
2019 05 07 08 50 181  1.2  1.9  1.30  7.69  6.17  86 1021.8  10.0   9.8 999.0 99.0 99.00
2019 05 07 09 50 151  1.3  1.8  1.34  7.14  6.15  85 1021.9  10.0   9.8 999.0 99.0 99.00
2019 05 07 10 50 141  2.7  3.2  1.43  7.69  6.17  78 1022.1  10.2   9.8 999.0 99.0 99.00
2019 05 07 11 50 159  2.4  3.2  1.29  9.09  5.98  94 1022.6  10.4   9.8 999.0 99.0 99.00
2019 05 07 12 50 153  3.6  4.2  1.43  8.33  6.18  89 1022.6  10.4   9.8 999.0 99.0 99.00
2019 05 07 13 50 157  4.5  5.1  1.36  8.33  6.12  84 1022.5  10.4  10.0 999.0 99.0 99.00
2019 05 07 14 50 173  4.7  5.5  1.44  9.09  6.22  80 1022.6  10.6  10.1 999.0 99.0 99.00
2019 05 07 15 50 169  3.8  4.4  1.55  9.09  6.75  85 1023.0  10.8  10.1 999.0 99.0 99.00
2019 05 07 16 50 173  4.1  4.7  1.58  9.09  6.98  93 1022.6  11.0  10.2 999.0 99.0 99.00
2019 05 07 17 50 182  3.9  4.9  1.46 10.00  7.15  82 1022.6  11.1  10.3 999.0 99.0 99.00
2019 05 07 18 50 189  5.1  5.8  1.50 10.00  7.10  78 1022.2  11.4  10.4 999.0 99.0 99.00
2019 05 07 19 50 183  5.9  7.0  1.49  9.09  7.04  87 1021.3  11.8  10.6 999.0 99.0 99.00
2019 05 07 20 50 191  6.3  7.2  1.43  9.09  6.51  77 1020.7  12.1  10.5 999.0 99.0 99.00
2019 05 07 21 50 191  6.4  7.2  1.33 10.00  5.91  82 1020.3  12.2  10.4 999.0 99.0 99.00
2019 05 07 22 50 195  7.4  8.6  1.31  8.33  5.73  71 1019.7  12.4  10.5 999.0 99.0 99.00
2019 05 07 23 50 198  6.4  7.4  1.34  8.33  5.41  77 1019.6  12.1  10.4 999.0 99.0 99.00
2019 05 08 00 50 201  6.1  7.2  1.35 10.00  5.63  82 1019.8  12.2  10.4 999.0 99.0 99.00
2019 05 08 01 50 208  5.6  6.6  1.31 12.12  5.70  88 1020.1  12.1  10.4 999.0 99.0 99.00
2019 05 08 02 50 252  6.5  8.9  1.40 11.43  6.06  84 1020.7  12.6  10.4 999.0 99.0 99.00
2019 05 08 03 50 218  6.9  8.5  1.60 10.00  6.58  93 1020.2  12.7  10.4 999.0 99.0 99.00
2019 05 08 04 50 246  4.6  5.7  1.42 10.81  5.94  92 1019.9  13.0  10.3 999.0 99.0 99.00
2019 05 08 05 50 281  4.7  6.0  1.41  9.09  5.74  93 1020.4  11.6  10.2 999.0 99.0 99.00
2019 05 08 06 50 291  3.7  4.8  1.39  8.33  6.22  98 1020.2  11.6  10.2 999.0 99.0 99.00
2019 05 08 07 50 314  3.6  4.6  1.29  9.09  6.31  94 1020.7  11.5  10.2 999.0 99.0 99.00
2019 05 08 08 50 321  3.1  4.0  1.42 10.81  7.06 100 1021.2  11.5  10.2 999.0 99.0 99.00
2019 05 08 09 50 331  2.6  4.1  1.47 10.00  7.18 108 1021.6  11.6  10.2 999.0 99.0 99.00
2019 05 08 10 50   7  3.1  3.8  1.48 11.43  7.56 117 1022.2  11.8  10.2 999.0 99.0 99.00
2019 05 08 11 50  28  3.6  4.1  1.54 14.81  7.59 117 1022.2  11.7  10.2 999.0 99.0 99.00
2019 05 08 12 50  22  4.0  4.7  1.58 11.43  7.77 104 1022.5  11.5  10.2 999.0 99.0 99.00
2019 05 08 13 50   9  3.3  3.8  1.62 13.79  7.74 112 1023.2  11.5  10.3 999.0 99.0 99.00
2019 05 08 14 50  14  3.0  3.6  1.43 11.43  7.23 115 1023.7  11.7  10.4 999.0 99.0 99.00
2019 05 08 15 50  28  3.3  3.8  1.54 12.90  7.57 112 1023.4  11.8  10.4 999.0 99.0 99.00
2019 05 08 16 50  42  3.1  3.6  1.38 11.43  7.44 121 1023.6  12.1  10.6 999.0 99.0 99.00
2019 05 08 17 50  56  3.8  4.5  1.47 12.90  7.73 118 1023.4  12.2  10.9 999.0 99.0 99.00
2019 05 08 18 50  77  4.8  5.6  1.53 13.79  8.08 109 1022.9  12.1  10.9 999.0 99.0 99.00
2019 05 08 19 50 108  4.7  5.7  1.59 12.90  8.39 134 1023.0  11.9  10.9 999.0 99.0 99.00
2019 05 08 20 50 126  4.3  5.4  1.38 13.79  7.63 137 1023.0  11.7  10.9 999.0 99.0 99.00
2019 05 08 21 50 134  4.0  4.9  1.39 10.81  7.25 117 1022.8  11.7  11.0 999.0 99.0 99.00
2019 05 08 22 50 148  3.5  4.3  1.53 12.90  7.62 139 1023.0  11.4  11.0 999.0 99.0 99.00
2019 05 08 23 50 157  3.4  4.0  1.34 12.90  7.55 104 1023.1  11.2  10.9 999.0 99.0 99.00
2019 05 09 00 50 172  3.7  4.6  1.29 13.79  7.31 118 1023.8  11.1  10.9 999.0 99.0 99.00
2019 05 09 01 50 141  2.0  2.6  1.42 12.90  7.93 129 1024.3  11.0  10.9 999.0 99.0 99.00
2019 05 09 02 50 111  0.7  1.4  1.32 11.43  7.32 110 1024.8  11.1  10.8 999.0 99.0 99.00
2019 05 09 03 50  46  1.4  1.8  1.33 12.90  7.38 101 1025.0  10.8  10.7 999.0 99.0 99.00
2019 05 09 04 50  43  3.5  4.3  1.24 11.43  7.52 115 1025.2  10.7  10.7 999.0 99.0 99.00
2019 05 09 05 50  61  5.1  6.3  1.37 12.90  8.10 111 1025.3  10.7  10.7 999.0 99.0 99.00
2019 05 09 06 50  71  5.0  6.1  1.34 12.12  7.40 122 1025.7  10.7  10.6 999.0 99.0 99.00
2019 05 09 07 50  72  4.5  5.7  1.38 11.43  7.24 123 1026.1  10.6  10.7 999.0 99.0 99.00
2019 05 09 08 50  71  5.6  6.6  1.47 12.12  7.54 127 1025.5  10.5  10.7 999.0 99.0 99.00
2019 05 09 09 50  64  6.0  7.2  1.47 11.43  7.14 131 1025.6  10.6  10.7 999.0 99.0 99.00
2019 05 09 10 50  78  6.0  7.1  1.24 12.12  5.96 138 1026.2  10.9  10.6 999.0 99.0 99.00
2019 05 09 11 50  77  7.0  8.2  1.22 12.12  5.72 145 1026.9  10.7  10.6 999.0 99.0 99.00
2019 05 09 12 50  72  7.7  9.6  1.37 10.81  5.21 121 1027.1  10.9  10.6 999.0 99.0 99.00
2019 05 09 14 50  84  7.9  9.8  1.40 11.43  4.90 121 1026.5  10.9  10.6 999.0 99.0 99.00
2019 05 09 15 50  94  8.3 10.3  1.56 10.81  5.27 118 1026.5  10.8  10.7 999.0 99.0 99.00
2019 05 09 16 50  88  9.7 11.7  1.58 11.43  4.97  88 1026.0  10.6  10.6 999.0 99.0 99.00
2019 05 09 17 50  92  9.0 10.3  1.66 11.43  4.92 137 1026.1  10.4  10.6 999.0 99.0 99.00
2019 05 09 18 50  95  7.5  9.2  1.77 11.43  5.27 136 1026.1  10.6  10.6 999.0 99.0 99.00
2019 05 09 19 50 100  7.3  9.0  1.60 11.43  5.12 135 1025.8  10.5  10.6 999.0 99.0 99.00
2019 05 09 20 50 106  7.5  8.7  1.53 11.43  5.08 102 1025.4  10.7  10.6 999.0 99.0 99.00
2019 05 09 21 50 102  7.8  8.9  1.58 11.43  5.05 128 1025.2  10.8  10.6 999.0 99.0 99.00
2019 05 09 22 50  96  7.9  9.4  1.54  5.00  4.88  84 1024.6  10.8  10.6 999.0 99.0 99.00
2019 05 09 23 50 102  7.6  9.3  1.44 11.43  4.82 135 1024.5  10.9  10.6 999.0 99.0 99.00
2019 05 10 00 50 107  8.1 10.0  1.38 11.43  4.81 131 1024.1  11.1  10.6 999.0 99.0 99.00
2019 05 10 01 50 111  8.0  9.5  1.44  5.00  4.93 101 1023.8  11.2  10.6 999.0 99.0 99.00
2019 05 10 02 50 121  8.1  9.8  1.42  5.56  4.81 116 1023.2  11.5  10.6 999.0 99.0 99.00
2019 05 10 03 50 129  9.0 10.5  1.43 11.43  4.94 125 1022.7  11.9  10.6 999.0 99.0 99.00
2019 05 10 04 50 130  8.3 10.4  1.46 10.81  4.76  93 1022.7  11.9  10.5 999.0 99.0 99.00
2019 05 10 05 50 142  9.8 11.3  1.59  5.26  4.93 131 1021.7  11.9  10.5 999.0 99.0 99.00
2019 05 10 06 50 148  9.3 11.3  1.77  5.26  4.90 144 1021.4  11.8  10.5 999.0 99.0 99.00
2019 05 10 07 50 147  8.3  9.9  1.63  5.56  4.85 144 1021.0  11.7  10.5 999.0 99.0 99.00
2019 05 10 08 50 148  7.7  9.1  1.62  5.56  5.06 143 1021.0  11.7  10.5 999.0 99.0 99.00
2019 05 10 09 50 146  7.5  8.9  1.73  5.26  5.19 134 1020.5  11.7  10.4 999.0 99.0 99.00
2019 05 10 10 50 151  8.2 10.3  1.58  7.14  5.15 141 1020.3  12.1  10.4 999.0 99.0 99.00
2019 05 10 11 50 151  8.3  9.6  1.60  6.67  5.19 130 1019.9  12.1  10.3 999.0 99.0 99.00
2019 05 10 12 50 152  7.9  9.0  1.70  5.88  5.27 132 1019.1  12.2  10.3 999.0 99.0 99.00
2019 05 10 13 50 161  6.9  8.2  1.63  7.14  5.16 142 1018.6  12.2  10.3 999.0 99.0 99.00
2019 05 10 14 50 161  6.4  7.4  1.66  5.88  5.22 124 1018.2  12.4  10.2 999.0 99.0 99.00
2019 05 10 15 50 178  6.2  7.1  1.67  7.14  5.32 131 1018.1  13.0  10.3 999.0 99.0 99.00
2019 05 10 16 50 188  6.9  7.8  1.44  6.67  5.27 126 1017.1  13.0  10.3 999.0 99.0 99.00
2019 05 10 17 50 200  7.6  8.8  1.48  6.67  5.27 139 1016.7  13.3  10.3 999.0 99.0 99.00
2019 05 10 18 50 196  6.4  7.1  1.35  7.69  5.10 123 1016.2  13.1  10.3 999.0 99.0 99.00
2019 05 10 19 50 205  7.7  8.7  1.42  6.67  5.01 127 1015.3  13.5  10.3 999.0 99.0 99.00
2019 05 10 20 50 201  7.6  8.6  1.41  6.67  5.10 140 1015.0  13.2  10.3 999.0 99.0 99.00
2019 05 10 21 50 200  8.3  9.5  1.34  6.67  4.83 152 1014.5  13.2  10.4 999.0 99.0 99.00
2019 05 10 22 50 206  9.6 11.0  1.36  6.67  4.90 139 1014.3  13.5  10.4 999.0 99.0 99.00
2019 05 10 23 50 214  8.9 10.4  1.49  4.55  4.82 194 1014.7  13.7  10.4 999.0 99.0 99.00
2019 05 11 00 50 218  9.3 11.4  1.51  6.25  4.71 128 1014.7  13.7  10.4 999.0 99.0 99.00
2019 05 11 01 50 216 10.8 12.4  1.56  4.76  4.58 198 1013.8  13.7  10.4 999.0 99.0 99.00
2019 05 11 02 50 213  7.9  9.1  1.54  5.00  4.79 204 1013.9  13.1  10.3 999.0 99.0 99.00
2019 05 11 03 50 222  8.5  9.6  1.41  6.67  4.56 145 1013.8  13.5  10.3 999.0 99.0 99.00
2019 05 11 04 50 228  8.3  9.4  1.49  6.25  4.70 147 1013.2  13.5  10.4 999.0 99.0 99.00
2019 05 11 05 50 221  6.9  8.0  1.45  5.00  4.77 181 1013.2  13.2  10.4 999.0 99.0 99.00
2019 05 11 06 50 228  7.9  8.8  1.50  5.56  4.87 171 1012.9  13.0  10.5 999.0 99.0 99.00
2019 05 11 07 50 256  5.4  6.9  1.43  6.25  5.08 143 1013.0  12.6  10.5 999.0 99.0 99.00
2019 05 11 08 50 312  3.6  4.1  1.42  5.88  5.31 155 1013.4  12.8  10.5 999.0 99.0 99.00
2019 05 11 09 50 338  3.3  4.0  1.44  7.14  5.64 146 1013.8  12.5  10.5 999.0 99.0 99.00
2019 05 11 10 50 340  3.3  4.2  1.28  7.14  5.53 146 1015.3  12.4  10.5 999.0 99.0 99.00
2019 05 11 11 50 351  2.9  3.7  1.29  7.69  5.83 151 1016.1  12.3  10.5 999.0 99.0 99.00
2019 05 11 12 50   5  3.1  3.8  1.30  8.33  5.87 156 1016.6  12.1  10.6 999.0 99.0 99.00
2019 05 11 13 50 346  3.6  4.3  1.29  7.14  5.86 152 1017.1  12.1  10.7 999.0 99.0 99.00
2019 05 11 14 50   7  2.5  3.2  1.26  6.67  5.81 158 1016.8  11.8  10.9 999.0 99.0 99.00
2019 05 11 15 50 350  2.6  3.4  1.22  7.14  5.73 160 1016.9  11.9  11.2 999.0 99.0 99.00
2019 05 11 16 50 339  2.3  3.2  1.20  7.14  5.52 158 1017.0  12.2  11.3 999.0 99.0 99.00
2019 05 11 17 50 226  2.3  3.2  1.25  7.14  5.69 147 1017.1  12.6  11.9 999.0 99.0 99.00
2019 05 11 18 50 233  2.9  3.4  1.21  7.69  5.53 145 1016.8  12.9  12.4 999.0 99.0 99.00
2019 05 11 19 50 208  3.5  4.1  1.13  8.33  5.59 134 1016.2  13.0  12.5 999.0 99.0 99.00
2019 05 11 20 50 200  3.6  4.2  1.18  7.14  5.90 153 1015.8  13.1  12.5 999.0 99.0 99.00
2019 05 11 21 50 190  3.0  3.4  0.97  9.09  5.77 117 1015.6  13.3  12.5 999.0 99.0 99.00
2019 05 11 22 50 194  2.3  2.9  0.94  7.14  6.00 141 1015.5  13.5  12.5 999.0 99.0 99.00
2019 05 11 23 50 164  1.7  2.2  0.91  7.14  6.03 154 1016.0  13.4  12.5 999.0 99.0 99.00
2019 05 12 00 50 194  3.0  3.4  0.96  8.33  6.09 133 1016.0  13.3  12.5 999.0 99.0 99.00
2019 05 12 01 50 237  3.3  3.7  0.95  8.33  6.28 133 1015.9  12.8  12.5 999.0 99.0 99.00
2019 05 12 02 50 255  2.7  3.4  0.96  7.69  6.20 156 1015.8  12.6  12.4 999.0 99.0 99.00
2019 05 12 03 50 355  2.2  2.8  0.89  8.33  6.19 117 1015.6  12.1  12.3 999.0 99.0 99.00
2019 05 12 04 50 228  0.3  0.6  0.85  7.69  6.21 154 1015.5  12.1  12.1 999.0 99.0 99.00
2019 05 12 05 50 124  0.7  1.4  0.76  7.69  6.02 146 1014.7  12.2  11.8 999.0 99.0 99.00
2019 05 12 06 50  54  2.5  3.2  0.76  7.69  5.84 140 1014.3  11.9  11.4 999.0 99.0 99.00
2019 05 12 07 50 360  3.2  4.4  0.70  8.33  5.82 121 1014.7  11.3  11.4 999.0 99.0 99.00
2019 05 12 08 50  67  6.8  8.0  0.72  8.33  5.76 136 1013.4  11.3  11.3 999.0 99.0 99.00
2019 05 12 09 50  69  6.8  8.2  0.73  7.69  4.73 139 1014.2  10.7  11.2 999.0 99.0 99.00
2019 05 12 10 50  62 11.2 13.4  0.84  9.09  3.89 121 1013.7  10.4  11.0 999.0 99.0 99.00
2019 05 12 11 50  73 13.5 16.6  1.11  3.85  3.83  64 1013.4   9.9  10.9 999.0 99.0 99.00
2019 05 12 12 50  77 13.6 17.2  1.70  4.76  4.33  55 1013.4   9.7  10.7 999.0 99.0 99.00
2019 05 12 13 50  79 13.9 17.4  2.08  5.88  4.78  60 1013.3   9.0  10.6 999.0 99.0 99.00
2019 05 12 14 50  74 13.6 16.2  2.33  5.88  5.06  70 1012.8   9.0  10.5 999.0 99.0 99.00
2019 05 12 15 50  73 14.2 17.3  2.60  6.67  5.45  76 1012.2   9.0  10.4 999.0 99.0 99.00
2019 05 12 16 50  71 14.8 18.6  2.87  7.14  5.56  76 1011.3   8.4  10.3 999.0 99.0 99.00
2019 05 12 17 50  76 14.3 17.7  3.43  7.69  6.11  74 1010.6   8.2  10.2 999.0 99.0 99.00
2019 05 12 18 50  74 15.1 17.5  3.66  7.69  6.24  79 1009.8   8.0  10.1 999.0 99.0 99.00
2019 05 12 19 50  69 12.4 15.6  3.49  7.69  6.25  78 1010.9   7.9  10.1 999.0 99.0 99.00
2019 05 12 20 50  63 13.8 16.4  3.25  7.69  6.13  88 1010.0   7.9  10.0 999.0 99.0 99.00
2019 05 12 21 50  56 13.6 16.2  3.37  8.33  6.29  92 1010.1   8.0  10.0 999.0 99.0 99.00
2019 05 12 22 50  59 14.0 16.7  3.18  8.33  6.36 101 1009.4   7.8   9.9 999.0 99.0 99.00
2019 05 12 23 50  58 13.4 15.6  3.23  8.33  6.25 103 1010.1   8.2   9.9 999.0 99.0 99.00
2019 05 13 00 50  63 13.4 16.0  3.44  7.69  6.33  82 1009.9   8.1   9.9 999.0 99.0 99.00
2019 05 13 01 50  57 13.0 15.5  3.23  8.33  6.24  94 1010.5   8.2   9.8 999.0 99.0 99.00
2019 05 13 02 50  64 12.0 14.5  3.28  8.33  6.25 101 1011.1   8.2   9.9 999.0 99.0 99.00
2019 05 13 03 50  66 12.1 15.1  2.98  8.33  6.01 110 1010.9   8.2   9.9 999.0 99.0 99.00
2019 05 13 04 50  68 11.6 13.7  2.90  7.69  6.08  95 1011.0   8.1   9.8 999.0 99.0 99.00
2019 05 13 05 50  63 11.1 14.2  3.07  9.09  6.24 109 1010.2   8.1   9.9 999.0 99.0 99.00
2019 05 13 06 50  60 11.0 13.2  2.80  9.09  6.01 106 1009.8   8.2   9.9 999.0 99.0 99.00
2019 05 13 07 50  66 10.4 12.6  2.95  7.14  6.28  92 1010.3   8.2   9.8 999.0 99.0 99.00
2019 05 13 08 50  70 10.4 12.5  2.78  9.09  6.31 111 1009.6   8.3   9.8 999.0 99.0 99.00
2019 05 13 09 50  75  9.9 12.4  2.65  9.09  6.11 111 1010.2   8.4   9.8 999.0 99.0 99.00
2019 05 13 10 50  77  9.8 12.2  3.02  9.09  6.49 106 1011.0   8.5   9.8 999.0 99.0 99.00
2019 05 13 11 50  79  9.5 11.5  2.56  8.33  5.88 112 1011.2   8.5   9.8 999.0 99.0 99.00
2019 05 13 12 50  76 11.0 13.1  2.62  8.33  5.96  99 1010.8   8.6   9.8 999.0 99.0 99.00
2019 05 13 13 50  84 10.7 12.6  2.62  9.09  5.97  99 1010.7   8.7   9.7 999.0 99.0 99.00
2019 05 13 14 50  80 10.3 12.9  2.69  9.09  6.06  97 1010.5   8.8   9.6 999.0 99.0 99.00
2019 05 13 15 50  78 11.5 13.4  2.53  8.33  5.85  97 1009.8   8.6   9.6 999.0 99.0 99.00
2019 05 13 16 50  75 10.8 13.4  2.55  9.09  5.73 101 1009.2   8.6   9.5 999.0 99.0 99.00
2019 05 13 17 50  77 11.3 13.7  2.54  8.33  5.76 106 1008.4   8.7   9.5 999.0 99.0 99.00
2019 05 13 18 50  74 11.5 13.9  2.87  8.33  6.11 102 1007.7   8.6   9.6 999.0 99.0 99.00
2019 05 13 19 50  67 10.1 11.8  2.84  9.09  5.95 104 1008.0   8.5   9.6 999.0 99.0 99.00
2019 05 13 20 50  70 10.9 12.9  2.65  7.14  5.94  84 1007.2   8.7   9.7 999.0 99.0 99.00
2019 05 13 21 50  68 10.7 12.6  2.55  7.14  5.76 100 1007.5   8.6   9.6 999.0 99.0 99.00
2019 05 13 22 50  48  9.4 11.1  2.59  7.69  5.87  94 1008.8   8.6   9.6 999.0 99.0 99.00
2019 05 13 23 50  45 10.5 12.2  2.55  8.33  5.74  99 1009.0   8.4   9.6 999.0 99.0 99.00
2019 05 14 00 50  50 11.0 13.1  2.78  7.14  5.86  91 1008.8   8.3   9.6 999.0 99.0 99.00
2019 05 14 01 50  52 11.1 13.5  2.58  8.33  5.85  89 1009.1   8.5   9.6 999.0 99.0 99.00
2019 05 14 02 50  53 10.2 12.5  2.77  8.33  5.91  96 1008.9   8.6   9.6 999.0 99.0 99.00
2019 05 14 03 50  45  8.6 10.3  2.71  9.09  6.04  99 1009.2   8.7   9.5 999.0 99.0 99.00
2019 05 14 04 50  31  8.4 10.3  2.54  9.09  5.88 101 1009.0   8.2   9.5 999.0 99.0 99.00
2019 05 14 05 50  26  7.2  8.6  2.55  9.09  6.03  94 1008.7   8.0   9.4 999.0 99.0 99.00
2019 05 14 06 50  25  6.6  7.5  2.40  8.33  6.13  94 1008.8   8.1   9.4 999.0 99.0 99.00
2019 05 14 07 50  35  5.9  7.1  2.30  8.33  6.21  97 1008.5   8.0   9.4 999.0 99.0 99.00
2019 05 14 08 50  31  5.5  6.6  2.24  7.69  6.20  95 1008.7   8.1   9.3 999.0 99.0 99.00
2019 05 14 09 50  17  6.1  7.4  2.04  8.33  6.27 105 1009.0   7.8   9.3 999.0 99.0 99.00
2019 05 14 10 50  17  4.9  6.2  2.01  9.09  6.42 105 1009.8   7.8   9.3 999.0 99.0 99.00
2019 05 14 11 50  20  4.2  4.9  1.85  8.33  6.12  87 1010.1   7.9   9.4 999.0 99.0 99.00
2019 05 14 12 50  24  3.5  4.5  1.94  8.33  6.41  93 1010.4   7.8   9.4 999.0 99.0 99.00
2019 05 14 13 50   8  3.0  3.9  1.91  8.33  6.35  93 1010.6   7.9   9.5 999.0 99.0 99.00
2019 05 14 14 50  36  2.5  3.3  1.96  9.09  6.62  99 1010.8   7.9   9.6 999.0 99.0 99.00
2019 05 14 15 50  72  1.8  2.7  1.74  8.33  6.30 100 1010.8   8.1   9.7 999.0 99.0 99.00
2019 05 14 16 50  87  1.5  2.6  1.70  9.09  6.34  98 1010.2   8.3   9.9 999.0 99.0 99.00
2019 05 14 17 50 157  0.9  1.5  1.57  8.33  6.29 103 1009.9   8.8  10.3 999.0 99.0 99.00
2019 05 14 18 50 164  1.5  2.3  1.39  8.33  5.94 110 1009.6   8.7  10.8 999.0 99.0 99.00
2019 05 14 19 50 148  1.6  2.4  1.38  8.33  6.18 108 1009.3   8.6  10.5 999.0 99.0 99.00
2019 05 14 20 50 138  2.7  3.4  1.38  6.67  6.18  99 1009.1   8.4  10.1 999.0 99.0 99.00
2019 05 14 21 50 137  2.5  3.4  1.31  8.33  6.38 115 1009.2   8.6   9.8 999.0 99.0 99.00
2019 05 14 22 50 145  3.5  4.3  1.23  9.09  6.33 101 1009.2   8.5   9.7 999.0 99.0 99.00
2019 05 14 23 50 142  3.4  4.7  1.12  7.69  6.47  92 1009.5   8.8   9.7 999.0 99.0 99.00
2019 05 15 00 50 141  3.3  4.1  1.28  8.33  6.98  93 1009.6   8.9   9.7 999.0 99.0 99.00
2019 05 15 01 50 144  2.8  3.4  1.28  7.69  7.16 102 1009.8   9.0   9.6 999.0 99.0 99.00
2019 05 15 02 50  76  1.9  2.4  1.32  8.33  7.17  98 1009.8   8.9   9.6 999.0 99.0 99.00
2019 05 15 03 50  57  3.1  3.6  1.30  8.33  7.20 102 1009.6   8.6   9.6 999.0 99.0 99.00
2019 05 15 04 50   3  2.2  3.0  1.22  7.69  7.28  98 1009.7   8.7   9.5 999.0 99.0 99.00
2019 05 15 05 50 347  3.3  4.0  1.24  8.33  7.27 103 1009.3   9.0   9.6 999.0 99.0 99.00
2019 05 15 06 50 331  3.4  4.3  1.06 10.00  7.10  96 1009.3   9.3   9.6 999.0 99.0 99.00
2019 05 15 07 50 339  6.6  8.3  1.09  9.09  6.85  89 1009.5   8.8   9.6 999.0 99.0 99.00
2019 05 15 08 50 332  6.5  7.7  1.12 10.00  5.47 123 1009.8   9.0   9.7 999.0 99.0 99.00
2019 05 15 09 50 328  7.8  8.9  1.22 10.81  4.89 122 1010.0   9.0   9.6 999.0 99.0 99.00
2019 05 15 10 50 333  7.7  8.7  1.27 10.00  4.93  99 1010.5   9.3   9.5 999.0 99.0 99.00
2019 05 15 11 50 324  6.0  6.9  1.28 10.00  5.25 114 1011.2   9.4   9.5 999.0 99.0 99.00
2019 05 15 12 50 311  6.3  7.4  1.17  9.09  5.19  94 1011.6   9.5   9.5 999.0 99.0 99.00
2019 05 15 13 50 297  5.8  6.8  1.16 10.00  5.24 101 1011.7   9.9   9.5 999.0 99.0 99.00
2019 05 15 14 50 292  6.5  7.9  1.17  9.09  5.95 101 1011.8  10.2   9.6 999.0 99.0 99.00
2019 05 15 15 50 274  5.2  6.1  1.10  9.09  5.64  87 1011.9  10.5   9.7 999.0 99.0 99.00
2019 05 15 16 50 249  4.1  5.2  1.05 12.12  6.37 126 1011.4  10.7   9.9 999.0 99.0 99.00
2019 05 15 17 50 245  4.5  5.3  0.99  9.09  5.77  83 1011.2  11.0   9.9 999.0 99.0 99.00
2019 05 15 18 50 219  4.3  5.1  1.00 12.12  6.65 134 1010.6  11.0  10.1 999.0 99.0 99.00
2019 05 15 19 50 206  5.2  6.4  0.89 11.43  6.27 132 1010.2  11.0  10.3 999.0 99.0 99.00
2019 05 15 20 50 204  6.7  8.0  0.88 14.81  5.80 169 1010.1  11.1  10.2 999.0 99.0 99.00
2019 05 15 21 50 203  7.1  8.4  0.88 14.81  4.95 127 1010.0  11.2  10.2 999.0 99.0 99.00
2019 05 15 22 50 198  6.1  7.1  0.99 12.90  5.11 120 1009.7  11.3  10.1 999.0 99.0 99.00
2019 05 15 23 50 206  7.1  8.1  0.98 16.00  4.75 111 1009.8  11.3  10.1 999.0 99.0 99.00
2019 05 16 00 50 211  6.3  7.2  0.95 14.81  4.83 151 1010.1  11.4  10.0 999.0 99.0 99.00
2019 05 16 01 50 228  5.9  7.2  0.95 16.00  4.94 183 1010.3  11.6   9.7 999.0 99.0 99.00
2019 05 16 02 50 245  4.4  5.3  0.88 12.12  4.92  98 1010.6  11.7   9.5 999.0 99.0 99.00
2019 05 16 03 50 270  3.1  3.9  0.97 11.43  5.19 126 1010.5  12.3   9.7 999.0 99.0 99.00
2019 05 16 04 50 292  1.2  1.8  1.00 14.81  5.52 168 1010.3  12.4   9.7 999.0 99.0 99.00
2019 05 16 05 50 326  2.2  3.6  0.86 10.81  5.64 114 1010.0  12.7   9.7 999.0 99.0 99.00
2019 05 16 06 50   3  4.6  5.3  0.80 14.81  5.86 166 1010.2  12.3   9.8 999.0 99.0 99.00
2019 05 16 07 50  15  2.0  2.4  0.88 16.00  6.25  78 1010.5  12.0   9.7 999.0 99.0 99.00
2019 05 16 08 50 228  1.2  2.0  0.84 16.00  5.65 128 1010.5  12.0  10.1 999.0 99.0 99.00
2019 05 16 09 50 217  1.1  1.4  0.78 12.90  5.86 127 1010.8  11.3  10.2 999.0 99.0 99.00
2019 05 16 10 50 208  2.8  3.6  0.80 16.00  6.15 124 1010.9  11.9  10.3 999.0 99.0 99.00
2019 05 16 11 50 222  2.3  2.6  0.76 16.00  6.27 145 1011.5  11.5  10.3 999.0 99.0 99.00
2019 05 16 12 50 272  2.9  3.4  0.85 14.81  6.63 119 1012.0  12.0  10.4 999.0 99.0 99.00
2019 05 16 13 50 243  4.8  5.7  0.82 14.81  6.32 120 1012.1  11.7  10.4 999.0 99.0 99.00
2019 05 16 14 50 229  5.6  6.5  0.81 14.81  5.78 135 1011.9  11.7  10.4 999.0 99.0 99.00
2019 05 16 15 50 234  5.1  5.8  0.84 14.81  5.41  91 1011.7  11.9  10.6 999.0 99.0 99.00
2019 05 16 16 50 238  4.0  4.6  0.92 12.90  5.55 114 1011.5  12.0  10.8 999.0 99.0 99.00
2019 05 16 17 50 226  5.1  5.7  0.98 14.81  5.76 159 1011.3  12.4  11.0 999.0 99.0 99.00
2019 05 16 18 50 220  4.8  5.4  0.91 14.81  5.65 194 1010.8  12.5  11.1 999.0 99.0 99.00
2019 05 16 19 50 212  5.5  6.3  0.95  7.14  5.51 168 1010.6  12.7  11.2 999.0 99.0 99.00
2019 05 16 20 50 221  6.4  7.4  0.96 14.81  5.55 149 1010.5  13.3  11.2 999.0 99.0 99.00
2019 05 16 21 50 221  6.3  7.4  1.07 14.81  5.44 117 1010.3  12.8  11.1 999.0 99.0 99.00
2019 05 16 22 50 214  5.7  6.5  1.04 14.81  5.25 153 1010.6  12.6  11.0 999.0 99.0 99.00
2019 05 16 23 50 210  5.1  6.2  1.01 14.81  5.43 110 1011.2  12.2  10.9 999.0 99.0 99.00
2019 05 17 00 50 203  4.7  5.4  1.05  6.67  5.47 181 1011.7  12.1  11.1 999.0 99.0 99.00
2019 05 17 01 50 201  4.5  5.2  1.02  6.67  5.46 180 1011.9  12.1  11.1 999.0 99.0 99.00
2019 05 17 02 50 195  2.9  3.5  0.99  6.67  5.67 179 1012.1  12.1  10.9 999.0 99.0 99.00
2019 05 17 03 50 213  2.9  3.5  0.94  6.67  5.44 184 1012.5  12.2  11.1 999.0 99.0 99.00
2019 05 17 04 50 210  2.9  3.8  0.94  6.67  5.74 196 1012.4  12.2  10.9 999.0 99.0 99.00
2019 05 17 05 50 214  4.6  5.5  0.91  6.67  5.62 191 1011.5  12.5  10.9 999.0 99.0 99.00
2019 05 17 06 50 220  5.2  6.1  0.89  6.25  5.30 186 1011.2  12.8  10.7 999.0 99.0 99.00
2019 05 17 07 50 217  4.9  5.4  0.95 13.79  5.30 183 1010.6  12.6  10.8 999.0 99.0 99.00
2019 05 17 08 50 219  6.1  6.8  0.91 13.79  5.14 153 1010.0  12.9  10.7 999.0 99.0 99.00
2019 05 17 09 50 224  7.2  8.0  0.88 13.79  4.86 214 1010.3  13.2  10.8 999.0 99.0 99.00
2019 05 17 10 50 215  6.4  7.2  1.01 14.81  4.48 122 1010.4  13.0  10.8 999.0 99.0 99.00
2019 05 17 11 50 211  6.8  7.6  0.97 14.81  4.54  99 1010.4  13.3  10.9 999.0 99.0 99.00
2019 05 17 12 50 208  7.5  8.4  0.95 13.79  4.56 113 1010.3  13.5  10.9 999.0 99.0 99.00
2019 05 17 13 50 208  7.7  8.8  0.97 14.81  4.43 134 1009.8  13.3  10.9 999.0 99.0 99.00
2019 05 17 14 50 211  7.4  8.8  0.98 14.81  4.69  96 1009.6  13.1  11.0 999.0 99.0 99.00
2019 05 17 15 50 207  7.7  8.9  0.97  5.56  4.34 181 1009.4  13.3  11.0 999.0 99.0 99.00
2019 05 17 16 50 199  7.4  8.7  1.06  5.56  4.46 175 1008.5  13.5  10.9 999.0 99.0 99.00
2019 05 17 17 50 196  6.6  7.6  1.00  5.56  4.39 192 1007.9  13.7  10.9 999.0 99.0 99.00
2019 05 17 18 50 208  7.0  8.3  0.99  5.00  4.34 191 1007.4  13.7  10.8 999.0 99.0 99.00
2019 05 17 19 50 216  7.6  8.9  1.02  5.00  4.37 190 1006.9  13.5  10.8 999.0 99.0 99.00
2019 05 17 20 50 215  5.3  6.0  1.07  5.00  4.54 189 1007.0  13.1  10.9 999.0 99.0 99.00
2019 05 17 21 50 223  6.0  6.6  1.02  5.26  4.64 186 1006.9  13.3  11.1 999.0 99.0 99.00
2019 05 17 22 50 231  4.6  5.3  1.06  5.26  4.68 191 1007.3  13.3  11.1 999.0 99.0 99.00
2019 05 17 23 50 226  6.2  6.8  1.10  5.26  4.73 193 1007.2  13.5  11.0 999.0 99.0 99.00
2019 05 18 00 50 232  6.1  7.0  1.21  5.26  4.71 204 1007.8  13.6  10.9 999.0 99.0 99.00
2019 05 18 01 50 243  5.7  6.5  1.09  5.26  4.75 207 1008.5  13.6  10.9 999.0 99.0 99.00
2019 05 18 02 50 256  4.9  5.5  0.97  5.26  4.59 195 1008.5  14.3  10.9 999.0 99.0 99.00
2019 05 18 03 50 310  3.9  4.5  0.90  5.26  4.79 194 1008.9  13.9  10.9 999.0 99.0 99.00
2019 05 18 04 50 270  4.0  4.8  0.84  5.26  4.93 189 1009.5  13.5  10.9 999.0 99.0 99.00
2019 05 18 05 50 298  4.0  4.5  0.86  5.00  5.00 197 1009.5  14.0  11.0 999.0 99.0 99.00
2019 05 18 06 50 322  6.6  8.0  0.79 13.79  5.22 140 1009.7  14.7  11.3 999.0 99.0 99.00
2019 05 18 07 50 327  5.6  6.5  0.79  5.26  4.71 190 1010.2  14.4  11.5 999.0 99.0 99.00
2019 05 18 08 50 342  3.8  4.4  0.75  5.56  4.53 185 1010.9  13.3  11.4 999.0 99.0 99.00
2019 05 18 09 50 354  2.9  3.3  0.81  5.56  4.90 174 1012.4  12.9  11.2 999.0 99.0 99.00
2019 05 18 10 50 355  3.9  4.7  0.80  5.56  5.20 189 1013.9  13.3  11.2 999.0 99.0 99.00
2019 05 18 11 50   4  4.6  5.1  0.74 14.81  5.16  93 1014.5  13.3  11.2 999.0 99.0 99.00
2019 05 18 12 50 353  3.4  4.1  0.80  5.26  5.32 180 1015.4  13.1  11.3 999.0 99.0 99.00
2019 05 18 13 50 306  2.1  2.6  0.70 13.79  5.35 145 1016.0  13.2  11.6 999.0 99.0 99.00
2019 05 18 14 50 268  1.8  2.4  0.80  5.88  5.49 181 1016.5  13.5  12.1 999.0 99.0 99.00
2019 05 18 15 50 249  1.4  1.7  0.73 12.90  5.51  87 1016.5  13.8  12.6 999.0 99.0 99.00
2019 05 18 16 50 219  3.5  4.0  0.68  5.56  5.50 183 1016.8  13.8  12.9 999.0 99.0 99.00
2019 05 18 17 50 221  4.2  4.7  0.70 13.79  5.65 130 1016.8  13.9  13.0 999.0 99.0 99.00
2019 05 18 18 50 202  2.9  3.5  0.65  8.33  5.63 108 1016.4  14.1  12.8 999.0 99.0 99.00
2019 05 18 19 50 178  2.4  2.9  0.71  8.33  6.00 137 1015.9  14.3  13.2 999.0 99.0 99.00
2019 05 18 20 50 188  4.1  5.0  0.73  5.88  5.92 158 1015.9  14.5  13.3 999.0 99.0 99.00
2019 05 18 21 50 204  5.4  6.2  0.74  5.56  5.79 170 1016.3  14.4  13.2 999.0 99.0 99.00
2019 05 18 22 50 201  5.3  6.4  0.78  6.67  5.41 178 1016.7  14.1  12.9 999.0 99.0 99.00
2019 05 18 23 50 198  5.2  5.9  0.78  7.14  5.30 184 1016.9  13.9  12.5 999.0 99.0 99.00
2019 05 19 00 50 198  4.8  5.6  0.78  7.69  4.93 179 1017.5  13.6  12.1 999.0 99.0 99.00
2019 05 19 01 50 202  5.0  5.7  0.76  6.25  5.09 182 1018.1  13.4  12.0 999.0 99.0 99.00
2019 05 19 02 50 200  4.2  5.1  0.77  7.14  4.87 181 1018.8  13.4  11.8 999.0 99.0 99.00
2019 05 19 03 50 193  3.5  4.0  0.73  7.69  5.18 183 1019.2  13.2  11.8 999.0 99.0 99.00
2019 05 19 04 50 203  4.6  5.3  0.77  7.69  5.39 176 1018.8  13.3  11.7 999.0 99.0 99.00
2019 05 19 05 50 161  3.3  4.2  0.76  7.69  5.48 172 1019.2  13.0  11.6 999.0 99.0 99.00
2019 05 19 06 50 168  4.5  5.4  0.74  7.14  5.67 184 1018.9  13.0  11.6 999.0 99.0 99.00
2019 05 19 07 50 169  3.9  4.4  0.80  7.14  5.44 186 1018.8  13.3  11.7 999.0 99.0 99.00
2019 05 19 08 50 167  4.4  5.4  0.70  7.14  5.22 215 1019.0  13.2  11.8 999.0 99.0 99.00
2019 05 19 09 50 170  4.8  5.7  0.69  7.14  5.07 184 1018.9  13.3  11.9 999.0 99.0 99.00
2019 05 19 10 50 194  4.7  5.7  0.72  7.14  4.92 175 1019.4  13.8  11.9 999.0 99.0 99.00
2019 05 19 11 50 172  3.9  4.3  0.68  7.14  4.74 185 1019.6  13.6  12.0 999.0 99.0 99.00
2019 05 19 12 50 174  4.9  5.4  0.71  6.25  4.75 195 1019.3  13.8  12.0 999.0 99.0 99.00
2019 05 19 13 50 179  6.2  7.3  0.74  7.14  4.66 182 1019.6  13.8  12.1 999.0 99.0 99.00
2019 05 19 14 50 152  6.0  7.1  0.71  6.67  4.64 184 1018.9  14.1  12.1 999.0 99.0 99.00
2019 05 19 15 50 152  7.1  8.3  0.69  6.67  4.26 203 1018.7  14.1  12.1 999.0 99.0 99.00
2019 05 19 16 50 159  6.0  6.9  0.74  7.69  4.25 107 1018.4  14.3  12.2 999.0 99.0 99.00
2019 05 19 17 50 162  6.4  7.2  0.75  7.14  4.33 177 1017.9  14.3  12.4 999.0 99.0 99.00
2019 05 19 18 50 177  7.1  8.2  0.81  6.25  4.18 188 1017.4  14.8  12.4 999.0 99.0 99.00
2019 05 19 19 50 177  6.5  7.4  0.89  3.70  4.08 141 1017.0  14.6  12.4 999.0 99.0 99.00
2019 05 19 20 50 181  7.2  8.3  0.86  3.85  4.12 148 1015.9  14.9  12.4 999.0 99.0 99.00
2019 05 19 21 50 182  7.7  8.6  0.85  3.70  3.87 157 1014.9  15.0  12.3 999.0 99.0 99.00
2019 05 19 22 50 188  6.9  7.9  0.86  4.17  4.00 135 1014.5  15.0  12.2 999.0 99.0 99.00
2019 05 19 23 50 188  7.6  8.7  0.91  4.00  3.99 146 1014.2  15.2  12.2 999.0 99.0 99.00
2019 05 20 00 50 189  8.3  9.4  1.06  4.55  4.05 190 1013.7  15.5  12.2 999.0 99.0 99.00
2019 05 20 01 50 198  7.0  7.9  1.11  4.35  4.18 191 1014.2  15.4  12.1 999.0 99.0 99.00
2019 05 20 02 50 201  7.9  9.0  1.20  4.17  4.22 194 1014.0  15.6  12.0 999.0 99.0 99.00
2019 05 20 03 50 213  7.2  8.4  1.24  5.00  4.50 193 1013.9  15.1  12.0 999.0 99.0 99.00
2019 05 20 04 50 245  5.4  6.1  1.21  5.56  4.59 162 1014.2  14.1  12.0 999.0 99.0 99.00
2019 05 20 05 50 213  4.5  5.1  1.17  5.56  4.50 159 1014.0  14.5  11.9 999.0 99.0 99.00
2019 05 20 06 50 195  3.3  4.3  1.17  5.56  4.74 156 1013.4  13.9  11.8 999.0 99.0 99.00
2019 05 20 07 50 277  3.5  4.6  1.12  5.26  4.67 176 1013.4  14.2  11.8 999.0 99.0 99.00
2019 05 20 08 50 209  2.1  3.0  1.24  5.26  4.72 177 1012.2  14.0  11.8 999.0 99.0 99.00
2019 05 20 09 50 204  5.9  7.8  1.22  5.26  4.76 172 1011.3  14.3  11.9 999.0 99.0 99.00
2019 05 20 10 50 209  7.6  8.7  1.19  5.56  4.65 188 1011.0  14.8  11.9 999.0 99.0 99.00
2019 05 20 11 50 212  7.5  8.7  1.37  5.26  4.55 181 1011.0  14.9  11.9 999.0 99.0 99.00
2019 05 20 12 50 215  7.5  8.4  1.32  5.26  4.61 189 1011.1  14.9  12.0 999.0 99.0 99.00
2019 05 20 13 50 217  7.2  8.2  1.32  5.88  4.58 178 1011.0  14.8  12.0 999.0 99.0 99.00
2019 05 20 14 50 213  6.9  7.7  1.25  5.56  4.42 175 1010.6  14.7  12.1 999.0 99.0 99.00
2019 05 20 15 50 208  6.7  7.7  1.24  5.88  4.50 181 1010.4  14.7  12.2 999.0 99.0 99.00
2019 05 20 16 50 205  7.1  8.0  1.20  5.88  4.54 183 1010.0  14.7  12.4 999.0 99.0 99.00
2019 05 20 17 50 204  7.4  8.8  1.14  6.25  4.33 152 1009.2  14.8  12.4 999.0 99.0 99.00
2019 05 20 18 50 203  7.5  8.6  1.23  5.56  4.58 188 1008.5  14.9  12.5 999.0 99.0 99.00
2019 05 20 19 50 206  7.2  8.3  1.20  5.88  4.46 177 1007.7  15.2  12.5 999.0 99.0 99.00
2019 05 20 20 50 207  7.5  8.8  1.22  5.88  4.44 168 1006.8  15.4  12.6 999.0 99.0 99.00
2019 05 20 21 50 220  8.1  9.3  1.49  5.88  4.77 170 1006.4  15.7  12.5 999.0 99.0 99.00
2019 05 20 22 50 233  5.5  6.5  1.50  5.56  4.72 191 1006.8  15.5  12.6 999.0 99.0 99.00
2019 05 20 23 50 259  6.4  9.2  1.59  5.88  4.89 179 1007.0  16.9  12.7 999.0 99.0 99.00
2019 05 21 00 50 222  6.9  8.8  1.71  5.88  5.04 184 1006.6  16.0  12.9 999.0 99.0 99.00
2019 05 21 01 50 230  7.8  8.9  1.43  5.88  4.69 197 1006.8  16.0  13.0 999.0 99.0 99.00
2019 05 21 02 50 231  7.2  8.7  1.46  5.88  4.82 197 1007.3  16.0  12.9 999.0 99.0 99.00
2019 05 21 03 50 232  6.5  8.0  1.51  5.88  4.90 184 1007.6  15.6  13.0 999.0 99.0 99.00
2019 05 21 04 50 233  5.6  6.3  1.38  5.88  5.00 201 1007.5  15.4  13.0 999.0 99.0 99.00
2019 05 21 05 50 327  5.6  6.6  1.39  6.25  5.19 197 1008.1  16.7  12.9 999.0 99.0 99.00
2019 05 21 06 50 328  4.6  5.7  1.27  6.25  5.05 183 1009.1  16.0  12.8 999.0 99.0 99.00
2019 05 21 07 50 310  3.6  4.1  1.12  6.25  4.81 189 1009.9  15.3  12.7 999.0 99.0 99.00
2019 05 21 08 50 325  6.4  7.7  1.08  6.25  4.85 194 1010.0  15.7  12.7 999.0 99.0 99.00
2019 05 21 09 50 320  7.9 10.4  1.05  6.67  4.36 181 1011.0  15.5  12.7 999.0 99.0 99.00
2019 05 21 10 50 326  7.1  8.2  1.21  6.67  4.47 193 1011.1  15.1  12.7 999.0 99.0 99.00
2019 05 21 11 50 311  6.8  7.9  1.14  6.67  4.54 187 1012.3  14.7  12.7 999.0 99.0 99.00
2019 05 21 12 50 325  9.7 11.7  1.24  6.25  4.38 192 1012.2  14.3  12.8 999.0 99.0 99.00
2019 05 21 13 50 313  9.1 11.4  1.30  4.55  4.25 294 1012.2  14.0  12.8 999.0 99.0 99.00
2019 05 21 14 50 312 10.4 12.4  1.48  5.26  4.46 280 1012.7  13.9  12.8 999.0 99.0 99.00
2019 05 21 15 50 310  8.3 10.1  1.45  5.00  4.43 285 1013.4  14.2  12.9 999.0 99.0 99.00
2019 05 21 16 50 293  8.2  9.9  1.28  4.76  4.45 291 1013.1  14.4  12.9 999.0 99.0 99.00
2019 05 21 17 50 287  7.1  8.5  1.24  7.14  4.42 184 1013.0  14.8  13.0 999.0 99.0 99.00
2019 05 21 18 50 282  7.0  8.1  1.13  6.25  4.46 198 1013.0  15.0  13.0 999.0 99.0 99.00
2019 05 21 19 50 268  6.3  7.5  1.04  6.67  4.56 185 1012.7  15.7  13.1 999.0 99.0 99.00
2019 05 21 20 50 256  5.2  6.1  0.98  7.14  4.57 183 1012.9  15.7  13.1 999.0 99.0 99.00
2019 05 21 21 50 250  5.7  6.7  0.98  7.14  4.82 181 1013.2  15.9  13.2 999.0 99.0 99.00
2019 05 21 22 50 282  5.5  6.4  0.89  7.14  4.69 189 1013.7  16.9  13.3 999.0 99.0 99.00
2019 05 21 23 50 315  3.5  4.8  0.83  7.14  4.76 181 1014.6  16.1  13.3 999.0 99.0 99.00
2019 05 22 00 50 343  6.2  7.8  0.79  6.67  4.41 188 1015.7  16.5  13.2 999.0 99.0 99.00
2019 05 22 01 50 352  7.7  9.2  0.82  6.67  4.02 188 1016.6  15.8  13.1 999.0 99.0 99.00
2019 05 22 02 50 339  6.5  7.7  0.81  3.57  3.80 318 1017.8  15.6  13.1 999.0 99.0 99.00
2019 05 22 03 50 331  6.3  7.5  0.75  3.45  3.72 324 1018.4  15.4  13.0 999.0 99.0 99.00
2019 05 22 04 50 322  6.5  7.5  0.80  3.57  3.68 323 1018.5  15.1  13.0 999.0 99.0 99.00
2019 05 22 05 50 322  5.7  6.4  0.75  4.00  3.66 302 1019.2  14.8  13.0 999.0 99.0 99.00
2019 05 22 06 50 320  5.2  6.3  0.66  3.45  3.54 311 1019.8  14.6  13.0 999.0 99.0 99.00
2019 05 22 07 50 317  5.3  6.3  0.56  3.33  3.45 318 1019.9  14.2  13.0 999.0 99.0 99.00
2019 05 22 08 50 309  5.3  6.1  0.53  6.25  3.57 192 1020.5  14.3  13.0 999.0 99.0 99.00
2019 05 22 09 50 306  5.4  6.1  0.46  3.33  3.56 288 1021.0  14.4  12.9 999.0 99.0 99.00
2019 05 22 10 50 308  5.4  6.5  0.45  3.33  3.51 294 1021.7  14.5  12.9 999.0 99.0 99.00
2019 05 22 11 50 314  4.8  5.6  0.48  3.45  3.40 293 1022.2  14.3  12.9 999.0 99.0 99.00
2019 05 22 12 50 304  4.9  5.6  0.45  3.33  3.40 295 1023.2  14.2  12.9 999.0 99.0 99.00
2019 05 22 13 50 308  3.9  4.4  0.42  3.03  3.48 300 1023.5  14.1  13.0 999.0 99.0 99.00
2019 05 22 14 50 283  4.1  4.6  0.41  3.23  3.51 288 1023.7  14.2  13.1 999.0 99.0 99.00
2019 05 22 15 50 270  4.5  5.0  0.38  3.23  3.29 285 1024.0  14.4  13.3 999.0 99.0 99.00
2019 05 22 16 50 275  2.8  3.6  0.39  3.33  3.41 285 1023.8  14.7  13.6 999.0 99.0 99.00
2019 05 22 17 50 267  2.7  3.2  0.32  3.03  3.46 286 1023.7  15.2  13.9 999.0 99.0 99.00
2019 05 22 18 50 198  2.7  3.2  0.30  2.94  3.56 284 1023.3  15.3  14.4 999.0 99.0 99.00
2019 05 22 19 50 239  4.6  5.3  0.28 13.79  3.77 280 1023.5  15.8  14.5 999.0 99.0 99.00
2019 05 22 20 50 228  3.0  3.4  0.27  7.14  3.85 129 1023.3  15.9  14.4 999.0 99.0 99.00
2019 05 22 21 50 205  3.0  3.4  0.24 99.00  4.14 999 1023.5  15.9  14.4 999.0 99.0 99.00
2019 05 22 22 50 224  5.3  6.3  0.24 99.00  4.25 999 1023.5  15.8  14.4 999.0 99.0 99.00
2019 05 22 23 50 226  5.0  5.9  0.29  2.60  3.17 249 1023.3  15.6  14.2 999.0 99.0 99.00
2019 05 23 00 50 225  5.5  6.2  0.40  2.86  3.27 241 1023.5  15.3  14.0 999.0 99.0 99.00
2019 05 23 01 50 230  5.2  6.2  0.49  3.33  3.34 244 1023.9  15.2  13.9 999.0 99.0 99.00
2019 05 23 02 50 225  5.2  6.0  0.54  3.33  3.44 236 1024.2  15.1  13.8 999.0 99.0 99.00
2019 05 23 03 50 228  5.7  6.6  0.56  3.45  3.46 246 1024.0  15.1  13.7 999.0 99.0 99.00
2019 05 23 04 50 227  6.6  7.5  0.62  3.57  3.35 247 1024.0  15.2  13.6 999.0 99.0 99.00
2019 05 23 05 50 225  5.9  6.8  0.69  3.57  3.51 240 1023.4  15.1  13.5 999.0 99.0 99.00
2019 05 23 06 50 180  4.6  5.3  0.58  3.70  3.51 234 1023.2  14.4  13.5 999.0 99.0 99.00
2019 05 23 07 50 194  5.6  6.4  0.60  3.85  3.57 239 1023.0  14.4  13.5 999.0 99.0 99.00
2019 05 23 08 50 181  5.6  6.7  0.60  3.57  3.48 230 1023.3  14.4  13.5 999.0 99.0 99.00
2019 05 23 09 50 187  4.3  5.1  0.63  3.70  3.53 224 1024.1  14.4  13.4 999.0 99.0 99.00
2019 05 23 10 50 199  4.1  4.9  0.60  8.33  3.75 205 1024.3  14.4  13.5 999.0 99.0 99.00
2019 05 23 11 50 215  4.4  5.5  0.61  3.70  3.70 194 1024.7  14.6  13.5 999.0 99.0 99.00
2019 05 23 12 50 191  6.6  8.0  0.60  3.70  3.72 188 1023.4  14.3  13.6 999.0 99.0 99.00
2019 05 23 13 50 192  3.4  4.5  0.59  7.69  3.75 200 1022.8  14.9  13.6 999.0 99.0 99.00
2019 05 23 14 50 206  4.7  5.6  0.70  3.70  3.72 207 1022.0  15.4  13.6 999.0 99.0 99.00
2019 05 23 15 50 205  5.9  7.3  0.82  4.17  3.82 213 1021.3  15.3  13.8 999.0 99.0 99.00
2019 05 23 16 50 186  6.1  7.1  0.84  4.35  3.74 208 1020.0  15.1  13.9 999.0 99.0 99.00
2019 05 23 17 50 195  6.9  8.0  0.78  4.00  3.73 212 1019.1  15.4  13.9 999.0 99.0 99.00
2019 05 23 18 50 209  9.7 11.3  0.85  4.00  3.75 206 1017.5  16.0  14.0 999.0 99.0 99.00
2019 05 23 19 50 206  8.3  9.4  1.25  5.00  4.13 219 1016.5  15.8  13.9 999.0 99.0 99.00
2019 05 23 20 50 213  8.2  9.6  1.33  5.26  4.41 210 1015.1  15.9  14.0 999.0 99.0 99.00
2019 05 23 21 50 208  6.7  8.0  1.23  5.26  4.35 210 1015.6  15.2  14.0 999.0 99.0 99.00
2019 05 23 22 50 199  7.3  8.7  1.42  5.26  4.68 197 1014.6  15.1  14.0 999.0 99.0 99.00
2019 05 23 23 50 187  6.2  7.1  1.34  5.56  4.68 198 1013.4  15.3  13.9 999.0 99.0 99.00
2019 05 24 00 50 202  6.8  7.9  1.21  5.56  4.65 195 1012.4  15.7  13.9 999.0 99.0 99.00
2019 05 24 01 50 207  8.9 10.9  1.34  5.88  4.68 204 1011.3  15.7  13.8 999.0 99.0 99.00
2019 05 24 02 50 218  8.5  9.9  1.47  5.88  4.59 209 1010.7  15.9  13.7 999.0 99.0 99.00
2019 05 24 03 50 232  8.4  9.7  1.56  5.88  4.63 199 1009.9  16.3  13.7 999.0 99.0 99.00
2019 05 24 04 50 238  9.0 10.6  1.50  5.88  4.76 191 1008.5  16.8  13.8 999.0 99.0 99.00
2019 05 24 05 50 246  9.3 11.6  1.51  5.88  4.75 176 1008.4  17.2  13.9 999.0 99.0 99.00
2019 05 24 06 50 256  6.2  7.1  1.57  5.88  4.79 183 1008.6  16.6  13.9 999.0 99.0 99.00
2019 05 24 07 50 269  8.2  9.2  1.44  6.67  4.87 182 1008.3  17.3  13.9 999.0 99.0 99.00
2019 05 24 08 50 266  8.2  9.1  1.47  6.67  4.98 193 1008.4  17.5  14.0 999.0 99.0 99.00
2019 05 24 09 50 270  8.7 10.0  1.46  6.25  4.86 187 1008.4  17.3  13.9 999.0 99.0 99.00
2019 05 24 10 50 286  7.4  8.6  1.43  6.67  4.85 193 1009.5  17.2  13.9 999.0 99.0 99.00
2019 05 24 11 50 301  8.5  9.9  1.35  7.14  4.72 189 1010.1  17.3  13.9 999.0 99.0 99.00
2019 05 24 12 50 302  8.0  9.3  1.48  6.67  4.69 184 1010.3  16.9  13.9 999.0 99.0 99.00
2019 05 24 13 50 294  8.1  9.6  1.55  6.67  4.82 185 1010.4  16.9  13.9 999.0 99.0 99.00
2019 05 24 14 50 301  7.9  9.0  1.48  7.14  4.98 178 1010.7  16.8  13.9 999.0 99.0 99.00
2019 05 24 15 50 305  6.3  7.4  1.55  6.67  4.98 178 1011.4  16.6  13.8 999.0 99.0 99.00
2019 05 24 16 50 297  8.7 10.2  1.40  7.14  5.09 187 1011.2  17.0  13.9 999.0 99.0 99.00
2019 05 24 17 50 308  8.6 10.3  1.37  7.69  5.03 179 1011.6  17.4  14.1 999.0 99.0 99.00
2019 05 24 18 50 308  7.8  9.4  1.31  7.69  4.79 172 1012.2  17.5  14.1 999.0 99.0 99.00
2019 05 24 19 50 319  6.2  7.3  1.38  7.69  4.91 174 1012.9  17.3  14.2 999.0 99.0 99.00
2019 05 24 20 50 321  8.1  9.2  1.33  7.69  5.16 175 1013.4  17.8  14.3 999.0 99.0 99.00
2019 05 24 21 50 317  8.0  9.3  1.32  8.33  4.82 169 1014.3  18.2  14.3 999.0 99.0 99.00
2019 05 24 22 50 324  7.2  8.6  1.23  7.69  4.74 183 1015.6  17.8  14.3 999.0 99.0 99.00
2019 05 24 23 50 328  7.5  8.6  1.08  7.69  4.78 187 1016.5  17.5  14.2 999.0 99.0 99.00
2019 05 25 00 50 328  6.5  7.3  1.03  7.14  4.71 189 1017.7  17.1  14.2 999.0 99.0 99.00
2019 05 25 01 50 339  5.2  6.0  0.90  7.69  4.62 192 1018.6  16.4  14.1 999.0 99.0 99.00
2019 05 25 02 50 143  4.8  6.1  0.97  7.14  4.93 179 1019.9  14.8  14.1 999.0 99.0 99.00
2019 05 25 03 50 135  4.9  5.9  0.79  7.14  4.87 181 1020.0  14.6  14.0 999.0 99.0 99.00
2019 05 25 04 50 135  5.2  6.1  0.80  7.14  4.83 175 1020.4  14.4  13.9 999.0 99.0 99.00
2019 05 25 05 50 108  4.3  5.3  0.74  6.67  4.32 175 1021.1  14.1  13.9 999.0 99.0 99.00
2019 05 25 06 50 130  4.7  5.2  0.70  7.14  4.43 166 1021.3  13.8  13.8 999.0 99.0 99.00
2019 05 25 07 50 123  3.7  4.4  0.63  7.69  4.43 176 1021.7  13.5  13.8 999.0 99.0 99.00
2019 05 25 08 50 104  4.1  4.6  0.62  6.67  4.59 171 1021.7  13.3  13.7 999.0 99.0 99.00
2019 05 25 09 50 121  3.6  4.1  0.67  6.67  4.59 139 1022.4  13.4  13.7 999.0 99.0 99.00
2019 05 25 10 50 168  2.2  2.8  0.74  6.25  4.92  90 1023.3  13.6  13.6 999.0 99.0 99.00
2019 05 25 11 50 165  1.4  1.8  0.81  6.25  5.07  80 1024.0  13.8  13.7 999.0 99.0 99.00
2019 05 25 12 50 178  1.6  1.9  0.90  6.67  5.25  84 1024.5  13.6  13.8 999.0 99.0 99.00
2019 05 25 13 50 219  2.7  3.4  0.99  6.67  5.34  89 1024.3  13.6  14.0 999.0 99.0 99.00
2019 05 25 14 50 226  3.5  4.2  0.95  6.25  5.38  85 1024.6  13.7  14.2 999.0 99.0 99.00
2019 05 25 15 50 225  2.8  3.5  0.88  6.25  5.24  81 1024.8  13.9  14.3 999.0 99.0 99.00
2019 05 25 16 50 226  3.7  4.5  0.85  5.88  5.24 103 1024.7  14.1  14.4 999.0 99.0 99.00
2019 05 25 17 50 230  4.2  4.9  0.70  5.26  4.88  83 1024.2  14.3  14.6 999.0 99.0 99.00
2019 05 25 18 50 204  4.3  5.3  0.69  5.56  4.78  96 1023.4  14.5  14.6 999.0 99.0 99.00
2019 05 25 19 50 184  5.0  5.8  0.68  5.56  4.78  98 1022.3  14.6  14.6 999.0 99.0 99.00
2019 05 25 20 50 181  5.6  6.6  0.68  6.25  4.68 111 1021.7  14.7  14.6 999.0 99.0 99.00
2019 05 25 21 50 183  6.3  7.3  0.69  7.69  4.21 103 1021.4  14.8  14.5 999.0 99.0 99.00
2019 05 25 22 50 176  7.8  9.1  0.73  7.69  4.08  81 1020.3  14.9  14.5 999.0 99.0 99.00
2019 05 25 23 50 188  6.4  7.4  0.81  8.33  4.13  96 1020.6  14.8  14.3 999.0 99.0 99.00
2019 05 26 00 50 190  6.7  8.3  0.89  3.45  4.12 180 1020.3  14.8  14.2 999.0 99.0 99.00
2019 05 26 01 50 191  7.1  9.4  0.91  3.70  4.09 178 1019.7  14.9  14.2 999.0 99.0 99.00
2019 05 26 02 50 191  7.7  9.3  0.96  3.70  4.12 191 1019.3  14.9  14.1 999.0 99.0 99.00
2019 05 26 03 50 192  8.5 10.3  1.01  4.17  3.96 188 1018.0  15.3  14.1 999.0 99.0 99.00
2019 05 26 04 50 185  5.7  8.2  1.08  4.35  4.07 193 1017.4  14.7  14.0 999.0 99.0 99.00
2019 05 26 05 50 191  7.2  8.6  1.08  4.17  4.19 194 1016.3  15.3  14.0 999.0 99.0 99.00
2019 05 26 06 50 215  5.4  6.4  1.09  4.00  4.26 192 1015.2  15.5  14.0 999.0 99.0 99.00
2019 05 26 07 50 227  4.7  5.5  1.07  4.55  4.56 191 1014.5  16.0  14.0 999.0 99.0 99.00
2019 05 26 08 50 241  6.7  7.8  1.08  4.35  4.60 184 1014.4  16.1  14.0 999.0 99.0 99.00
2019 05 26 09 50 256  5.2  6.0  1.14  5.00  4.76 198 1014.7  15.9  14.0 999.0 99.0 99.00
2019 05 26 10 50 252  3.9  4.5  1.18 10.81  5.05 106 1014.9  15.8  14.1 999.0 99.0 99.00
2019 05 26 11 50 244  3.8  4.7  1.23 10.00  5.25 104 1014.4  16.3  14.2 999.0 99.0 99.00
2019 05 26 12 50 243  5.3  6.2  1.21 10.00  5.33 113 1014.3  16.6  14.4 999.0 99.0 99.00
2019 05 26 13 50 247  4.1  4.9  1.11 10.00  5.30 114 1014.6  16.3  14.5 999.0 99.0 99.00
2019 05 26 14 50 250  3.8  4.5  1.17  5.56  5.37 190 1014.3  16.4  14.8 999.0 99.0 99.00
2019 05 26 15 50 228  3.1  3.7  1.21  9.09  5.48  89 1014.1  16.6  15.0 999.0 99.0 99.00
2019 05 26 16 50 225  4.2  4.8  1.14  5.26  5.38 203 1013.7  16.9  15.2 999.0 99.0 99.00
2019 05 26 17 50 230  4.0  4.5  1.16  5.00  5.39 190 1013.4  17.1  15.3 999.0 99.0 99.00
2019 05 26 18 50 210  3.1  3.7  1.18  9.09  5.56  97 1012.6  17.7  15.5 999.0 99.0 99.00
2019 05 26 19 50 197  5.4  6.0  1.10  5.26  5.11 183 1011.9  17.3  15.6 999.0 99.0 99.00
2019 05 26 20 50 206  4.3  4.8  1.11  5.00  5.36 178 1011.6  17.5  15.6 999.0 99.0 99.00
2019 05 26 21 50 209  4.4  5.0  1.09 10.81  5.21 113 1011.3  17.8  15.6 999.0 99.0 99.00
2019 05 26 22 50 213  5.6  6.3  1.11  5.56  5.29 170 1011.2  18.0  15.6 999.0 99.0 99.00
2019 05 26 23 50 268  4.2  4.9  1.04 10.00  5.17  93 1011.8  17.9  15.5 999.0 99.0 99.00
2019 05 27 00 50 230  3.5  4.0  1.13  5.56  5.35 176 1011.2  18.7  15.5 999.0 99.0 99.00
2019 05 27 01 50 243  3.3  3.7  1.07 11.43  5.46  97 1011.3  17.5  15.5 999.0 99.0 99.00
2019 05 27 02 50 250  4.7  5.2  1.04  5.88  5.67 184 1011.3  17.8  15.5 999.0 99.0 99.00
2019 05 27 03 50 265  3.8  4.5  1.08 10.81  5.60  97 1010.9  17.8  15.6 999.0 99.0 99.00
2019 05 27 04 50 262  3.6  4.2  1.18  6.25  6.00 163 1011.0  18.0  15.6 999.0 99.0 99.00
2019 05 27 05 50 280  2.8  3.5  1.19  6.67  6.10 172 1010.8  17.8  15.6 999.0 99.0 99.00
2019 05 27 06 50 317  3.1  3.8  1.19  6.25  6.43 170 1010.7  17.6  15.7 999.0 99.0 99.00
2019 05 27 07 50 330  4.6  5.4  1.15  6.67  5.97 174 1010.9  18.0  15.7 999.0 99.0 99.00
2019 05 27 08 50 335  4.7  5.5  1.12 11.43  6.32  89 1011.2  18.0  15.8 999.0 99.0 99.00
2019 05 27 09 50 319  3.3  4.2  1.03 10.81  6.37 123 1012.0  17.4  15.8 999.0 99.0 99.00
2019 05 27 10 50 333  4.1  4.7  0.98 10.81  6.45 125 1012.0  17.4  15.8 999.0 99.0 99.00
2019 05 27 11 50 340  4.3  4.9  0.97 10.00  6.35 150 1012.7  17.2  15.7 999.0 99.0 99.00
2019 05 27 12 50 344  4.3  4.9  0.94 11.43  6.27 143 1013.2  17.0  15.7 999.0 99.0 99.00
2019 05 27 13 50 342  3.7  4.3  0.97 11.43  6.44 111 1013.3  17.1  15.7 999.0 99.0 99.00
2019 05 27 14 50 346  3.2  3.7  0.94 10.81  6.47  84 1013.2  17.3  15.7 999.0 99.0 99.00
2019 05 27 15 50 342  2.1  2.7  0.90 11.43  6.75 158 1013.5  17.7  16.0 999.0 99.0 99.00
2019 05 27 16 50 301  1.2  1.7  0.91 11.43  6.59 114 1012.7  18.6  16.5 999.0 99.0 99.00
2019 05 27 17 50 259  2.8  3.5  0.86  9.09  6.40 100 1012.8  18.5  17.0 999.0 99.0 99.00
2019 05 27 18 50 261  3.5  4.0  0.92 11.43  6.98 120 1013.1  18.8  17.5 999.0 99.0 99.00
2019 05 27 19 50 248  3.2  3.7  0.86 11.43  6.78 131 1012.5  19.1  17.7 999.0 99.0 99.00
2019 05 27 20 50 221  2.3  2.7  0.79  8.33  6.34 106 1012.4  19.3  18.1 999.0 99.0 99.00
2019 05 27 21 50 198  2.0  2.4  0.87 12.12  7.25 126 1012.2  19.4  18.2 999.0 99.0 99.00
2019 05 27 22 50 215  3.0  3.3  0.84 12.12  7.51 117 1012.1  19.9  18.3 999.0 99.0 99.00
2019 05 27 23 50 193  2.5  3.1  0.92 11.43  7.62 121 1012.2  19.0  18.2 999.0 99.0 99.00
2019 05 28 00 50 233  3.9  4.5  0.89 12.90  7.62 116 1012.6  19.0  18.0 999.0 99.0 99.00
2019 05 28 01 50 234  4.5  5.4  0.82 12.12  7.28 124 1013.6  18.6  17.6 999.0 99.0 99.00
2019 05 28 02 50 232  4.2  4.8  0.87 10.00  6.63 142 1013.5  18.4  16.9 999.0 99.0 99.00
2019 05 28 03 50 231  4.3  5.0  0.74 10.81  6.16 140 1012.9  18.0  16.6 999.0 99.0 99.00
2019 05 28 04 50 213  3.4  4.3  0.92 10.00  6.30 127 1012.9  17.6  16.3 999.0 99.0 99.00
2019 05 28 05 50 232  3.4  3.9  0.87 12.12  6.28 164 1012.3  17.7  16.1 999.0 99.0 99.00
2019 05 28 06 50 214  1.6  2.0  0.78 10.00  5.78  84 1012.3  17.2  15.9 999.0 99.0 99.00
2019 05 28 07 50 158  0.4  1.0  0.78 11.43  5.94 129 1012.3  17.5  15.9 999.0 99.0 99.00
2019 05 28 08 50 239  3.9  4.8  0.76 11.43  5.96  84 1012.9  17.7  16.2 999.0 99.0 99.00
2019 05 28 09 50 251  2.7  3.2  0.75 11.43  6.39 105 1013.0  18.5  16.3 999.0 99.0 99.00
2019 05 28 10 50 309  1.7  3.2  0.71 11.43  6.53  60 1013.5  19.1  16.3 999.0 99.0 99.00
2019 05 28 11 50  70  4.3  4.9  0.68 11.43  6.48 123 1013.6  16.1  16.3 999.0 99.0 99.00
2019 05 28 12 50 113  4.5  5.4  0.69  8.33  6.58 117 1012.8  16.5  16.4 999.0 99.0 99.00
2019 05 28 13 50 165  7.5  8.7  0.71 10.81  6.76 112 1012.1  17.1  16.3 999.0 99.0 99.00
2019 05 28 14 50 161  7.0  8.3  0.83  9.09  4.30  86 1012.0  16.9  16.1 999.0 99.0 99.00
2019 05 28 15 50 179  6.7  8.1  0.95  9.09  4.25  98 1011.9  17.0  15.9 999.0 99.0 99.00
2019 05 28 16 50 171  6.0  7.5  0.94  9.09  4.40 108 1011.3  17.0  15.7 999.0 99.0 99.00
2019 05 28 17 50 175  7.0  8.2  0.88 10.00  4.38  94 1010.1  16.5  15.6 999.0 99.0 99.00
2019 05 28 18 50 162  6.0  7.1  0.97 10.00  4.56  87 1009.0  16.5  15.5 999.0 99.0 99.00
2019 05 28 19 50 176  8.0 10.2  1.04  4.00  4.28 159 1007.7  16.9  15.4 999.0 99.0 99.00
2019 05 28 20 50 190  7.7  9.0  1.13  4.55  4.42 167 1006.8  16.9  15.2 999.0 99.0 99.00
2019 05 28 21 50 194  8.9 10.2  1.25  5.00  4.47 163 1005.6  17.3  15.2 999.0 99.0 99.00
2019 05 28 22 50 200  7.5  8.7  1.26  5.00  4.44 164 1005.9  17.6  15.3 999.0 99.0 99.00
2019 05 28 23 50 212  8.4  9.6  1.23  5.00  4.54 194 1005.7  17.7  15.3 999.0 99.0 99.00
2019 05 29 00 50 203  8.8 10.4  1.35  4.76  4.59 179 1004.2  17.8  15.4 999.0 99.0 99.00
2019 05 29 01 50 224  7.9  9.2  1.45  5.88  4.64 192 1005.4  17.8  15.4 999.0 99.0 99.00
2019 05 29 02 50 232  7.6  8.8  1.47  5.56  4.74 208 1005.2  17.8  15.4 999.0 99.0 99.00
2019 05 29 03 50 240  5.2  8.3  1.47  5.26  4.66 198 1005.3  18.5  15.5 999.0 99.0 99.00
2019 05 29 04 50 222  6.0  7.0  1.23  5.56  4.72 193 1005.0  18.0  15.6 999.0 99.0 99.00
2019 05 29 05 50 230  6.5  7.6  1.22  5.88  4.69 201 1005.3  18.5  15.6 999.0 99.0 99.00
2019 05 29 06 50 254  5.8  7.0  1.27  5.56  4.75 208 1003.9  18.9  15.6 999.0 99.0 99.00
2019 05 29 07 50 244  6.4  7.3  1.25  5.26  4.73 191 1004.2  18.7  15.6 999.0 99.0 99.00
2019 05 29 08 50 248  4.6  5.1  1.25  5.56  4.85 188 1004.2  18.5  15.5 999.0 99.0 99.00
2019 05 29 09 50 270  4.2  4.7  1.13  5.56  4.80 184 1005.2  18.0  15.4 999.0 99.0 99.00
2019 05 29 10 50  58  4.6  5.7  1.05  5.26  4.87 164 1006.6  14.8  15.5 999.0 99.0 99.00
2019 05 29 11 50  47  8.5  9.7  1.05  5.26  4.56 186 1007.3  13.7  15.5 999.0 99.0 99.00
2019 05 29 12 50  51  8.4  9.9  1.03  5.56  4.12 151 1007.7  13.2  15.3 999.0 99.0 99.00
2019 05 29 13 50  79  5.4  6.4  0.98  5.56  3.98 156 1008.0  13.7  15.1 999.0 99.0 99.00
2019 05 29 14 50  76  5.7  6.4  0.91  5.00  4.29 174 1007.8  13.8  15.1 999.0 99.0 99.00
2019 05 29 15 50 102  5.1  6.1  1.06  6.25  4.65 163 1008.4  14.0  15.1 999.0 99.0 99.00
2019 05 29 16 50  95  4.7  5.7  1.12  6.25  4.81 153 1008.4  14.1  15.0 999.0 99.0 99.00
2019 05 29 17 50  87  6.0  7.1  1.13  6.67  4.93 157 1008.3  14.3  15.0 999.0 99.0 99.00
2019 05 29 18 50  90  7.0  8.0  1.11  6.67  4.83 160 1007.7  14.0  15.0 999.0 99.0 99.00
2019 05 29 19 50 107  8.5  9.8  1.15  6.67  4.68 156 1006.5  14.0  15.1 999.0 99.0 99.00
2019 05 29 20 50 103  8.0  9.5  1.31  5.88  4.63 150 1006.6  13.8  15.1 999.0 99.0 99.00
2019 05 29 21 50 102  9.6 11.4  1.25  6.25  4.43 166 1006.0  13.8  15.1 999.0 99.0 99.00
2019 05 29 22 50 109  9.0 10.8  1.37  6.67  4.53 143 1005.9  13.9  15.0 999.0 99.0 99.00
2019 05 29 23 50 134  8.5 11.4 99.00 99.00 99.00 999 1007.0  13.7  15.0 999.0 99.0 99.00
2019 05 30 00 50 141  8.2  9.6  1.29  4.76  4.60 106 1006.3  14.1  15.0 999.0 99.0 99.00
2019 05 30 01 50 155  6.4  7.7  1.35  5.00  4.61 102 1006.9  15.1  15.0 999.0 99.0 99.00
2019 05 30 02 50 260  0.4  1.1  1.37  6.67  4.71 161 1007.0  16.0  15.0 999.0 99.0 99.00
2019 05 30 03 50  30  4.5  5.4  1.35  5.26  4.81 137 1007.2  14.7  14.9 999.0 99.0 99.00
2019 05 30 04 50  70  3.8  4.6  1.22  6.67  4.59 146 1006.3  14.8  14.8 999.0 99.0 99.00
2019 05 30 05 50  34  3.9  4.7  1.17  6.25  4.67 179 1006.6  14.4  14.8 999.0 99.0 99.00
2019 05 30 06 50  60  4.0  4.6  1.07  6.25  4.65 175 1006.6  14.0  14.8 999.0 99.0 99.00
2019 05 30 07 50  41  4.8  5.4  1.04  5.88  4.76 172 1007.6  13.4  14.8 999.0 99.0 99.00
2019 05 30 08 50  47  4.9  5.6  0.97  5.88  4.51 147 1007.9  13.3  14.8 999.0 99.0 99.00
2019 05 30 09 50  75  5.3  6.0  0.93  7.14  4.69 145 1008.2  13.2  14.8 999.0 99.0 99.00
2019 05 30 10 50  69  4.7  5.3  0.90  5.56  4.56 156 1009.0  13.4  14.8 999.0 99.0 99.00
2019 05 30 11 50  94  5.1  6.2  0.82  4.55  4.49  94 1008.8  13.5  14.8 999.0 99.0 99.00
2019 05 30 12 50 111  3.0  3.6  0.85  4.76  4.53  88 1009.8  13.7  14.9 999.0 99.0 99.00
2019 05 30 13 50  86  3.6  4.9  0.79  4.76  4.63 104 1009.8  13.7  14.9 999.0 99.0 99.00
2019 05 30 14 50  87  1.9  2.6  0.83  8.33  4.63 111 1010.1  13.8  15.0 999.0 99.0 99.00
2019 05 30 15 50 117  2.5  3.2  0.81  7.69  4.76 123 1010.3  14.0  15.2 999.0 99.0 99.00
2019 05 30 16 50 138  3.8  4.5  0.78  4.55  4.65  93 1009.6  14.5  15.5 999.0 99.0 99.00
2019 05 30 17 50 151  3.4  4.0  0.75  7.14  4.58 100 1009.4  14.9  15.6 999.0 99.0 99.00
2019 05 30 18 50 146  3.6  4.4  0.76  4.55  4.69  92 1008.8  15.0  15.8 999.0 99.0 99.00
2019 05 30 19 50 148  4.9  5.6  0.73  5.00  4.63 135 1008.1  15.2  15.8 999.0 99.0 99.00
2019 05 30 20 50 156  6.1  7.0  0.72  5.56  4.60 119 1007.1  15.5  15.9 999.0 99.0 99.00
2019 05 30 21 50 153  5.3  6.4  0.74  5.00  4.13 111 1006.6  15.1  15.7 999.0 99.0 99.00
2019 05 30 22 50 167  6.3  7.2  0.76  7.69  4.22  87 1006.3  15.5  15.6 999.0 99.0 99.00
2019 05 30 23 50 157  6.0  7.1  0.69  8.33  4.15 119 1005.5  15.6  15.6 999.0 99.0 99.00
2019 05 31 00 50 170  6.3  7.6  0.75  7.14  4.13 105 1005.2  15.9  15.5 999.0 99.0 99.00
2019 05 31 01 50 195  5.3  6.5  0.74  5.00  3.99 118 1005.4  16.8  15.5 999.0 99.0 99.00
2019 05 31 02 50 233  6.4  7.7  0.66  7.69  4.08 128 1005.0  17.1  15.3 999.0 99.0 99.00
2019 05 31 03 50 248  6.0  7.3  0.73  7.14  3.98  94 1004.6  17.4  15.2 999.0 99.0 99.00
2019 05 31 04 50 270  4.0  4.5  0.84  4.76  4.16 198 1004.7  16.8  14.9 999.0 99.0 99.00
2019 05 31 05 50 249  3.5  3.9  0.81  4.55  4.28 204 1004.4  16.3  14.7 999.0 99.0 99.00
2019 05 31 06 50 245  4.2  5.2  0.76  4.55  4.33 186 1004.1  16.5  14.7 999.0 99.0 99.00
2019 05 31 07 50 236  5.2  6.0  0.69  4.55  4.20 186 1004.0  16.9  14.7 999.0 99.0 99.00
2019 05 31 08 50 265  3.7  4.6  0.67  4.55  4.35 187 1004.8  16.8  14.7 999.0 99.0 99.00
2019 05 31 09 50 249  5.0  5.5  0.73  5.00  4.49 191 1005.6  16.9  14.7 999.0 99.0 99.00
2019 05 31 10 50 279  5.4  6.0  0.70  4.76  4.30 202 1006.3  16.9  14.7 999.0 99.0 99.00
2019 05 31 11 50 275  5.0  5.5  0.67  5.00  4.21 177 1006.7  16.6  14.7 999.0 99.0 99.00
2019 05 31 12 50 271  4.3  4.8  0.67  4.76  4.20 200 1007.3  16.7  14.8 999.0 99.0 99.00
2019 05 31 13 50 277  3.7  4.3  0.68  4.76  4.27 199 1008.0  16.5  15.0 999.0 99.0 99.00
2019 05 31 14 50 280  2.7  3.2  0.69  5.26  4.40 202 1008.5  16.6  15.3 999.0 99.0 99.00
2019 05 31 15 50 289  2.9  3.3  0.66  4.35  4.45 196 1009.1  16.9  15.8 999.0 99.0 99.00
2019 05 31 16 50 260  2.3  2.6  0.63  5.88  4.61 178 1009.3  17.4  16.2 999.0 99.0 99.00
2019 05 31 17 50 241  2.5  2.8  0.67  4.76  4.70 204 1009.0  18.1  16.7 999.0 99.0 99.00
2019 05 31 18 50 232  2.4  2.6  0.64  5.88  4.73 171 1008.6  18.8  17.2 999.0 99.0 99.00
2019 05 31 19 50 203  2.3  2.6  0.62  6.25  4.66 154 1008.1  18.9  17.5 999.0 99.0 99.00
2019 05 31 20 50 190  3.1  3.6  0.61  6.25  4.72 197 1008.1  18.8  17.8 999.0 99.0 99.00
2019 05 31 21 50 189  4.2  4.6  0.60  5.88  4.77 150 1008.0  18.7  17.8 999.0 99.0 99.00
2019 05 31 22 50 216  5.1  5.9  0.61  5.56  4.84 166 1008.1  18.5  17.4 999.0 99.0 99.00
