#YY  MM DD hh mm WDIR WSPD GST  WVHT   DPD   APD MWD   PRES  ATMP  WTMP  DEWP  VIS  TIDE
#yr  mo dy hr mn degT m/s  m/s     m   sec   sec deg    hPa  degC  degC  degC  nmi    ft
2019 09 01 00 00   7  4.7  4.8 99.00 99.00 99.00 999 1024.0  21.6 999.0 999.0 99.0 99.00
2019 09 01 01 00  92  4.3  4.5 99.00 99.00 99.00 999 1024.5  20.9 999.0 999.0 99.0 99.00
2019 09 01 02 00 110  2.7  2.9 99.00 99.00 99.00 999 1024.9  20.2 999.0 999.0 99.0 99.00
2019 09 01 03 00  43  2.3  2.5 99.00 99.00 99.00 999 1025.4  19.9 999.0 999.0 99.0 99.00
2019 09 01 04 00  52  1.8  1.9 99.00 99.00 99.00 999 1025.8  20.0 999.0 999.0 99.0 99.00
2019 09 01 05 00  25  2.0  2.1 99.00 99.00 99.00 999 1026.1  19.6 999.0 999.0 99.0 99.00
2019 09 01 06 00  18  3.0  3.5 99.00 99.00 99.00 999 1026.5  19.3 999.0 999.0 99.0 99.00
2019 09 01 07 00  25  4.3  4.7 99.00 99.00 99.00 999 1026.8  19.5 999.0 999.0 99.0 99.00
2019 09 01 08 00  16  5.1  5.7 99.00 99.00 99.00 999 1026.9  18.8 999.0 999.0 99.0 99.00
2019 09 01 09 00  18  5.9  6.2 99.00 99.00 99.00 999 1027.2  17.9 999.0 999.0 99.0 99.00
2019 09 01 10 00  23  5.8  6.2 99.00 99.00 99.00 999 1027.5  17.7 999.0 999.0 99.0 99.00
2019 09 01 11 00  22  5.0  5.4 99.00 99.00 99.00 999 1027.9  17.8 999.0 999.0 99.0 99.00
2019 09 01 12 00  25  5.6  5.9 99.00 99.00 99.00 999 1028.4  18.1 999.0 999.0 99.0 99.00
2019 09 01 13 00  34  4.7  5.2 99.00 99.00 99.00 999 1028.7  18.4 999.0 999.0 99.0 99.00
2019 09 01 14 00  61  6.2  6.7 99.00 99.00 99.00 999 1028.7  19.1 999.0 999.0 99.0 99.00
2019 09 01 15 00  46  4.2  4.7 99.00 99.00 99.00 999 1029.1  19.2 999.0 999.0 99.0 99.00
2019 09 01 16 00  44  3.9  4.1 99.00 99.00 99.00 999 1029.0  19.5 999.0 999.0 99.0 99.00
2019 09 01 17 00  69  3.5  3.8 99.00 99.00 99.00 999 1028.8  19.7 999.0 999.0 99.0 99.00
2019 09 01 18 00 141  3.2  3.3 99.00 99.00 99.00 999 1028.1  19.6 999.0 999.0 99.0 99.00
2019 09 01 19 00 152  3.4  3.8 99.00 99.00 99.00 999 1027.7  19.5 999.0 999.0 99.0 99.00
2019 09 01 20 00 134  3.7  4.1 99.00 99.00 99.00 999 1027.2  19.3 999.0 999.0 99.0 99.00
2019 09 01 21 00 137  5.3  5.6 99.00 99.00 99.00 999 1027.1  19.2 999.0 999.0 99.0 99.00
2019 09 01 22 00 139  6.0  6.2 99.00 99.00 99.00 999 1027.0  19.1 999.0 999.0 99.0 99.00
2019 09 01 23 00 142  5.8  6.2 99.00 99.00 99.00 999 1027.1  18.9 999.0 999.0 99.0 99.00
2019 09 02 00 00 139  5.0  5.8 99.00 99.00 99.00 999 1027.0  18.6 999.0 999.0 99.0 99.00
2019 09 02 01 00 127  4.3  4.7 99.00 99.00 99.00 999 1026.8  18.5 999.0 999.0 99.0 99.00
2019 09 02 02 00 104  2.8  3.1 99.00 99.00 99.00 999 1026.7  18.4 999.0 999.0 99.0 99.00
2019 09 02 03 00 123  5.1  5.6 99.00 99.00 99.00 999 1026.1  18.4 999.0 999.0 99.0 99.00
2019 09 02 04 00 126  5.7  6.1 99.00 99.00 99.00 999 1025.7  18.0 999.0 999.0 99.0 99.00
2019 09 02 05 00 130  4.5  4.8 99.00 99.00 99.00 999 1025.2  18.0 999.0 999.0 99.0 99.00
2019 09 02 06 00 128  4.9  5.2 99.00 99.00 99.00 999 1024.3  18.1 999.0 999.0 99.0 99.00
2019 09 02 07 00 131  4.8  5.2 99.00 99.00 99.00 999 1023.6  18.1 999.0 999.0 99.0 99.00
2019 09 02 08 00 132  5.7  6.2 99.00 99.00 99.00 999 1023.1  18.0 999.0 999.0 99.0 99.00
2019 09 02 09 00 127  4.9  5.5 99.00 99.00 99.00 999 1022.6  18.1 999.0 999.0 99.0 99.00
2019 09 02 10 00 134  4.3  4.5 99.00 99.00 99.00 999 1022.7  18.1 999.0 999.0 99.0 99.00
2019 09 02 11 00 136  4.4  4.7 99.00 99.00 99.00 999 1022.4  18.1 999.0 999.0 99.0 99.00
2019 09 02 12 00 143  3.9  4.2 99.00 99.00 99.00 999 1022.2  18.3 999.0 999.0 99.0 99.00
2019 09 02 13 00 147  4.5  4.8 99.00 99.00 99.00 999 1021.7  18.5 999.0 999.0 99.0 99.00
2019 09 02 14 00 147  5.7  6.0 99.00 99.00 99.00 999 1021.1  18.8 999.0 999.0 99.0 99.00
2019 09 02 15 00 146  6.5  6.8 99.00 99.00 99.00 999 1020.4  19.1 999.0 999.0 99.0 99.00
2019 09 02 16 00 141  5.0  5.4 99.00 99.00 99.00 999 1019.9  19.3 999.0 999.0 99.0 99.00
2019 09 02 17 00 143  6.7  7.3 99.00 99.00 99.00 999 1018.9  19.5 999.0 999.0 99.0 99.00
2019 09 02 18 00 142  6.3  6.6 99.00 99.00 99.00 999 1018.1  19.5 999.0 999.0 99.0 99.00
2019 09 02 19 00 148  6.6  7.1 99.00 99.00 99.00 999 1017.4  19.9 999.0 999.0 99.0 99.00
2019 09 02 20 00 145  7.3  7.6 99.00 99.00 99.00 999 1016.1  20.3 999.0 999.0 99.0 99.00
2019 09 02 21 00 155  6.5  6.7 99.00 99.00 99.00 999 1016.1  20.6 999.0 999.0 99.0 99.00
2019 09 02 22 00 168  7.7  7.9 99.00 99.00 99.00 999 1015.3  21.0 999.0 999.0 99.0 99.00
2019 09 02 23 00 184  5.6  5.9 99.00 99.00 99.00 999 1015.1  21.0 999.0 999.0 99.0 99.00
2019 09 03 00 00 216  7.0  7.2 99.00 99.00 99.00 999 1015.3  21.8 999.0 999.0 99.0 99.00
2019 09 03 01 00 249  3.4  3.6 99.00 99.00 99.00 999 1015.7  21.7 999.0 999.0 99.0 99.00
2019 09 03 02 00 253  4.2  4.4 99.00 99.00 99.00 999 1015.7  21.1 999.0 999.0 99.0 99.00
2019 09 03 03 00 222  5.8  6.1 99.00 99.00 99.00 999 1015.1  21.2 999.0 999.0 99.0 99.00
2019 09 03 04 00 242  5.9  6.1 99.00 99.00 99.00 999 1014.9  21.1 999.0 999.0 99.0 99.00
2019 09 03 05 00 219  5.4  5.6 99.00 99.00 99.00 999 1014.9  20.8 999.0 999.0 99.0 99.00
2019 09 03 06 00 227  6.3  6.6 99.00 99.00 99.00 999 1015.2  20.7 999.0 999.0 99.0 99.00
2019 09 03 07 00 260  5.5  5.5 99.00 99.00 99.00 999 1014.9  20.7 999.0 999.0 99.0 99.00
2019 09 03 08 00 294  4.8  4.9 99.00 99.00 99.00 999 1014.9  20.4 999.0 999.0 99.0 99.00
2019 09 03 09 00 279  1.9  2.2 99.00 99.00 99.00 999 1015.0  20.2 999.0 999.0 99.0 99.00
2019 09 03 10 00 322  3.1  3.1 99.00 99.00 99.00 999 1015.5  20.0 999.0 999.0 99.0 99.00
2019 09 03 11 00 337  3.1  3.2 99.00 99.00 99.00 999 1016.3  19.8 999.0 999.0 99.0 99.00
2019 09 03 12 00   2  5.8  6.5 99.00 99.00 99.00 999 1016.5  19.7 999.0 999.0 99.0 99.00
2019 09 03 13 00   1  4.5  5.4 99.00 99.00 99.00 999 1017.2  19.9 999.0 999.0 99.0 99.00
2019 09 03 14 00   3  3.4  3.7 99.00 99.00 99.00 999 1017.8  20.5 999.0 999.0 99.0 99.00
2019 09 03 15 00 102  1.4  1.6 99.00 99.00 99.00 999 1017.9  20.5 999.0 999.0 99.0 99.00
2019 09 03 16 00  61  3.2  3.4 99.00 99.00 99.00 999 1017.7  20.5 999.0 999.0 99.0 99.00
2019 09 03 17 00  46  2.9  3.1 99.00 99.00 99.00 999 1017.6  20.3 999.0 999.0 99.0 99.00
2019 09 03 18 00  99  0.6  0.7 99.00 99.00 99.00 999 1017.6  20.6 999.0 999.0 99.0 99.00
2019 09 03 19 00 106  1.9  2.1 99.00 99.00 99.00 999 1017.2  21.1 999.0 999.0 99.0 99.00
2019 09 03 20 00 159  1.8  2.1 99.00 99.00 99.00 999 1017.3  21.2 999.0 999.0 99.0 99.00
2019 09 03 21 00 161  4.0  4.2 99.00 99.00 99.00 999 1017.6  20.3 999.0 999.0 99.0 99.00
2019 09 03 22 00 155  3.4  3.7 99.00 99.00 99.00 999 1017.6  20.2 999.0 999.0 99.0 99.00
2019 09 03 23 00 144  4.3  4.5 99.00 99.00 99.00 999 1017.7  19.9 999.0 999.0 99.0 99.00
2019 09 04 00 00 150  5.0  5.5 99.00 99.00 99.00 999 1018.2  19.7 999.0 999.0 99.0 99.00
2019 09 04 01 00 147  5.6  6.0 99.00 99.00 99.00 999 1018.3  19.7 999.0 999.0 99.0 99.00
2019 09 04 02 00 157  4.9  5.3 99.00 99.00 99.00 999 1018.5  19.4 999.0 999.0 99.0 99.00
2019 09 04 03 00 157  4.8  5.0 99.00 99.00 99.00 999 1018.5  19.2 999.0 999.0 99.0 99.00
2019 09 04 04 00 151  3.4  3.6 99.00 99.00 99.00 999 1018.5  19.1 999.0 999.0 99.0 99.00
2019 09 04 05 00 143  3.2  3.4 99.00 99.00 99.00 999 1018.3  19.0 999.0 999.0 99.0 99.00
2019 09 04 06 00 147  2.6  2.8 99.00 99.00 99.00 999 1018.0  18.9 999.0 999.0 99.0 99.00
2019 09 04 07 00 142  4.1  4.4 99.00 99.00 99.00 999 1017.1  18.8 999.0 999.0 99.0 99.00
2019 09 04 08 00 140  4.4  4.7 99.00 99.00 99.00 999 1016.7  18.9 999.0 999.0 99.0 99.00
2019 09 04 09 00 133  5.6  6.2 99.00 99.00 99.00 999 1016.3  18.5 999.0 999.0 99.0 99.00
2019 09 04 10 00 134  4.9  5.1 99.00 99.00 99.00 999 1017.1  18.6 999.0 999.0 99.0 99.00
2019 09 04 11 00 157  6.2  6.7 99.00 99.00 99.00 999 1017.3  19.2 999.0 999.0 99.0 99.00
2019 09 04 12 00 146  6.1  6.5 99.00 99.00 99.00 999 1016.9  19.3 999.0 999.0 99.0 99.00
2019 09 04 13 00 147  5.6  6.2 99.00 99.00 99.00 999 1016.5  19.6 999.0 999.0 99.0 99.00
2019 09 04 14 00 154  6.6  7.3 99.00 99.00 99.00 999 1015.6  20.1 999.0 999.0 99.0 99.00
2019 09 04 15 00 175  5.3  5.6 99.00 99.00 99.00 999 1015.5  20.7 999.0 999.0 99.0 99.00
2019 09 04 16 00 200  7.4  7.8 99.00 99.00 99.00 999 1015.0  21.5 999.0 999.0 99.0 99.00
2019 09 04 17 00 199  6.6  6.8 99.00 99.00 99.00 999 1014.1  21.4 999.0 999.0 99.0 99.00
2019 09 04 18 00 208  7.5  8.0 99.00 99.00 99.00 999 1013.5  21.7 999.0 999.0 99.0 99.00
2019 09 04 19 00 205  7.4  8.0 99.00 99.00 99.00 999 1012.9  21.9 999.0 999.0 99.0 99.00
2019 09 04 20 00 211  6.6  7.1 99.00 99.00 99.00 999 1012.5  22.0 999.0 999.0 99.0 99.00
2019 09 04 21 00 229  6.6  7.2 99.00 99.00 99.00 999 1012.6  21.8 999.0 999.0 99.0 99.00
2019 09 04 22 00 214  7.0  7.5 99.00 99.00 99.00 999 1012.5  21.8 999.0 999.0 99.0 99.00
2019 09 04 23 00 219  7.8  8.2 99.00 99.00 99.00 999 1013.1  21.9 999.0 999.0 99.0 99.00
2019 09 05 00 00 235  6.6  6.9 99.00 99.00 99.00 999 1013.2  21.9 999.0 999.0 99.0 99.00
2019 09 05 01 00 274  5.8  6.2 99.00 99.00 99.00 999 1014.1  21.7 999.0 999.0 99.0 99.00
2019 09 05 02 00 242  5.3  5.4 99.00 99.00 99.00 999 1013.6  22.1 999.0 999.0 99.0 99.00
2019 09 05 03 00 262  6.1  6.4 99.00 99.00 99.00 999 1014.4  21.9 999.0 999.0 99.0 99.00
2019 09 05 04 00 304  5.6  5.8 99.00 99.00 99.00 999 1015.0  21.7 999.0 999.0 99.0 99.00
2019 09 05 05 00 330  7.1  7.9 99.00 99.00 99.00 999 1015.5  21.3 999.0 999.0 99.0 99.00
2019 09 05 06 00 318  7.8  8.3 99.00 99.00 99.00 999 1015.7  20.4 999.0 999.0 99.0 99.00
2019 09 05 07 00 333  7.6  8.3 99.00 99.00 99.00 999 1015.9  19.9 999.0 999.0 99.0 99.00
2019 09 05 08 00 340  8.9  9.6 99.00 99.00 99.00 999 1016.0  19.4 999.0 999.0 99.0 99.00
2019 09 05 09 00 357  7.8  8.8 99.00 99.00 99.00 999 1016.7  18.6 999.0 999.0 99.0 99.00
2019 09 05 10 00   6  8.6  9.5 99.00 99.00 99.00 999 1017.0  17.7 999.0 999.0 99.0 99.00
2019 09 05 11 00   4  9.2 10.4 99.00 99.00 99.00 999 1017.9  16.8 999.0 999.0 99.0 99.00
2019 09 05 12 00   9  7.6  8.4 99.00 99.00 99.00 999 1018.5  16.3 999.0 999.0 99.0 99.00
2019 09 05 13 00  16  7.2  7.8 99.00 99.00 99.00 999 1018.8  16.2 999.0 999.0 99.0 99.00
2019 09 05 14 00  30  6.6  7.4 99.00 99.00 99.00 999 1019.0  16.9 999.0 999.0 99.0 99.00
2019 09 05 15 00  38  5.7  6.2 99.00 99.00 99.00 999 1019.1  17.3 999.0 999.0 99.0 99.00
2019 09 05 16 00  48  5.9  6.2 99.00 99.00 99.00 999 1019.3  17.8 999.0 999.0 99.0 99.00
2019 09 05 17 00  48  5.6  6.0 99.00 99.00 99.00 999 1019.3  18.1 999.0 999.0 99.0 99.00
2019 09 05 18 00  52  6.7  7.2 99.00 99.00 99.00 999 1018.9  18.0 999.0 999.0 99.0 99.00
2019 09 05 19 00  55  6.1  6.6 99.00 99.00 99.00 999 1018.3  18.2 999.0 999.0 99.0 99.00
2019 09 05 20 00  55  4.8  5.1 99.00 99.00 99.00 999 1018.4  18.5 999.0 999.0 99.0 99.00
2019 09 05 21 00  70  4.4  4.7 99.00 99.00 99.00 999 1018.5  18.7 999.0 999.0 99.0 99.00
2019 09 05 22 00  53  4.2  4.5 99.00 99.00 99.00 999 1018.5  18.7 999.0 999.0 99.0 99.00
2019 09 05 23 00  58  5.6  6.0 99.00 99.00 99.00 999 1018.4  18.1 999.0 999.0 99.0 99.00
2019 09 06 00 00  91  4.2  4.4 99.00 99.00 99.00 999 1018.7  18.0 999.0 999.0 99.0 99.00
2019 09 06 01 00  76  3.0  3.3 99.00 99.00 99.00 999 1019.0  17.9 999.0 999.0 99.0 99.00
2019 09 06 02 00  77  3.0  3.4 99.00 99.00 99.00 999 1018.9  17.6 999.0 999.0 99.0 99.00
2019 09 06 03 00 114  2.6  2.9 99.00 99.00 99.00 999 1018.8  17.7 999.0 999.0 99.0 99.00
2019 09 06 04 00  73  2.8  2.9 99.00 99.00 99.00 999 1018.0  17.7 999.0 999.0 99.0 99.00
2019 09 06 05 00  43  2.3  2.7 99.00 99.00 99.00 999 1018.0  17.7 999.0 999.0 99.0 99.00
2019 09 06 06 00  48  2.6  2.9 99.00 99.00 99.00 999 1017.8  18.1 999.0 999.0 99.0 99.00
2019 09 06 07 00  22  4.7  5.0 99.00 99.00 99.00 999 1017.0  17.6 999.0 999.0 99.0 99.00
2019 09 06 08 00  72  4.7  5.1 99.00 99.00 99.00 999 1017.2  17.7 999.0 999.0 99.0 99.00
2019 09 06 09 00  56  7.7  8.4 99.00 99.00 99.00 999 1016.8  17.2 999.0 999.0 99.0 99.00
2019 09 06 10 00  58  7.7  8.6 99.00 99.00 99.00 999 1017.1  17.6 999.0 999.0 99.0 99.00
2019 09 06 11 00  68  8.6  9.7 99.00 99.00 99.00 999 1016.9  17.5 999.0 999.0 99.0 99.00
2019 09 06 12 00  69  8.9  9.6 99.00 99.00 99.00 999 1016.7  17.6 999.0 999.0 99.0 99.00
2019 09 06 13 00  75 10.8 11.7 99.00 99.00 99.00 999 1016.4  17.9 999.0 999.0 99.0 99.00
2019 09 06 14 00  81 10.5 11.5 99.00 99.00 99.00 999 1016.2  18.2 999.0 999.0 99.0 99.00
2019 09 06 15 00  79 11.9 12.8 99.00 99.00 99.00 999 1015.6  18.1 999.0 999.0 99.0 99.00
2019 09 06 16 00  70 11.0 12.8 99.00 99.00 99.00 999 1015.2  18.1 999.0 999.0 99.0 99.00
2019 09 06 17 00  67 12.2 13.8 99.00 99.00 99.00 999 1015.1  18.2 999.0 999.0 99.0 99.00
2019 09 06 18 00  73 12.0 13.5 99.00 99.00 99.00 999 1014.1  18.2 999.0 999.0 99.0 99.00
2019 09 06 19 00  66 13.2 16.2 99.00 99.00 99.00 999 1012.0  18.1 999.0 999.0 99.0 99.00
2019 09 06 20 00  62 15.4 17.3 99.00 99.00 99.00 999 1011.5  17.3 999.0 999.0 99.0 99.00
2019 09 06 21 00  68 12.3 13.5 99.00 99.00 99.00 999 1011.0  16.9 999.0 999.0 99.0 99.00
2019 09 06 22 00  70 13.4 15.5 99.00 99.00 99.00 999 1010.8  16.1 999.0 999.0 99.0 99.00
2019 09 06 23 00  41 14.8 17.0 99.00 99.00 99.00 999 1008.9  16.2 999.0 999.0 99.0 99.00
2019 09 07 00 00  42 16.2 17.9 99.00 99.00 99.00 999 1007.6  16.8 999.0 999.0 99.0 99.00
2019 09 07 01 00  45 15.2 16.7 99.00 99.00 99.00 999 1007.1  17.1 999.0 999.0 99.0 99.00
2019 09 07 02 00  36 15.4 17.3 99.00 99.00 99.00 999 1005.7  17.5 999.0 999.0 99.0 99.00
2019 09 07 03 00  32 16.0 17.6 99.00 99.00 99.00 999 1005.0  17.2 999.0 999.0 99.0 99.00
2019 09 07 04 00  37 16.7 18.4 99.00 99.00 99.00 999 1003.4  17.5 999.0 999.0 99.0 99.00
2019 09 07 05 00  34 16.2 18.5 99.00 99.00 99.00 999 1002.5  17.5 999.0 999.0 99.0 99.00
2019 09 07 06 00  25 15.8 17.0 99.00 99.00 99.00 999 1001.4  17.9 999.0 999.0 99.0 99.00
2019 09 07 07 00  10 14.9 16.6 99.00 99.00 99.00 999 1000.4  17.2 999.0 999.0 99.0 99.00
2019 09 07 08 00   6 15.0 16.7 99.00 99.00 99.00 999  999.8  17.0 999.0 999.0 99.0 99.00
2019 09 07 09 00   0 17.7 19.6 99.00 99.00 99.00 999 1000.0  16.4 999.0 999.0 99.0 99.00
2019 09 07 10 00 358 16.9 18.8 99.00 99.00 99.00 999 1001.1  14.0 999.0 999.0 99.0 99.00
2019 09 07 11 00 352 15.8 17.5 99.00 99.00 99.00 999 1002.5  13.9 999.0 999.0 99.0 99.00
2019 09 07 12 00 359 14.6 16.5 99.00 99.00 99.00 999 1002.8  14.1 999.0 999.0 99.0 99.00
2019 09 07 13 00 356 14.5 16.7 99.00 99.00 99.00 999 1003.8  14.9 999.0 999.0 99.0 99.00
2019 09 07 14 00 347 12.6 15.6 99.00 99.00 99.00 999 1005.2  15.1 999.0 999.0 99.0 99.00
2019 09 07 15 00 330  9.8 10.8 99.00 99.00 99.00 999 1006.2  14.7 999.0 999.0 99.0 99.00
2019 09 07 16 00 328 10.7 12.5 99.00 99.00 99.00 999 1006.6  14.7 999.0 999.0 99.0 99.00
2019 09 07 17 00 329  7.1  7.9 99.00 99.00 99.00 999 1007.2  15.7 999.0 999.0 99.0 99.00
2019 09 07 18 00 330  8.0  8.5 99.00 99.00 99.00 999 1007.5  17.5 999.0 999.0 99.0 99.00
2019 09 07 19 00 333  4.6  5.4 99.00 99.00 99.00 999 1007.7  18.6 999.0 999.0 99.0 99.00
2019 09 07 20 00 295  4.0  4.5 99.00 99.00 99.00 999 1008.0  19.9 999.0 999.0 99.0 99.00
2019 09 07 21 00 235  5.2  5.4 99.00 99.00 99.00 999 1008.4  18.9 999.0 999.0 99.0 99.00
2019 09 07 22 00 264  6.2  6.4 99.00 99.00 99.00 999 1008.7  20.2 999.0 999.0 99.0 99.00
2019 09 07 23 00 249  5.9  6.7 99.00 99.00 99.00 999 1009.4  19.8 999.0 999.0 99.0 99.00
2019 09 08 00 00 235  9.2  9.7 99.00 99.00 99.00 999 1009.4  19.4 999.0 999.0 99.0 99.00
2019 09 08 01 00 238 10.0 11.3 99.00 99.00 99.00 999 1009.9  19.7 999.0 999.0 99.0 99.00
2019 09 08 02 00 271  9.3 10.3 99.00 99.00 99.00 999 1010.6  19.9 999.0 999.0 99.0 99.00
2019 09 08 03 00 273  7.8  8.9 99.00 99.00 99.00 999 1010.8  19.5 999.0 999.0 99.0 99.00
2019 09 08 04 00 279  9.2 10.0 99.00 99.00 99.00 999 1010.9  19.5 999.0 999.0 99.0 99.00
2019 09 08 05 00 284  8.6  9.2 99.00 99.00 99.00 999 1011.6  18.8 999.0 999.0 99.0 99.00
2019 09 08 06 00 294  9.7 10.3 99.00 99.00 99.00 999 1011.7  18.6 999.0 999.0 99.0 99.00
2019 09 08 07 00 288 11.1 12.0 99.00 99.00 99.00 999 1011.9  18.4 999.0 999.0 99.0 99.00
2019 09 08 08 00 279 10.1 11.0 99.00 99.00 99.00 999 1012.5  18.4 999.0 999.0 99.0 99.00
2019 09 08 09 00 282  9.0  9.9 99.00 99.00 99.00 999 1012.9  18.2 999.0 999.0 99.0 99.00
2019 09 08 10 00 294  9.4 10.4 99.00 99.00 99.00 999 1013.7  17.5 999.0 999.0 99.0 99.00
2019 09 08 11 00 315  7.4  8.2 99.00 99.00 99.00 999 1014.5  17.8 999.0 999.0 99.0 99.00
2019 09 08 12 00 311  6.8  7.2 99.00 99.00 99.00 999 1015.1  18.1 999.0 999.0 99.0 99.00
2019 09 08 13 00 304  7.2  7.9 99.00 99.00 99.00 999 1015.8  18.5 999.0 999.0 99.0 99.00
2019 09 08 14 00 277  4.9  5.4 99.00 99.00 99.00 999 1016.5  18.2 999.0 999.0 99.0 99.00
2019 09 08 15 00 280  6.0  6.5 99.00 99.00 99.00 999 1016.6  19.0 999.0 999.0 99.0 99.00
2019 09 08 16 00 273  6.4  6.8 99.00 99.00 99.00 999 1016.5  19.1 999.0 999.0 99.0 99.00
2019 09 08 17 00 234  6.8  7.8 99.00 99.00 99.00 999 1016.8  19.0 999.0 999.0 99.0 99.00
2019 09 08 18 00 239  7.2  7.7 99.00 99.00 99.00 999 1016.9  18.8 999.0 999.0 99.0 99.00
2019 09 08 19 00 236  6.7  7.3 99.00 99.00 99.00 999 1017.1  18.9 999.0 999.0 99.0 99.00
2019 09 08 20 00 234  7.0  7.7 99.00 99.00 99.00 999 1017.1  19.5 999.0 999.0 99.0 99.00
2019 09 08 21 00 240  7.7  8.4 99.00 99.00 99.00 999 1017.4  20.1 999.0 999.0 99.0 99.00
2019 09 08 22 00 246  6.8  7.4 99.00 99.00 99.00 999 1018.2  19.8 999.0 999.0 99.0 99.00
2019 09 08 23 00 257  7.6  7.9 99.00 99.00 99.00 999 1018.9  20.0 999.0 999.0 99.0 99.00
2019 09 09 00 00 246  5.6  6.0 99.00 99.00 99.00 999 1019.7  19.5 999.0 999.0 99.0 99.00
2019 09 09 01 00 262  4.9  5.3 99.00 99.00 99.00 999 1020.4  19.6 999.0 999.0 99.0 99.00
2019 09 09 02 00 282  3.1  3.4 99.00 99.00 99.00 999 1021.1  19.4 999.0 999.0 99.0 99.00
2019 09 09 03 00 309  3.4  3.8 99.00 99.00 99.00 999 1021.1  19.5 999.0 999.0 99.0 99.00
2019 09 09 04 00 325  2.6  2.7 99.00 99.00 99.00 999 1021.3  19.2 999.0 999.0 99.0 99.00
2019 09 09 05 00   1  5.9  6.3 99.00 99.00 99.00 999 1021.9  18.4 999.0 999.0 99.0 99.00
2019 09 09 06 00  24  6.2  6.6 99.00 99.00 99.00 999 1022.0  17.9 999.0 999.0 99.0 99.00
2019 09 09 07 00  36  5.1  5.5 99.00 99.00 99.00 999 1022.0  18.0 999.0 999.0 99.0 99.00
2019 09 09 08 00  36  5.1  5.7 99.00 99.00 99.00 999 1022.4  18.0 999.0 999.0 99.0 99.00
2019 09 09 09 00  27  4.7  4.9 99.00 99.00 99.00 999 1022.7  17.6 999.0 999.0 99.0 99.00
2019 09 09 10 00  40  4.6  5.0 99.00 99.00 99.00 999 1023.5  17.9 999.0 999.0 99.0 99.00
2019 09 09 11 00  21  4.9  5.5 99.00 99.00 99.00 999 1023.9  17.1 999.0 999.0 99.0 99.00
2019 09 09 12 00  26  4.7  5.0 99.00 99.00 99.00 999 1024.4  16.9 999.0 999.0 99.0 99.00
2019 09 09 13 00  39  6.0  6.6 99.00 99.00 99.00 999 1024.8  17.4 999.0 999.0 99.0 99.00
2019 09 09 14 00  41  7.1  7.5 99.00 99.00 99.00 999 1025.2  17.9 999.0 999.0 99.0 99.00
2019 09 09 15 00  46  6.0  6.3 99.00 99.00 99.00 999 1025.7  18.5 999.0 999.0 99.0 99.00
2019 09 09 16 00  44  5.4  5.8 99.00 99.00 99.00 999 1025.5  18.9 999.0 999.0 99.0 99.00
2019 09 09 17 00  44  5.1  5.7 99.00 99.00 99.00 999 1025.3  19.6 999.0 999.0 99.0 99.00
2019 09 09 18 00  67  3.8  4.0 99.00 99.00 99.00 999 1025.3  19.8 999.0 999.0 99.0 99.00
2019 09 09 19 00 142  5.7  6.0 99.00 99.00 99.00 999 1024.9  18.7 999.0 999.0 99.0 99.00
2019 09 09 20 00 128  5.6  6.0 99.00 99.00 99.00 999 1024.8  18.7 999.0 999.0 99.0 99.00
2019 09 09 21 00 119  4.6  4.8 99.00 99.00 99.00 999 1024.8  18.7 999.0 999.0 99.0 99.00
2019 09 09 22 00 133  3.4  3.7 99.00 99.00 99.00 999 1025.5  18.8 999.0 999.0 99.0 99.00
2019 09 09 23 00 124  3.8  4.0 99.00 99.00 99.00 999 1025.6  18.6 999.0 999.0 99.0 99.00
2019 09 10 00 00 110  4.0  4.3 99.00 99.00 99.00 999 1025.8  18.5 999.0 999.0 99.0 99.00
2019 09 10 01 00 103  3.3  3.4 99.00 99.00 99.00 999 1026.3  18.4 999.0 999.0 99.0 99.00
2019 09 10 02 00  85  2.6  2.8 99.00 99.00 99.00 999 1026.6  18.2 999.0 999.0 99.0 99.00
2019 09 10 03 00  66  2.3  2.4 99.00 99.00 99.00 999 1026.7  18.1 999.0 999.0 99.0 99.00
2019 09 10 04 00 116  2.4  2.5 99.00 99.00 99.00 999 1026.6  18.0 999.0 999.0 99.0 99.00
2019 09 10 05 00 106  1.9  2.1 99.00 99.00 99.00 999 1027.0  18.0 999.0 999.0 99.0 99.00
2019 09 10 06 00 105  2.0  2.1 99.00 99.00 99.00 999 1027.0  18.0 999.0 999.0 99.0 99.00
2019 09 10 07 00 102  2.1  2.1 99.00 99.00 99.00 999 1026.6  18.0 999.0 999.0 99.0 99.00
2019 09 10 08 00  97  1.2  1.3 99.00 99.00 99.00 999 1027.1  18.0 999.0 999.0 99.0 99.00
2019 09 10 09 00  32  1.4  1.5 99.00 99.00 99.00 999 1027.4  18.1 999.0 999.0 99.0 99.00
2019 09 10 10 00   5  2.5  2.6 99.00 99.00 99.00 999 1027.8  18.1 999.0 999.0 99.0 99.00
2019 09 10 11 00  27  2.8  3.0 99.00 99.00 99.00 999 1028.3  17.7 999.0 999.0 99.0 99.00
2019 09 10 12 00  11  1.6  1.8 99.00 99.00 99.00 999 1029.1  18.0 999.0 999.0 99.0 99.00
2019 09 10 13 00  63  2.5  2.6 99.00 99.00 99.00 999 1029.4  18.0 999.0 999.0 99.0 99.00
2019 09 10 14 00 112  3.0  3.1 99.00 99.00 99.00 999 1029.5  18.6 999.0 999.0 99.0 99.00
2019 09 10 15 00 143  2.8  3.1 99.00 99.00 99.00 999 1029.4  18.7 999.0 999.0 99.0 99.00
2019 09 10 16 00 158  2.4  2.6 99.00 99.00 99.00 999 1029.2  18.9 999.0 999.0 99.0 99.00
2019 09 10 17 00 144  3.0  3.2 99.00 99.00 99.00 999 1028.8  18.8 999.0 999.0 99.0 99.00
2019 09 10 18 00 149  2.6  2.8 99.00 99.00 99.00 999 1028.4  18.9 999.0 999.0 99.0 99.00
2019 09 10 19 00 147  4.0  4.1 99.00 99.00 99.00 999 1027.7  19.0 999.0 999.0 99.0 99.00
2019 09 10 20 00 155  3.7  4.0 99.00 99.00 99.00 999 1027.5  19.2 999.0 999.0 99.0 99.00
2019 09 10 21 00 157  3.7  3.9 99.00 99.00 99.00 999 1027.5  19.3 999.0 999.0 99.0 99.00
2019 09 10 22 00 162  4.8  5.1 99.00 99.00 99.00 999 1027.1  19.3 999.0 999.0 99.0 99.00
2019 09 10 23 00 163  5.3  5.5 99.00 99.00 99.00 999 1027.0  19.3 999.0 999.0 99.0 99.00
2019 09 11 00 00 165  6.2  6.8 99.00 99.00 99.00 999 1026.8  19.3 999.0 999.0 99.0 99.00
2019 09 11 01 00 169  6.0  6.5 99.00 99.00 99.00 999 1026.7  19.4 999.0 999.0 99.0 99.00
2019 09 11 02 00 175  6.9  7.5 99.00 99.00 99.00 999 1026.1  19.6 999.0 999.0 99.0 99.00
2019 09 11 03 00 184  6.9  7.5 99.00 99.00 99.00 999 1025.9  19.9 999.0 999.0 99.0 99.00
2019 09 11 04 00 185  7.7  8.1 99.00 99.00 99.00 999 1025.2  19.9 999.0 999.0 99.0 99.00
2019 09 11 05 00 192  8.3  9.3 99.00 99.00 99.00 999 1024.6  20.1 999.0 999.0 99.0 99.00
2019 09 11 06 00 199  8.2  9.0 99.00 99.00 99.00 999 1024.3  20.2 999.0 999.0 99.0 99.00
2019 09 11 07 00 211  8.3  9.3 99.00 99.00 99.00 999 1023.8  20.1 999.0 999.0 99.0 99.00
2019 09 11 08 00 216  9.0  9.9 99.00 99.00 99.00 999 1023.6  20.3 999.0 999.0 99.0 99.00
2019 09 11 09 00 219  8.9  9.7 99.00 99.00 99.00 999 1023.4  20.2 999.0 999.0 99.0 99.00
2019 09 11 10 00 224  9.6 10.5 99.00 99.00 99.00 999 1023.4  20.3 999.0 999.0 99.0 99.00
2019 09 11 11 00 217  9.6 10.2 99.00 99.00 99.00 999 1023.3  20.3 999.0 999.0 99.0 99.00
2019 09 11 12 00 222  9.1  9.8 99.00 99.00 99.00 999 1023.4  20.3 999.0 999.0 99.0 99.00
2019 09 11 13 00 225 10.7 11.6 99.00 99.00 99.00 999 1022.4  20.2 999.0 999.0 99.0 99.00
2019 09 11 14 00 224 11.4 12.9 99.00 99.00 99.00 999 1022.2  20.3 999.0 999.0 99.0 99.00
2019 09 11 15 00 214 12.0 12.8 99.00 99.00 99.00 999 1020.8  20.3 999.0 999.0 99.0 99.00
2019 09 11 16 00 216 11.3 12.1 99.00 99.00 99.00 999 1020.0  20.3 999.0 999.0 99.0 99.00
2019 09 11 17 00 229  9.6 10.2 99.00 99.00 99.00 999 1019.9  20.5 999.0 999.0 99.0 99.00
2019 09 11 18 00 224 10.2 11.2 99.00 99.00 99.00 999 1018.8  20.6 999.0 999.0 99.0 99.00
2019 09 11 19 00 223  9.5 10.5 99.00 99.00 99.00 999 1018.4  20.6 999.0 999.0 99.0 99.00
2019 09 11 20 00 233 10.8 11.7 99.00 99.00 99.00 999 1017.9  20.8 999.0 999.0 99.0 99.00
2019 09 11 21 00 229 12.1 13.0 99.00 99.00 99.00 999 1017.2  20.8 999.0 999.0 99.0 99.00
2019 09 11 22 00 223 10.0 10.8 99.00 99.00 99.00 999 1017.3  20.7 999.0 999.0 99.0 99.00
2019 09 11 23 00 227  9.1  9.9 99.00 99.00 99.00 999 1017.3  20.5 999.0 999.0 99.0 99.00
2019 09 12 00 00 226  7.7  8.3 99.00 99.00 99.00 999 1017.7  20.5 999.0 999.0 99.0 99.00
2019 09 12 01 00 237  8.5  9.2 99.00 99.00 99.00 999 1017.7  20.5 999.0 999.0 99.0 99.00
2019 09 12 02 00 242  7.6  8.2 99.00 99.00 99.00 999 1018.0  20.4 999.0 999.0 99.0 99.00
2019 09 12 03 00 238  6.2  6.9 99.00 99.00 99.00 999 1017.6  20.4 999.0 999.0 99.0 99.00
2019 09 12 04 00 237  7.2  7.5 99.00 99.00 99.00 999 1017.1  20.3 999.0 999.0 99.0 99.00
2019 09 12 05 00 246  8.0  8.6 99.00 99.00 99.00 999 1016.9  20.5 999.0 999.0 99.0 99.00
2019 09 12 06 00 236  4.1  4.5 99.00 99.00 99.00 999 1016.8  20.2 999.0 999.0 99.0 99.00
2019 09 12 07 00 234  5.2  5.4 99.00 99.00 99.00 999 1016.0  20.2 999.0 999.0 99.0 99.00
2019 09 12 08 00 243  4.5  4.6 99.00 99.00 99.00 999 1016.2  20.1 999.0 999.0 99.0 99.00
2019 09 12 09 00 247  4.7  4.8 99.00 99.00 99.00 999 1016.4  20.1 999.0 999.0 99.0 99.00
2019 09 12 10 00 235  2.5  2.7 99.00 99.00 99.00 999 1016.8  19.8 999.0 999.0 99.0 99.00
2019 09 12 11 00   0  0.0  0.0 99.00 99.00 99.00 999 1017.0  19.7 999.0 999.0 99.0 99.00
2019 09 12 12 00 302  4.4  6.1 99.00 99.00 99.00 999 1017.8  19.4 999.0 999.0 99.0 99.00
2019 09 12 13 00  24  8.0  8.7 99.00 99.00 99.00 999 1017.7  19.5 999.0 999.0 99.0 99.00
2019 09 12 14 00  34 10.2 11.8 99.00 99.00 99.00 999 1019.2  18.4 999.0 999.0 99.0 99.00
2019 09 12 15 00  22 11.4 12.4 99.00 99.00 99.00 999 1018.9  17.1 999.0 999.0 99.0 99.00
2019 09 12 16 00  41 13.2 14.5 99.00 99.00 99.00 999 1018.3  17.5 999.0 999.0 99.0 99.00
2019 09 12 17 00  37 13.3 14.8 99.00 99.00 99.00 999 1018.5  17.0 999.0 999.0 99.0 99.00
2019 09 12 18 00  29 11.3 12.9 99.00 99.00 99.00 999 1019.3  16.6 999.0 999.0 99.0 99.00
2019 09 12 19 00  38 10.5 11.3 99.00 99.00 99.00 999 1019.9  16.8 999.0 999.0 99.0 99.00
2019 09 12 20 00  34 11.9 13.0 99.00 99.00 99.00 999 1020.4  16.3 999.0 999.0 99.0 99.00
2019 09 12 21 00  26 11.7 13.1 99.00 99.00 99.00 999 1021.3  15.6 999.0 999.0 99.0 99.00
2019 09 12 22 00  20 10.6 11.8 99.00 99.00 99.00 999 1022.1  15.8 999.0 999.0 99.0 99.00
2019 09 12 23 00  23 10.7 12.3 99.00 99.00 99.00 999 1022.8  15.7 999.0 999.0 99.0 99.00
2019 09 13 00 00  32 12.0 13.5 99.00 99.00 99.00 999 1023.8  15.4 999.0 999.0 99.0 99.00
2019 09 13 01 00  34 11.0 11.9 99.00 99.00 99.00 999 1024.5  15.5 999.0 999.0 99.0 99.00
2019 09 13 02 00  28  8.3  9.1 99.00 99.00 99.00 999 1025.1  15.7 999.0 999.0 99.0 99.00
2019 09 13 03 00  10  7.7  8.6 99.00 99.00 99.00 999 1025.4  14.6 999.0 999.0 99.0 99.00
2019 09 13 04 00   8  6.9  7.9 99.00 99.00 99.00 999 1025.7  14.5 999.0 999.0 99.0 99.00
2019 09 13 05 00  13  6.7  7.7 99.00 99.00 99.00 999 1026.3  14.5 999.0 999.0 99.0 99.00
2019 09 13 06 00   5  6.4  6.9 99.00 99.00 99.00 999 1026.6  14.4 999.0 999.0 99.0 99.00
2019 09 13 07 00  10  7.2  8.0 99.00 99.00 99.00 999 1026.9  14.6 999.0 999.0 99.0 99.00
2019 09 13 08 00   2  8.2  8.8 99.00 99.00 99.00 999 1027.3  14.3 999.0 999.0 99.0 99.00
2019 09 13 09 00  16  8.6  9.2 99.00 99.00 99.00 999 1027.9  14.3 999.0 999.0 99.0 99.00
2019 09 13 10 00  19  9.1  9.8 99.00 99.00 99.00 999 1028.9  14.0 999.0 999.0 99.0 99.00
2019 09 13 11 00  19  8.3  9.0 99.00 99.00 99.00 999 1029.8  14.3 999.0 999.0 99.0 99.00
2019 09 13 12 00  19  7.7  8.5 99.00 99.00 99.00 999 1030.5  14.4 999.0 999.0 99.0 99.00
2019 09 13 13 00  27  7.2  8.8 99.00 99.00 99.00 999 1031.5  15.7 999.0 999.0 99.0 99.00
2019 09 13 14 00  49  7.6  8.1 99.00 99.00 99.00 999 1032.3  16.4 999.0 999.0 99.0 99.00
2019 09 13 15 00  65  8.3  9.2 99.00 99.00 99.00 999 1032.7  17.3 999.0 999.0 99.0 99.00
2019 09 13 16 00  43  8.6  9.1 99.00 99.00 99.00 999 1032.6  17.4 999.0 999.0 99.0 99.00
2019 09 13 17 00  50  9.0 10.1 99.00 99.00 99.00 999 1032.4  17.5 999.0 999.0 99.0 99.00
2019 09 13 18 00  47  8.0  8.9 99.00 99.00 99.00 999 1032.7  17.1 999.0 999.0 99.0 99.00
2019 09 13 19 00  35  7.3  7.8 99.00 99.00 99.00 999 1032.7  17.2 999.0 999.0 99.0 99.00
2019 09 13 20 00  41  7.7  8.5 99.00 99.00 99.00 999 1032.6  17.2 999.0 999.0 99.0 99.00
2019 09 13 21 00  67  5.7  6.3 99.00 99.00 99.00 999 1033.0  17.1 999.0 999.0 99.0 99.00
2019 09 13 22 00  87  6.8  7.8 99.00 99.00 99.00 999 1032.8  16.6 999.0 999.0 99.0 99.00
2019 09 13 23 00  88  7.8  8.6 99.00 99.00 99.00 999 1032.4  16.1 999.0 999.0 99.0 99.00
2019 09 14 00 00  94  9.5 10.2 99.00 99.00 99.00 999 1031.9  15.6 999.0 999.0 99.0 99.00
2019 09 14 01 00  96  9.1 10.2 99.00 99.00 99.00 999 1032.1  15.4 999.0 999.0 99.0 99.00
2019 09 14 02 00  97  8.7  9.6 99.00 99.00 99.00 999 1032.1  15.3 999.0 999.0 99.0 99.00
2019 09 14 03 00 113  7.7  8.8 99.00 99.00 99.00 999 1032.0  15.1 999.0 999.0 99.0 99.00
2019 09 14 04 00 141  8.3  9.7 99.00 99.00 99.00 999 1031.8  15.1 999.0 999.0 99.0 99.00
2019 09 14 05 00 147  6.9  7.9 99.00 99.00 99.00 999 1032.2  15.2 999.0 999.0 99.0 99.00
2019 09 14 06 00 137  7.6  8.8 99.00 99.00 99.00 999 1030.8  15.5 999.0 999.0 99.0 99.00
2019 09 14 07 00 131  7.7  8.5 99.00 99.00 99.00 999 1030.2  15.5 999.0 999.0 99.0 99.00
2019 09 14 08 00 130  8.2  9.0 99.00 99.00 99.00 999 1029.7  15.6 999.0 999.0 99.0 99.00
2019 09 14 09 00 133  7.7  8.5 99.00 99.00 99.00 999 1029.4  16.0 999.0 999.0 99.0 99.00
2019 09 14 10 00 131  8.4  8.8 99.00 99.00 99.00 999 1029.2  16.4 999.0 999.0 99.0 99.00
2019 09 14 11 00 132  8.5  9.5 99.00 99.00 99.00 999 1028.9  16.6 999.0 999.0 99.0 99.00
2019 09 14 12 00 136  8.6  9.2 99.00 99.00 99.00 999 1028.9  16.7 999.0 999.0 99.0 99.00
2019 09 14 13 00 144  8.5  9.5 99.00 99.00 99.00 999 1028.7  17.3 999.0 999.0 99.0 99.00
2019 09 14 14 00 147 10.1 11.3 99.00 99.00 99.00 999 1028.4  17.7 999.0 999.0 99.0 99.00
2019 09 14 15 00 145  9.3 10.2 99.00 99.00 99.00 999 1027.8  17.5 999.0 999.0 99.0 99.00
2019 09 14 16 00 154  8.9 10.1 99.00 99.00 99.00 999 1027.5  18.0 999.0 999.0 99.0 99.00
2019 09 14 17 00 147  8.9  9.7 99.00 99.00 99.00 999 1026.6  17.8 999.0 999.0 99.0 99.00
2019 09 14 18 00 162  7.4  8.1 99.00 99.00 99.00 999 1025.9  18.7 999.0 999.0 99.0 99.00
2019 09 14 19 00 184  6.6  7.1 99.00 99.00 99.00 999 1025.2  19.4 999.0 999.0 99.0 99.00
2019 09 14 20 00 186  7.6  8.0 99.00 99.00 99.00 999 1024.4  19.5 999.0 999.0 99.0 99.00
2019 09 14 21 00 186  7.7  8.1 99.00 99.00 99.00 999 1023.9  19.5 999.0 999.0 99.0 99.00
2019 09 14 22 00 191  7.8  8.5 99.00 99.00 99.00 999 1023.6  19.6 999.0 999.0 99.0 99.00
2019 09 14 23 00 190  9.7 10.0 99.00 99.00 99.00 999 1023.0  19.8 999.0 999.0 99.0 99.00
2019 09 15 00 00 194  9.1  9.6 99.00 99.00 99.00 999 1023.0  19.8 999.0 999.0 99.0 99.00
2019 09 15 01 00 195  8.9  9.5 99.00 99.00 99.00 999 1023.1  19.9 999.0 999.0 99.0 99.00
2019 09 15 02 00 198  9.3 10.1 99.00 99.00 99.00 999 1022.7  20.0 999.0 999.0 99.0 99.00
2019 09 15 03 00 200  9.9 10.7 99.00 99.00 99.00 999 1022.1  20.0 999.0 999.0 99.0 99.00
2019 09 15 04 00 207  9.4 10.4 99.00 99.00 99.00 999 1021.9  19.9 999.0 999.0 99.0 99.00
2019 09 15 05 00 214  9.8 11.1 99.00 99.00 99.00 999 1021.7  19.7 999.0 999.0 99.0 99.00
2019 09 15 06 00 224  9.6 10.5 99.00 99.00 99.00 999 1021.5  19.6 999.0 999.0 99.0 99.00
2019 09 15 07 00 220  7.8  8.4 99.00 99.00 99.00 999 1021.1  19.3 999.0 999.0 99.0 99.00
2019 09 15 08 00 234  9.0  9.6 99.00 99.00 99.00 999 1020.7  19.4 999.0 999.0 99.0 99.00
2019 09 15 09 00 234  7.0  7.3 99.00 99.00 99.00 999 1020.7  19.5 999.0 999.0 99.0 99.00
2019 09 15 10 00 247  5.9  6.5 99.00 99.00 99.00 999 1021.2  19.6 999.0 999.0 99.0 99.00
2019 09 15 11 00 257  5.3  5.5 99.00 99.00 99.00 999 1021.4  19.4 999.0 999.0 99.0 99.00
2019 09 15 12 00 260  4.8  4.9 99.00 99.00 99.00 999 1021.4  19.4 999.0 999.0 99.0 99.00
2019 09 15 13 00 278  4.4  4.5 99.00 99.00 99.00 999 1021.3  19.1 999.0 999.0 99.0 99.00
2019 09 15 14 00 270  3.4  3.5 99.00 99.00 99.00 999 1021.2  19.2 999.0 999.0 99.0 99.00
2019 09 15 15 00 280  2.7  2.9 99.00 99.00 99.00 999 1020.7  20.0 999.0 999.0 99.0 99.00
2019 09 15 16 00 265  3.4  3.6 99.00 99.00 99.00 999 1020.4  19.9 999.0 999.0 99.0 99.00
2019 09 15 17 00 234  4.0  4.1 99.00 99.00 99.00 999 1020.1  20.3 999.0 999.0 99.0 99.00
2019 09 15 18 00 214  5.9  6.3 99.00 99.00 99.00 999 1019.1  19.9 999.0 999.0 99.0 99.00
2019 09 15 19 00 219  5.8  6.2 99.00 99.00 99.00 999 1018.6  19.8 999.0 999.0 99.0 99.00
2019 09 15 20 00 223  6.6  7.2 99.00 99.00 99.00 999 1018.2  20.2 999.0 999.0 99.0 99.00
2019 09 15 21 00 219  6.5  6.9 99.00 99.00 99.00 999 1018.2  20.2 999.0 999.0 99.0 99.00
2019 09 15 22 00 227  7.4  7.9 99.00 99.00 99.00 999 1018.1  20.1 999.0 999.0 99.0 99.00
2019 09 15 23 00 239  7.5  8.0 99.00 99.00 99.00 999 1018.3  19.7 999.0 999.0 99.0 99.00
2019 09 16 00 00 239  7.3  7.7 99.00 99.00 99.00 999 1018.2  19.7 999.0 999.0 99.0 99.00
2019 09 16 01 00 246  7.2  7.5 99.00 99.00 99.00 999 1017.8  19.7 999.0 999.0 99.0 99.00
2019 09 16 02 00 263  7.9  8.3 99.00 99.00 99.00 999 1017.8  20.3 999.0 999.0 99.0 99.00
2019 09 16 03 00 262  6.0  6.1 99.00 99.00 99.00 999 1017.8  19.8 999.0 999.0 99.0 99.00
2019 09 16 04 00 257  5.9  6.4 99.00 99.00 99.00 999 1017.7  19.6 999.0 999.0 99.0 99.00
2019 09 16 05 00 246  5.8  6.2 99.00 99.00 99.00 999 1017.6  19.4 999.0 999.0 99.0 99.00
2019 09 16 06 00 258  5.9  6.2 99.00 99.00 99.00 999 1017.1  19.4 999.0 999.0 99.0 99.00
2019 09 16 07 00 274  6.2  6.7 99.00 99.00 99.00 999 1017.3  19.4 999.0 999.0 99.0 99.00
2019 09 16 08 00 329  3.1  3.4 99.00 99.00 99.00 999 1017.4  18.9 999.0 999.0 99.0 99.00
2019 09 16 09 00 323  4.8  5.3 99.00 99.00 99.00 999 1017.5  19.6 999.0 999.0 99.0 99.00
2019 09 16 10 00 346  3.2  3.7 99.00 99.00 99.00 999 1017.7  19.2 999.0 999.0 99.0 99.00
2019 09 16 11 00 356  3.9  4.4 99.00 99.00 99.00 999 1018.1  18.9 999.0 999.0 99.0 99.00
2019 09 16 12 00   4  4.7  5.5 99.00 99.00 99.00 999 1018.1  18.4 999.0 999.0 99.0 99.00
2019 09 16 13 00 359  5.3  5.7 99.00 99.00 99.00 999 1018.2  18.1 999.0 999.0 99.0 99.00
2019 09 16 14 00  20  3.3  3.9 99.00 99.00 99.00 999 1018.4  18.5 999.0 999.0 99.0 99.00
2019 09 16 15 00  69  2.7  3.0 99.00 99.00 99.00 999 1018.1  18.2 999.0 999.0 99.0 99.00
2019 09 16 16 00  94  1.0  1.1 99.00 99.00 99.00 999 1017.7  18.4 999.0 999.0 99.0 99.00
2019 09 16 17 00 173  0.7  0.9 99.00 99.00 99.00 999 1017.2  18.8 999.0 999.0 99.0 99.00
2019 09 16 18 00 176  3.6  4.0 99.00 99.00 99.00 999 1016.7  18.4 999.0 999.0 99.0 99.00
2019 09 16 19 00 203  6.2  6.4 99.00 99.00 99.00 999 1016.6  18.5 999.0 999.0 99.0 99.00
2019 09 16 20 00 206  5.4  5.6 99.00 99.00 99.00 999 1016.1  18.7 999.0 999.0 99.0 99.00
2019 09 16 21 00 202  4.9  5.1 99.00 99.00 99.00 999 1015.9  18.7 999.0 999.0 99.0 99.00
2019 09 16 22 00 216  4.9  5.5 99.00 99.00 99.00 999 1016.0  18.7 999.0 999.0 99.0 99.00
2019 09 16 23 00 208  4.1  4.4 99.00 99.00 99.00 999 1016.5  18.6 999.0 999.0 99.0 99.00
2019 09 17 00 00 238  1.2  1.5 99.00 99.00 99.00 999 1017.1  19.2 999.0 999.0 99.0 99.00
2019 09 17 01 00 129  5.9  6.4 99.00 99.00 99.00 999 1017.4  17.8 999.0 999.0 99.0 99.00
2019 09 17 02 00  90  3.6  4.6 99.00 99.00 99.00 999 1018.0  18.0 999.0 999.0 99.0 99.00
2019 09 17 03 00  99  3.2  3.4 99.00 99.00 99.00 999 1018.3  17.7 999.0 999.0 99.0 99.00
2019 09 17 04 00 114  0.9  1.1 99.00 99.00 99.00 999 1018.3  17.5 999.0 999.0 99.0 99.00
2019 09 17 05 00 358  3.6  3.9 99.00 99.00 99.00 999 1018.6  17.5 999.0 999.0 99.0 99.00
2019 09 17 06 00 337  4.5  4.9 99.00 99.00 99.00 999 1018.5  17.0 999.0 999.0 99.0 99.00
2019 09 17 07 00 350  6.3  6.9 99.00 99.00 99.00 999 1018.3  16.8 999.0 999.0 99.0 99.00
2019 09 17 08 00 340  6.9  8.4 99.00 99.00 99.00 999 1017.9  16.0 999.0 999.0 99.0 99.00
2019 09 17 09 00 351  7.2  8.0 99.00 99.00 99.00 999 1018.2  16.0 999.0 999.0 99.0 99.00
2019 09 17 10 00 353  8.3  9.3 99.00 99.00 99.00 999 1018.4  16.0 999.0 999.0 99.0 99.00
2019 09 17 11 00 353  7.1  7.8 99.00 99.00 99.00 999 1019.1  15.8 999.0 999.0 99.0 99.00
2019 09 17 12 00 358  8.3  8.9 99.00 99.00 99.00 999 1019.4  15.8 999.0 999.0 99.0 99.00
2019 09 17 13 00   0  9.0  9.9 99.00 99.00 99.00 999 1019.6  15.8 999.0 999.0 99.0 99.00
2019 09 17 14 00 349  8.9 10.1 99.00 99.00 99.00 999 1019.8  16.6 999.0 999.0 99.0 99.00
2019 09 17 15 00  15  5.9  6.5 99.00 99.00 99.00 999 1019.8  17.5 999.0 999.0 99.0 99.00
2019 09 17 16 00  18  6.8  7.5 99.00 99.00 99.00 999 1019.9  18.0 999.0 999.0 99.0 99.00
2019 09 17 17 00  49  7.8  8.3 99.00 99.00 99.00 999 1019.8  17.5 999.0 999.0 99.0 99.00
2019 09 17 18 00  35  9.0  9.9 99.00 99.00 99.00 999 1019.6  17.9 999.0 999.0 99.0 99.00
2019 09 17 19 00  17  7.6  9.0 99.00 99.00 99.00 999 1019.6  18.3 999.0 999.0 99.0 99.00
2019 09 17 20 00  38  8.4  9.4 99.00 99.00 99.00 999 1019.9  17.5 999.0 999.0 99.0 99.00
2019 09 17 21 00  41  9.4 10.5 99.00 99.00 99.00 999 1019.9  17.6 999.0 999.0 99.0 99.00
2019 09 17 22 00  40  9.9 10.6 99.00 99.00 99.00 999 1019.9  17.2 999.0 999.0 99.0 99.00
2019 09 17 23 00  36  8.0  9.3 99.00 99.00 99.00 999 1020.6  16.7 999.0 999.0 99.0 99.00
2019 09 18 00 00  44  8.0  8.8 99.00 99.00 99.00 999 1021.2  16.4 999.0 999.0 99.0 99.00
2019 09 18 01 00  70  6.4  7.3 99.00 99.00 99.00 999 1021.6  16.2 999.0 999.0 99.0 99.00
2019 09 18 02 00  79  6.1  6.6 99.00 99.00 99.00 999 1022.0  15.8 999.0 999.0 99.0 99.00
2019 09 18 03 00  63  6.1  6.6 99.00 99.00 99.00 999 1022.1  15.9 999.0 999.0 99.0 99.00
2019 09 18 04 00  52  7.9  8.4 99.00 99.00 99.00 999 1021.8  16.1 999.0 999.0 99.0 99.00
2019 09 18 05 00  27  8.9  9.5 99.00 99.00 99.00 999 1021.8  16.1 999.0 999.0 99.0 99.00
2019 09 18 06 00  31  8.4  9.4 99.00 99.00 99.00 999 1021.9  16.0 999.0 999.0 99.0 99.00
2019 09 18 07 00  14  6.1  6.7 99.00 99.00 99.00 999 1022.0  15.5 999.0 999.0 99.0 99.00
2019 09 18 08 00  13  7.3  8.0 99.00 99.00 99.00 999 1022.0  15.2 999.0 999.0 99.0 99.00
2019 09 18 09 00   7  8.8 10.0 99.00 99.00 99.00 999 1022.0  15.1 999.0 999.0 99.0 99.00
2019 09 18 10 00  21  9.7 10.7 99.00 99.00 99.00 999 1022.2  15.2 999.0 999.0 99.0 99.00
2019 09 18 11 00  23  9.4 10.2 99.00 99.00 99.00 999 1023.1  14.8 999.0 999.0 99.0 99.00
2019 09 18 12 00  14  8.1  9.0 99.00 99.00 99.00 999 1023.8  14.1 999.0 999.0 99.0 99.00
2019 09 18 13 00  26 10.4 11.8 99.00 99.00 99.00 999 1024.0  14.5 999.0 999.0 99.0 99.00
2019 09 18 14 00  27  9.9 11.2 99.00 99.00 99.00 999 1024.4  14.5 999.0 999.0 99.0 99.00
2019 09 18 15 00  20 10.2 11.4 99.00 99.00 99.00 999 1024.2  15.0 999.0 999.0 99.0 99.00
2019 09 18 16 00  29 10.8 11.7 99.00 99.00 99.00 999 1024.1  15.1 999.0 999.0 99.0 99.00
2019 09 18 17 00  51 13.5 14.5 99.00 99.00 99.00 999 1024.5  14.1 999.0 999.0 99.0 99.00
2019 09 18 18 00  18 12.5 13.5 99.00 99.00 99.00 999 1024.2  13.8 999.0 999.0 99.0 99.00
2019 09 18 19 00  30 13.8 15.3 99.00 99.00 99.00 999 1024.4  14.0 999.0 999.0 99.0 99.00
2019 09 18 20 00  30 12.1 13.3 99.00 99.00 99.00 999 1024.3  14.3 999.0 999.0 99.0 99.00
2019 09 18 21 00  15 10.9 12.0 99.00 99.00 99.00 999 1024.8  14.4 999.0 999.0 99.0 99.00
2019 09 18 22 00  24 11.2 13.0 99.00 99.00 99.00 999 1025.2  14.4 999.0 999.0 99.0 99.00
2019 09 18 23 00  14 11.1 12.2 99.00 99.00 99.00 999 1025.6  13.9 999.0 999.0 99.0 99.00
2019 09 19 00 00  35 10.2 11.9 99.00 99.00 99.00 999 1026.1  13.5 999.0 999.0 99.0 99.00
2019 09 19 01 00  34  9.3 10.9 99.00 99.00 99.00 999 1026.5  13.5 999.0 999.0 99.0 99.00
2019 09 19 02 00  58 10.8 11.7 99.00 99.00 99.00 999 1026.8  13.5 999.0 999.0 99.0 99.00
2019 09 19 03 00  46 11.2 13.1 99.00 99.00 99.00 999 1026.6  13.6 999.0 999.0 99.0 99.00
2019 09 19 04 00  13  8.3  9.1 99.00 99.00 99.00 999 1026.7  12.5 999.0 999.0 99.0 99.00
2019 09 19 05 00  15  8.6 10.3 99.00 99.00 99.00 999 1026.4  13.1 999.0 999.0 99.0 99.00
2019 09 19 06 00  49 10.0 11.0 99.00 99.00 99.00 999 1026.3  13.7 999.0 999.0 99.0 99.00
2019 09 19 07 00  16  6.7  8.0 99.00 99.00 99.00 999 1026.2  12.8 999.0 999.0 99.0 99.00
2019 09 19 08 00   6  7.1  8.2 99.00 99.00 99.00 999 1025.8  12.8 999.0 999.0 99.0 99.00
2019 09 19 09 00  11  6.1  6.8 99.00 99.00 99.00 999 1026.2  12.4 999.0 999.0 99.0 99.00
2019 09 19 10 00  15  6.5  7.5 99.00 99.00 99.00 999 1026.3  12.3 999.0 999.0 99.0 99.00
2019 09 19 11 00   1  5.9  6.8 99.00 99.00 99.00 999 1026.9  11.3 999.0 999.0 99.0 99.00
2019 09 19 12 00   1  8.2  9.3 99.00 99.00 99.00 999 1027.3  11.0 999.0 999.0 99.0 99.00
2019 09 19 13 00   4  6.8  7.8 99.00 99.00 99.00 999 1027.7  12.5 999.0 999.0 99.0 99.00
2019 09 19 14 00   3  5.9  6.9 99.00 99.00 99.00 999 1027.7  13.2 999.0 999.0 99.0 99.00
2019 09 19 15 00  30  6.6  7.9 99.00 99.00 99.00 999 1027.5  14.4 999.0 999.0 99.0 99.00
2019 09 19 16 00  20  4.7  5.7 99.00 99.00 99.00 999 1027.3  15.0 999.0 999.0 99.0 99.00
2019 09 19 17 00  50  5.6  6.2 99.00 99.00 99.00 999 1027.0  15.6 999.0 999.0 99.0 99.00
2019 09 19 18 00  67  5.7  6.2 99.00 99.00 99.00 999 1026.8  15.9 999.0 999.0 99.0 99.00
2019 09 19 19 00  54  6.2  6.7 99.00 99.00 99.00 999 1026.1  16.1 999.0 999.0 99.0 99.00
2019 09 19 20 00  63  5.0  5.7 99.00 99.00 99.00 999 1025.8  16.3 999.0 999.0 99.0 99.00
2019 09 19 21 00  67  5.1  5.5 99.00 99.00 99.00 999 1025.6  16.5 999.0 999.0 99.0 99.00
2019 09 19 22 00  75  3.7  4.1 99.00 99.00 99.00 999 1026.0  16.7 999.0 999.0 99.0 99.00
2019 09 19 23 00  88  4.2  4.6 99.00 99.00 99.00 999 1026.1  16.3 999.0 999.0 99.0 99.00
2019 09 20 00 00  89  2.1  2.4 99.00 99.00 99.00 999 1026.1  15.9 999.0 999.0 99.0 99.00
2019 09 20 01 00 169  2.1  2.5 99.00 99.00 99.00 999 1025.8  15.6 999.0 999.0 99.0 99.00
2019 09 20 02 00 152  2.5  3.0 99.00 99.00 99.00 999 1025.5  15.6 999.0 999.0 99.0 99.00
2019 09 20 03 00 145  3.6  3.9 99.00 99.00 99.00 999 1025.2  15.5 999.0 999.0 99.0 99.00
2019 09 20 04 00 161  3.1  3.4 99.00 99.00 99.00 999 1025.0  15.6 999.0 999.0 99.0 99.00
2019 09 20 05 00 213  3.6  4.0 99.00 99.00 99.00 999 1024.6  15.8 999.0 999.0 99.0 99.00
2019 09 20 06 00 217  4.3  5.1 99.00 99.00 99.00 999 1024.0  15.9 999.0 999.0 99.0 99.00
2019 09 20 07 00 256  6.2  7.1 99.00 99.00 99.00 999 1023.4  16.4 999.0 999.0 99.0 99.00
2019 09 20 08 00 271  7.1  7.8 99.00 99.00 99.00 999 1023.3  15.9 999.0 999.0 99.0 99.00
2019 09 20 09 00 279  7.8  8.6 99.00 99.00 99.00 999 1023.2  16.1 999.0 999.0 99.0 99.00
2019 09 20 10 00 279  6.5  7.2 99.00 99.00 99.00 999 1023.5  16.1 999.0 999.0 99.0 99.00
2019 09 20 11 00 283  4.8  5.2 99.00 99.00 99.00 999 1023.6  15.6 999.0 999.0 99.0 99.00
2019 09 20 12 00 256  4.9  5.3 99.00 99.00 99.00 999 1023.9  15.6 999.0 999.0 99.0 99.00
2019 09 20 13 00 268  5.6  6.2 99.00 99.00 99.00 999 1023.6  15.7 999.0 999.0 99.0 99.00
2019 09 20 14 00 266  6.0  6.4 99.00 99.00 99.00 999 1023.4  15.8 999.0 999.0 99.0 99.00
2019 09 20 15 00 253  5.5  5.9 99.00 99.00 99.00 999 1022.9  16.0 999.0 999.0 99.0 99.00
2019 09 20 16 00 257  5.5  5.9 99.00 99.00 99.00 999 1022.3  16.7 999.0 999.0 99.0 99.00
2019 09 20 17 00 245  5.9  6.3 99.00 99.00 99.00 999 1021.6  17.5 999.0 999.0 99.0 99.00
2019 09 20 18 00 249  6.3  6.6 99.00 99.00 99.00 999 1020.9  18.4 999.0 999.0 99.0 99.00
2019 09 20 19 00 243  6.9  7.5 99.00 99.00 99.00 999 1020.3  18.7 999.0 999.0 99.0 99.00
2019 09 20 20 00 250  9.1  9.8 99.00 99.00 99.00 999 1019.9  19.3 999.0 999.0 99.0 99.00
2019 09 20 21 00 249  9.6 10.2 99.00 99.00 99.00 999 1019.8  19.6 999.0 999.0 99.0 99.00
2019 09 20 22 00 249 10.0 11.0 99.00 99.00 99.00 999 1019.9  19.6 999.0 999.0 99.0 99.00
2019 09 20 23 00 252  9.7 10.6 99.00 99.00 99.00 999 1020.0  19.5 999.0 999.0 99.0 99.00
2019 09 21 00 00 257  9.1  9.5 99.00 99.00 99.00 999 1020.5  19.6 999.0 999.0 99.0 99.00
2019 09 21 01 00 254  7.7  8.3 99.00 99.00 99.00 999 1021.0  19.5 999.0 999.0 99.0 99.00
2019 09 21 02 00 258  7.5  8.2 99.00 99.00 99.00 999 1021.2  19.6 999.0 999.0 99.0 99.00
2019 09 21 03 00 251  6.9  7.2 99.00 99.00 99.00 999 1020.9  19.2 999.0 999.0 99.0 99.00
2019 09 21 04 00 263  6.9  7.3 99.00 99.00 99.00 999 1020.7  18.9 999.0 999.0 99.0 99.00
2019 09 21 05 00 268  7.5  8.0 99.00 99.00 99.00 999 1020.8  18.9 999.0 999.0 99.0 99.00
2019 09 21 06 00 278  6.2  6.5 99.00 99.00 99.00 999 1021.1  18.8 999.0 999.0 99.0 99.00
2019 09 21 07 00 279  4.9  5.3 99.00 99.00 99.00 999 1021.2  18.4 999.0 999.0 99.0 99.00
2019 09 21 08 00 277  4.5  4.7 99.00 99.00 99.00 999 1021.2  18.4 999.0 999.0 99.0 99.00
2019 09 21 09 00 276  4.8  5.1 99.00 99.00 99.00 999 1021.2  18.2 999.0 999.0 99.0 99.00
2019 09 21 10 00 301  3.7  4.0 99.00 99.00 99.00 999 1021.8  18.0 999.0 999.0 99.0 99.00
2019 09 21 11 00 338  3.7  4.3 99.00 99.00 99.00 999 1022.2  18.1 999.0 999.0 99.0 99.00
2019 09 21 12 00 345  1.3  1.7 99.00 99.00 99.00 999 1022.8  18.1 999.0 999.0 99.0 99.00
2019 09 21 13 00   0  1.9  2.1 99.00 99.00 99.00 999 1023.2  17.9 999.0 999.0 99.0 99.00
2019 09 21 14 00 108  0.6  0.7 99.00 99.00 99.00 999 1023.1  18.8 999.0 999.0 99.0 99.00
2019 09 21 15 00  91  0.4  0.5 99.00 99.00 99.00 999 1023.4  19.1 999.0 999.0 99.0 99.00
2019 09 21 16 00 262  0.6  1.0 99.00 99.00 99.00 999 1023.1  19.2 999.0 999.0 99.0 99.00
2019 09 21 17 00 237  1.9  2.1 99.00 99.00 99.00 999 1022.7  19.6 999.0 999.0 99.0 99.00
2019 09 21 18 00 236  2.9  3.1 99.00 99.00 99.00 999 1022.5  19.9 999.0 999.0 99.0 99.00
2019 09 21 19 00 216  2.9  3.1 99.00 99.00 99.00 999 1022.1  20.2 999.0 999.0 99.0 99.00
2019 09 21 20 00 210  3.6  3.8 99.00 99.00 99.00 999 1022.0  20.1 999.0 999.0 99.0 99.00
2019 09 21 21 00 200  3.6  3.8 99.00 99.00 99.00 999 1022.0  20.1 999.0 999.0 99.0 99.00
2019 09 21 22 00 204  3.7  3.9 99.00 99.00 99.00 999 1021.8  20.0 999.0 999.0 99.0 99.00
2019 09 21 23 00 208  3.1  3.4 99.00 99.00 99.00 999 1021.9  19.6 999.0 999.0 99.0 99.00
2019 09 22 00 00 208  4.7  4.9 99.00 99.00 99.00 999 1022.1  19.5 999.0 999.0 99.0 99.00
2019 09 22 01 00 185  3.7  4.0 99.00 99.00 99.00 999 1022.5  19.2 999.0 999.0 99.0 99.00
2019 09 22 02 00 193  3.9  4.2 99.00 99.00 99.00 999 1022.9  19.2 999.0 999.0 99.0 99.00
2019 09 22 03 00 196  4.9  5.3 99.00 99.00 99.00 999 1022.7  19.0 999.0 999.0 99.0 99.00
2019 09 22 04 00 193  4.6  5.0 99.00 99.00 99.00 999 1022.7  19.0 999.0 999.0 99.0 99.00
2019 09 22 05 00 219  5.5  6.0 99.00 99.00 99.00 999 1022.9  19.0 999.0 999.0 99.0 99.00
2019 09 22 06 00 225  4.7  5.0 99.00 99.00 99.00 999 1022.7  18.9 999.0 999.0 99.0 99.00
2019 09 22 07 00 219  4.4  4.6 99.00 99.00 99.00 999 1022.2  18.8 999.0 999.0 99.0 99.00
2019 09 22 08 00 222  3.8  4.0 99.00 99.00 99.00 999 1022.0  18.7 999.0 999.0 99.0 99.00
2019 09 22 09 00 214  3.7  4.0 99.00 99.00 99.00 999 1022.1  18.6 999.0 999.0 99.0 99.00
2019 09 22 10 00 215  3.9  4.1 99.00 99.00 99.00 999 1022.2  18.5 999.0 999.0 99.0 99.00
2019 09 22 11 00 195  3.7  4.1 99.00 99.00 99.00 999 1022.1  18.5 999.0 999.0 99.0 99.00
2019 09 22 12 00 203  4.8  5.4 99.00 99.00 99.00 999 1022.3  18.6 999.0 999.0 99.0 99.00
2019 09 22 13 00 210  4.6  4.9 99.00 99.00 99.00 999 1022.4  18.7 999.0 999.0 99.0 99.00
2019 09 22 14 00 201  5.7  6.0 99.00 99.00 99.00 999 1022.3  18.9 999.0 999.0 99.0 99.00
2019 09 22 15 00 201  6.9  7.6 99.00 99.00 99.00 999 1021.9  18.9 999.0 999.0 99.0 99.00
2019 09 22 16 00 219  6.9  7.7 99.00 99.00 99.00 999 1021.4  19.1 999.0 999.0 99.0 99.00
2019 09 22 17 00 224  8.2  8.5 99.00 99.00 99.00 999 1020.9  18.7 999.0 999.0 99.0 99.00
2019 09 22 18 00 224  9.3  9.7 99.00 99.00 99.00 999 1020.0  18.4 999.0 999.0 99.0 99.00
2019 09 22 19 00 224  7.6  8.3 99.00 99.00 99.00 999 1019.6  17.9 999.0 999.0 99.0 99.00
2019 09 22 20 00 232  8.6  9.7 99.00 99.00 99.00 999 1019.2  18.0 999.0 999.0 99.0 99.00
2019 09 22 21 00 217  8.4  9.1 99.00 99.00 99.00 999 1018.4  18.3 999.0 999.0 99.0 99.00
2019 09 22 22 00 221  7.4  7.9 99.00 99.00 99.00 999 1018.2  19.0 999.0 999.0 99.0 99.00
2019 09 22 23 00 219  9.1  9.8 99.00 99.00 99.00 999 1017.5  19.7 999.0 999.0 99.0 99.00
2019 09 23 00 00 223  9.2  9.7 99.00 99.00 99.00 999 1017.8  19.7 999.0 999.0 99.0 99.00
2019 09 23 01 00 218  7.9  8.7 99.00 99.00 99.00 999 1017.9  19.6 999.0 999.0 99.0 99.00
2019 09 23 02 00 225  7.6  8.0 99.00 99.00 99.00 999 1017.9  19.5 999.0 999.0 99.0 99.00
2019 09 23 03 00 214  8.2  8.6 99.00 99.00 99.00 999 1017.0  19.5 999.0 999.0 99.0 99.00
2019 09 23 04 00 218  9.0  9.6 99.00 99.00 99.00 999 1016.6  19.7 999.0 999.0 99.0 99.00
2019 09 23 05 00 216  8.7  9.5 99.00 99.00 99.00 999 1016.0  19.7 999.0 999.0 99.0 99.00
2019 09 23 06 00 227  8.9  9.8 99.00 99.00 99.00 999 1015.7  19.7 999.0 999.0 99.0 99.00
2019 09 23 07 00 225  9.1  9.7 99.00 99.00 99.00 999 1014.8  19.8 999.0 999.0 99.0 99.00
2019 09 23 08 00 222  9.0  9.9 99.00 99.00 99.00 999 1014.4  19.9 999.0 999.0 99.0 99.00
2019 09 23 09 00 225 10.3 11.1 99.00 99.00 99.00 999 1013.9  20.0 999.0 999.0 99.0 99.00
2019 09 23 10 00 227 11.3 12.6 99.00 99.00 99.00 999 1014.0  20.1 999.0 999.0 99.0 99.00
2019 09 23 11 00 224 11.6 12.8 99.00 99.00 99.00 999 1013.9  20.1 999.0 999.0 99.0 99.00
2019 09 23 12 00 224 11.7 13.2 99.00 99.00 99.00 999 1013.7  20.1 999.0 999.0 99.0 99.00
2019 09 23 13 00 223 11.0 12.7 99.00 99.00 99.00 999 1013.3  20.1 999.0 999.0 99.0 99.00
2019 09 23 14 00 219 11.6 12.7 99.00 99.00 99.00 999 1013.0  20.1 999.0 999.0 99.0 99.00
2019 09 23 15 00 221 11.9 12.9 99.00 99.00 99.00 999 1012.6  20.0 999.0 999.0 99.0 99.00
2019 09 23 16 00 222 12.1 13.1 99.00 99.00 99.00 999 1012.0  20.2 999.0 999.0 99.0 99.00
2019 09 23 17 00 221 12.4 13.7 99.00 99.00 99.00 999 1011.1  20.1 999.0 999.0 99.0 99.00
2019 09 23 18 00 219 11.8 12.4 99.00 99.00 99.00 999 1010.5  20.1 999.0 999.0 99.0 99.00
2019 09 23 19 00 218 11.3 12.4 99.00 99.00 99.00 999 1009.8  20.0 999.0 999.0 99.0 99.00
2019 09 23 20 00 224 10.2 11.3 99.00 99.00 99.00 999 1009.6  20.1 999.0 999.0 99.0 99.00
2019 09 23 21 00 221 11.6 12.4 99.00 99.00 99.00 999 1009.0  20.2 999.0 999.0 99.0 99.00
2019 09 23 22 00 216 10.7 11.8 99.00 99.00 99.00 999 1008.5  20.0 999.0 999.0 99.0 99.00
2019 09 23 23 00 217 11.9 13.3 99.00 99.00 99.00 999 1008.2  20.1 999.0 999.0 99.0 99.00
2019 09 24 00 00 218 10.5 11.6 99.00 99.00 99.00 999 1008.2  20.1 999.0 999.0 99.0 99.00
2019 09 24 01 00 227  9.0 10.0 99.00 99.00 99.00 999 1008.5  20.2 999.0 999.0 99.0 99.00
2019 09 24 02 00 218 10.7 11.8 99.00 99.00 99.00 999 1007.7  20.4 999.0 999.0 99.0 99.00
2019 09 24 03 00 220 11.3 12.6 99.00 99.00 99.00 999 1007.3  20.4 999.0 999.0 99.0 99.00
2019 09 24 04 00 226 13.9 15.8 99.00 99.00 99.00 999 1006.9  20.2 999.0 999.0 99.0 99.00
2019 09 24 05 00 206 14.0 14.9 99.00 99.00 99.00 999 1006.3  19.8 999.0 999.0 99.0 99.00
2019 09 24 06 00 209 11.3 12.7 99.00 99.00 99.00 999 1006.0  20.1 999.0 999.0 99.0 99.00
2019 09 24 07 00 320  6.7  7.9 99.00 99.00 99.00 999 1007.0  19.2 999.0 999.0 99.0 99.00
2019 09 24 08 00 164  0.5  0.6 99.00 99.00 99.00 999 1006.8  18.0 999.0 999.0 99.0 99.00
2019 09 24 09 00 163  5.6  5.9 99.00 99.00 99.00 999 1006.1  18.0 999.0 999.0 99.0 99.00
2019 09 24 10 00 235  3.4  3.8 99.00 99.00 99.00 999 1007.0  18.4 999.0 999.0 99.0 99.00
2019 09 24 11 00 226  5.5  5.7 99.00 99.00 99.00 999 1007.1  18.5 999.0 999.0 99.0 99.00
2019 09 24 12 00 259  5.8  6.3 99.00 99.00 99.00 999 1007.3  18.8 999.0 999.0 99.0 99.00
2019 09 24 13 00 264  6.2  6.5 99.00 99.00 99.00 999 1007.5  18.9 999.0 999.0 99.0 99.00
2019 09 24 14 00 254  4.7  5.0 99.00 99.00 99.00 999 1007.7  18.9 999.0 999.0 99.0 99.00
2019 09 24 15 00 257  3.6  3.8 99.00 99.00 99.00 999 1007.5  19.3 999.0 999.0 99.0 99.00
2019 09 24 16 00 250  4.8  5.0 99.00 99.00 99.00 999 1007.1  19.7 999.0 999.0 99.0 99.00
2019 09 24 17 00 236  7.2  7.4 99.00 99.00 99.00 999 1006.3  20.1 999.0 999.0 99.0 99.00
2019 09 24 18 00 247  8.6  9.8 99.00 99.00 99.00 999 1006.6  19.5 999.0 999.0 99.0 99.00
2019 09 24 19 00 252 10.0 10.6 99.00 99.00 99.00 999 1006.3  19.8 999.0 999.0 99.0 99.00
2019 09 24 20 00 248  9.4 10.0 99.00 99.00 99.00 999 1006.3  20.2 999.0 999.0 99.0 99.00
2019 09 24 21 00 251  9.5 10.0 99.00 99.00 99.00 999 1006.4  20.2 999.0 999.0 99.0 99.00
2019 09 24 22 00 267  8.3  8.7 99.00 99.00 99.00 999 1007.0  20.3 999.0 999.0 99.0 99.00
2019 09 24 23 00 268  5.8  6.1 99.00 99.00 99.00 999 1007.6  20.4 999.0 999.0 99.0 99.00
2019 09 25 00 00 286  7.5  7.8 99.00 99.00 99.00 999 1008.7  20.4 999.0 999.0 99.0 99.00
2019 09 25 01 00 305  7.5  8.4 99.00 99.00 99.00 999 1009.4  19.6 999.0 999.0 99.0 99.00
2019 09 25 02 00 312  8.7  9.6 99.00 99.00 99.00 999 1009.8  18.8 999.0 999.0 99.0 99.00
2019 09 25 03 00 320  9.3 10.3 99.00 99.00 99.00 999 1009.7  18.2 999.0 999.0 99.0 99.00
2019 09 25 04 00 317  9.0 10.2 99.00 99.00 99.00 999 1009.6  17.6 999.0 999.0 99.0 99.00
2019 09 25 05 00 321  8.3  9.3 99.00 99.00 99.00 999 1009.4  17.1 999.0 999.0 99.0 99.00
2019 09 25 06 00 321  6.6  7.4 99.00 99.00 99.00 999 1009.7  16.7 999.0 999.0 99.0 99.00
2019 09 25 07 00 313  7.5  8.2 99.00 99.00 99.00 999 1009.9  16.1 999.0 999.0 99.0 99.00
2019 09 25 08 00 319  7.2  7.8 99.00 99.00 99.00 999 1009.9  15.6 999.0 999.0 99.0 99.00
2019 09 25 09 00 316  7.4  8.6 99.00 99.00 99.00 999 1010.3  15.7 999.0 999.0 99.0 99.00
2019 09 25 10 00 317  8.9  9.8 99.00 99.00 99.00 999 1011.3  15.4 999.0 999.0 99.0 99.00
2019 09 25 11 00 332  6.1  6.6 99.00 99.00 99.00 999 1011.3  15.6 999.0 999.0 99.0 99.00
2019 09 25 12 00 317  6.4  7.1 99.00 99.00 99.00 999 1011.8  15.5 999.0 999.0 99.0 99.00
2019 09 25 13 00 317  6.1  7.1 99.00 99.00 99.00 999 1012.6  16.0 999.0 999.0 99.0 99.00
2019 09 25 14 00 307  4.8  5.5 99.00 99.00 99.00 999 1012.5  16.8 999.0 999.0 99.0 99.00
2019 09 25 15 00 292  3.7  4.5 99.00 99.00 99.00 999 1012.1  17.3 999.0 999.0 99.0 99.00
2019 09 25 16 00 268  4.7  5.1 99.00 99.00 99.00 999 1011.6  16.9 999.0 999.0 99.0 99.00
2019 09 25 17 00 246  4.4  5.0 99.00 99.00 99.00 999 1011.1  17.2 999.0 999.0 99.0 99.00
2019 09 25 18 00 229  6.0  6.4 99.00 99.00 99.00 999 1010.8  17.7 999.0 999.0 99.0 99.00
2019 09 25 19 00 227  4.7  5.0 99.00 99.00 99.00 999 1010.3  18.5 999.0 999.0 99.0 99.00
2019 09 25 20 00 229  5.4  5.7 99.00 99.00 99.00 999 1010.0  18.9 999.0 999.0 99.0 99.00
2019 09 25 21 00 236  7.6  8.2 99.00 99.00 99.00 999 1010.3  18.9 999.0 999.0 99.0 99.00
2019 09 25 22 00 248  7.4  8.3 99.00 99.00 99.00 999 1011.0  19.2 999.0 999.0 99.0 99.00
2019 09 25 23 00 246  7.7  8.3 99.00 99.00 99.00 999 1011.1  19.3 999.0 999.0 99.0 99.00
2019 09 26 00 00 235  8.1  9.1 99.00 99.00 99.00 999 1011.3  18.8 999.0 999.0 99.0 99.00
2019 09 26 01 00 233  7.6  8.1 99.00 99.00 99.00 999 1011.7  18.9 999.0 999.0 99.0 99.00
2019 09 26 02 00 236  7.1  7.7 99.00 99.00 99.00 999 1012.1  18.9 999.0 999.0 99.0 99.00
2019 09 26 03 00 225  6.6  7.2 99.00 99.00 99.00 999 1012.1  18.8 999.0 999.0 99.0 99.00
2019 09 26 04 00 226  5.3  5.6 99.00 99.00 99.00 999 1012.0  18.7 999.0 999.0 99.0 99.00
2019 09 26 05 00 245  5.7  6.0 99.00 99.00 99.00 999 1012.1  18.8 999.0 999.0 99.0 99.00
2019 09 26 06 00 245  5.1  5.6 99.00 99.00 99.00 999 1011.8  18.6 999.0 999.0 99.0 99.00
2019 09 26 07 00 215  4.4  4.6 99.00 99.00 99.00 999 1011.5  18.6 999.0 999.0 99.0 99.00
2019 09 26 08 00 206  5.3  5.7 99.00 99.00 99.00 999 1011.3  18.5 999.0 999.0 99.0 99.00
2019 09 26 09 00 201  5.7  6.0 99.00 99.00 99.00 999 1010.9  18.8 999.0 999.0 99.0 99.00
2019 09 26 10 00 208  6.1  6.5 99.00 99.00 99.00 999 1011.1  18.9 999.0 999.0 99.0 99.00
2019 09 26 11 00 204  6.4  6.8 99.00 99.00 99.00 999 1011.2  18.9 999.0 999.0 99.0 99.00
2019 09 26 12 00 208  6.0  6.4 99.00 99.00 99.00 999 1011.0  18.9 999.0 999.0 99.0 99.00
2019 09 26 13 00 211  6.5  6.9 99.00 99.00 99.00 999 1011.0  18.9 999.0 999.0 99.0 99.00
2019 09 26 14 00 216  7.6  8.3 99.00 99.00 99.00 999 1011.0  19.0 999.0 999.0 99.0 99.00
2019 09 26 15 00 226  7.8  8.4 99.00 99.00 99.00 999 1011.1  19.2 999.0 999.0 99.0 99.00
2019 09 26 16 00 206  8.2  8.7 99.00 99.00 99.00 999 1010.1  19.3 999.0 999.0 99.0 99.00
2019 09 26 17 00 208  9.0 10.1 99.00 99.00 99.00 999 1009.8  19.5 999.0 999.0 99.0 99.00
2019 09 26 18 00 197 10.0 10.8 99.00 99.00 99.00 999 1008.7  19.5 999.0 999.0 99.0 99.00
2019 09 26 19 00 204  9.8 10.8 99.00 99.00 99.00 999 1008.4  19.7 999.0 999.0 99.0 99.00
2019 09 26 20 00 204  9.8 10.5 99.00 99.00 99.00 999 1007.8  19.9 999.0 999.0 99.0 99.00
2019 09 26 21 00 205  9.3  9.9 99.00 99.00 99.00 999 1007.9  19.9 999.0 999.0 99.0 99.00
2019 09 26 22 00 212  6.9  7.7 99.00 99.00 99.00 999 1008.5  19.9 999.0 999.0 99.0 99.00
2019 09 26 23 00 300 11.1 14.5 99.00 99.00 99.00 999 1009.6  19.4 999.0 999.0 99.0 99.00
2019 09 27 00 00 350  7.4  8.2 99.00 99.00 99.00 999 1010.3  17.4 999.0 999.0 99.0 99.00
2019 09 27 01 00   8  4.7  5.0 99.00 99.00 99.00 999 1011.3  16.8 999.0 999.0 99.0 99.00
2019 09 27 02 00 338  3.0  3.3 99.00 99.00 99.00 999 1012.3  16.8 999.0 999.0 99.0 99.00
2019 09 27 03 00 329  3.9  4.1 99.00 99.00 99.00 999 1013.1  17.1 999.0 999.0 99.0 99.00
2019 09 27 04 00 293  3.4  4.0 99.00 99.00 99.00 999 1013.5  17.1 999.0 999.0 99.0 99.00
2019 09 27 05 00 296  5.4  5.9 99.00 99.00 99.00 999 1013.7  17.5 999.0 999.0 99.0 99.00
2019 09 27 06 00 299  6.4  6.9 99.00 99.00 99.00 999 1013.7  16.9 999.0 999.0 99.0 99.00
2019 09 27 07 00 315  7.1  7.7 99.00 99.00 99.00 999 1013.9  17.4 999.0 999.0 99.0 99.00
2019 09 27 08 00 306  7.7  8.3 99.00 99.00 99.00 999 1014.8  17.1 999.0 999.0 99.0 99.00
2019 09 27 09 00 312  6.9  7.5 99.00 99.00 99.00 999 1015.9  16.2 999.0 999.0 99.0 99.00
2019 09 27 10 00 326  7.0  7.6 99.00 99.00 99.00 999 1016.6  15.9 999.0 999.0 99.0 99.00
2019 09 27 11 00 332  5.5  6.2 99.00 99.00 99.00 999 1017.5  15.6 999.0 999.0 99.0 99.00
2019 09 27 12 00 329  5.4  6.0 99.00 99.00 99.00 999 1018.6  15.5 999.0 999.0 99.0 99.00
2019 09 27 13 00 350  6.0  6.4 99.00 99.00 99.00 999 1019.3  15.7 999.0 999.0 99.0 99.00
2019 09 27 14 00 355  5.3  5.8 99.00 99.00 99.00 999 1019.9  16.3 999.0 999.0 99.0 99.00
2019 09 27 15 00 359  2.9  3.3 99.00 99.00 99.00 999 1020.3  17.3 999.0 999.0 99.0 99.00
2019 09 27 16 00   0  1.0  1.3 99.00 99.00 99.00 999 1020.4  17.9 999.0 999.0 99.0 99.00
2019 09 27 17 00 143  0.6  0.7 99.00 99.00 99.00 999 1020.3  19.1 999.0 999.0 99.0 99.00
2019 09 27 18 00 222  0.9  1.1 99.00 99.00 99.00 999 1020.1  18.5 999.0 999.0 99.0 99.00
2019 09 27 19 00 196  3.5  3.8 99.00 99.00 99.00 999 1019.7  18.2 999.0 999.0 99.0 99.00
2019 09 27 20 00 197  6.3  6.5 99.00 99.00 99.00 999 1019.8  18.4 999.0 999.0 99.0 99.00
2019 09 27 21 00 207  6.2  6.4 99.00 99.00 99.00 999 1020.2  18.4 999.0 999.0 99.0 99.00
2019 09 27 22 00 212  5.1  5.6 99.00 99.00 99.00 999 1020.5  18.2 999.0 999.0 99.0 99.00
2019 09 27 23 00 217  5.5  6.0 99.00 99.00 99.00 999 1020.7  18.0 999.0 999.0 99.0 99.00
2019 09 28 00 00 212  5.7  6.4 99.00 99.00 99.00 999 1021.1  18.0 999.0 999.0 99.0 99.00
2019 09 28 01 00 206  4.9  5.4 99.00 99.00 99.00 999 1021.0  18.0 999.0 999.0 99.0 99.00
2019 09 28 02 00 208  4.9  5.3 99.00 99.00 99.00 999 1021.5  18.0 999.0 999.0 99.0 99.00
2019 09 28 03 00 214  4.0  4.3 99.00 99.00 99.00 999 1021.6  18.0 999.0 999.0 99.0 99.00
2019 09 28 04 00 203  3.8  4.2 99.00 99.00 99.00 999 1021.2  17.8 999.0 999.0 99.0 99.00
2019 09 28 05 00 203  5.8  6.6 99.00 99.00 99.00 999 1021.0  17.8 999.0 999.0 99.0 99.00
2019 09 28 06 00 200  7.8  8.4 99.00 99.00 99.00 999 1020.7  17.9 999.0 999.0 99.0 99.00
2019 09 28 07 00 206  7.8  8.9 99.00 99.00 99.00 999 1020.2  18.0 999.0 999.0 99.0 99.00
2019 09 28 08 00 219  7.8  8.2 99.00 99.00 99.00 999 1020.4  18.2 999.0 999.0 99.0 99.00
2019 09 28 09 00 221  7.5  7.9 99.00 99.00 99.00 999 1020.8  18.3 999.0 999.0 99.0 99.00
2019 09 28 10 00 219  4.8  5.2 99.00 99.00 99.00 999 1021.7  18.3 999.0 999.0 99.0 99.00
2019 09 28 11 00 207  5.3  5.8 99.00 99.00 99.00 999 1021.5  18.3 999.0 999.0 99.0 99.00
2019 09 28 12 00 208  5.7  6.1 99.00 99.00 99.00 999 1021.8  18.5 999.0 999.0 99.0 99.00
2019 09 28 13 00 202  6.1  6.3 99.00 99.00 99.00 999 1022.1  18.7 999.0 999.0 99.0 99.00
2019 09 28 14 00 189  6.3  6.8 99.00 99.00 99.00 999 1021.9  18.6 999.0 999.0 99.0 99.00
2019 09 28 15 00 197  6.8  7.2 99.00 99.00 99.00 999 1021.7  18.9 999.0 999.0 99.0 99.00
2019 09 28 16 00 204  6.4  7.0 99.00 99.00 99.00 999 1021.6  19.1 999.0 999.0 99.0 99.00
2019 09 28 17 00 192  8.0  8.6 99.00 99.00 99.00 999 1020.4  19.1 999.0 999.0 99.0 99.00
2019 09 28 18 00 201  8.4  9.0 99.00 99.00 99.00 999 1020.0  19.3 999.0 999.0 99.0 99.00
2019 09 28 19 00 200  8.0  8.5 99.00 99.00 99.00 999 1019.4  19.4 999.0 999.0 99.0 99.00
2019 09 28 20 00 199  9.1  9.7 99.00 99.00 99.00 999 1019.0  19.5 999.0 999.0 99.0 99.00
2019 09 28 21 00 196  9.5  9.9 99.00 99.00 99.00 999 1018.7  19.6 999.0 999.0 99.0 99.00
2019 09 28 22 00 191  9.4 10.2 99.00 99.00 99.00 999 1018.5  19.7 999.0 999.0 99.0 99.00
2019 09 28 23 00 205  9.4 10.2 99.00 99.00 99.00 999 1018.7  19.8 999.0 999.0 99.0 99.00
2019 09 29 00 00 205  9.4  9.9 99.00 99.00 99.00 999 1018.7  20.0 999.0 999.0 99.0 99.00
2019 09 29 01 00 221  7.8  8.2 99.00 99.00 99.00 999 1019.2  20.0 999.0 999.0 99.0 99.00
2019 09 29 02 00 231  7.2  7.5 99.00 99.00 99.00 999 1019.1  19.9 999.0 999.0 99.0 99.00
2019 09 29 03 00 240  5.8  6.1 99.00 99.00 99.00 999 1019.4  19.7 999.0 999.0 99.0 99.00
2019 09 29 04 00 238  4.3  5.0 99.00 99.00 99.00 999 1019.3  19.7 999.0 999.0 99.0 99.00
2019 09 29 05 00 244  5.1  5.4 99.00 99.00 99.00 999 1019.1  19.8 999.0 999.0 99.0 99.00
2019 09 29 06 00 243  6.7  6.9 99.00 99.00 99.00 999 1018.7  20.0 999.0 999.0 99.0 99.00
2019 09 29 07 00 244  3.7  4.0 99.00 99.00 99.00 999 1018.5  19.5 999.0 999.0 99.0 99.00
2019 09 29 08 00 260  4.5  4.6 99.00 99.00 99.00 999 1018.7  19.6 999.0 999.0 99.0 99.00
2019 09 29 09 00 269  3.9  4.0 99.00 99.00 99.00 999 1018.9  19.5 999.0 999.0 99.0 99.00
2019 09 29 10 00 273  4.1  4.3 99.00 99.00 99.00 999 1019.9  19.3 999.0 999.0 99.0 99.00
2019 09 29 11 00 347  5.4  6.4 99.00 99.00 99.00 999 1020.9  19.9 999.0 999.0 99.0 99.00
2019 09 29 12 00   1  9.5 10.2 99.00 99.00 99.00 999 1021.6  20.3 999.0 999.0 99.0 99.00
2019 09 29 13 00   4  9.4 10.0 99.00 99.00 99.00 999 1022.2  20.3 999.0 999.0 99.0 99.00
2019 09 29 14 00  10  7.5  7.9 99.00 99.00 99.00 999 1023.0  20.9 999.0 999.0 99.0 99.00
2019 09 29 15 00  26  7.4  7.8 99.00 99.00 99.00 999 1023.4  20.7 999.0 999.0 99.0 99.00
2019 09 29 16 00  37  7.3  7.7 99.00 99.00 99.00 999 1023.6  20.4 999.0 999.0 99.0 99.00
2019 09 29 17 00  56  8.3  9.1 99.00 99.00 99.00 999 1023.8  19.6 999.0 999.0 99.0 99.00
2019 09 29 18 00  63  9.2  9.9 99.00 99.00 99.00 999 1023.7  19.1 999.0 999.0 99.0 99.00
2019 09 29 19 00  71  7.6  8.1 99.00 99.00 99.00 999 1023.8  19.0 999.0 999.0 99.0 99.00
2019 09 29 20 00  72  6.5  6.8 99.00 99.00 99.00 999 1023.9  19.2 999.0 999.0 99.0 99.00
2019 09 29 21 00  63  6.1  6.7 99.00 99.00 99.00 999 1024.3  19.2 999.0 999.0 99.0 99.00
2019 09 29 22 00  55  6.7  7.3 99.00 99.00 99.00 999 1024.4  19.0 999.0 999.0 99.0 99.00
2019 09 29 23 00  66  6.9  7.7 99.00 99.00 99.00 999 1024.7  18.4 999.0 999.0 99.0 99.00
2019 09 30 00 00  66  6.3  6.8 99.00 99.00 99.00 999 1025.2  18.0 999.0 999.0 99.0 99.00
2019 09 30 01 00  54  5.9  6.4 99.00 99.00 99.00 999 1026.0  17.8 999.0 999.0 99.0 99.00
2019 09 30 02 00  44  6.2  6.5 99.00 99.00 99.00 999 1026.5  17.4 999.0 999.0 99.0 99.00
2019 09 30 03 00  10  4.9  5.3 99.00 99.00 99.00 999 1026.7  16.4 999.0 999.0 99.0 99.00
2019 09 30 04 00   3  6.0  6.6 99.00 99.00 99.00 999 1026.9  15.8 999.0 999.0 99.0 99.00
2019 09 30 05 00  10  7.4  8.1 99.00 99.00 99.00 999 1026.9  15.8 999.0 999.0 99.0 99.00
2019 09 30 06 00  15  7.8  8.8 99.00 99.00 99.00 999 1026.8  15.3 999.0 999.0 99.0 99.00
2019 09 30 07 00  12  8.5  8.9 99.00 99.00 99.00 999 1026.6  14.7 999.0 999.0 99.0 99.00
2019 09 30 08 00  13  7.5  7.9 99.00 99.00 99.00 999 1026.8  14.5 999.0 999.0 99.0 99.00
2019 09 30 09 00  15  6.8  7.4 99.00 99.00 99.00 999 1026.9  14.7 999.0 999.0 99.0 99.00
2019 09 30 10 00  64  8.5  9.5 99.00 99.00 99.00 999 1027.5  15.5 999.0 999.0 99.0 99.00
2019 09 30 11 00  56  8.3  9.2 99.00 99.00 99.00 999 1027.9  15.2 999.0 999.0 99.0 99.00
2019 09 30 12 00  69  8.5  9.2 99.00 99.00 99.00 999 1028.0  15.0 999.0 999.0 99.0 99.00
2019 09 30 13 00  55  7.7  9.1 99.00 99.00 99.00 999 1028.3  15.0 999.0 999.0 99.0 99.00
2019 09 30 14 00  57  6.8  7.7 99.00 99.00 99.00 999 1028.2  14.9 999.0 999.0 99.0 99.00
2019 09 30 15 00  46  7.2  7.9 99.00 99.00 99.00 999 1028.3  15.2 999.0 999.0 99.0 99.00
2019 09 30 16 00  56  5.4  5.8 99.00 99.00 99.00 999 1028.3  15.1 999.0 999.0 99.0 99.00
2019 09 30 17 00  39  5.1  5.7 99.00 99.00 99.00 999 1027.6  15.1 999.0 999.0 99.0 99.00
2019 09 30 18 00  56  4.2  4.8 99.00 99.00 99.00 999 1027.5  15.4 999.0 999.0 99.0 99.00
2019 09 30 19 00  75  3.9  4.4 99.00 99.00 99.00 999 1027.0  15.5 999.0 999.0 99.0 99.00
2019 09 30 20 00 100  4.0  5.3 99.00 99.00 99.00 999 1026.2  15.5 999.0 999.0 99.0 99.00
2019 09 30 21 00 104  3.2  3.8 99.00 99.00 99.00 999 1025.7  15.6 999.0 999.0 99.0 99.00
2019 09 30 22 00 122  5.3  6.3 99.00 99.00 99.00 999 1025.5  15.1 999.0 999.0 99.0 99.00
2019 09 30 23 00 105  5.9  6.5 99.00 99.00 99.00 999 1025.3  14.3 999.0 999.0 99.0 99.00
