#YY  MM DD hh mm WDIR WSPD GST  WVHT   DPD   APD MWD   PRES  ATMP  WTMP  DEWP  VIS  TIDE
#yr  mo dy hr mn degT m/s  m/s     m   sec   sec deg    hPa  degC  degC  degC  nmi    ft
2019 10 01 00 00 112  6.6  7.2 99.00 99.00 99.00 999 1025.0  14.0 999.0 999.0 99.0 99.00
2019 10 01 01 00 115  4.9  5.5 99.00 99.00 99.00 999 1024.9  14.0 999.0 999.0 99.0 99.00
2019 10 01 02 00 110  4.5  4.9 99.00 99.00 99.00 999 1025.2  14.2 999.0 999.0 99.0 99.00
2019 10 01 03 00 124  5.3  5.8 99.00 99.00 99.00 999 1025.4  14.4 999.0 999.0 99.0 99.00
2019 10 01 04 00 131  6.3  6.8 99.00 99.00 99.00 999 1024.1  14.3 999.0 999.0 99.0 99.00
2019 10 01 05 00 156  6.0  6.7 99.00 99.00 99.00 999 1023.8  14.4 999.0 999.0 99.0 99.00
2019 10 01 06 00 165  5.6  6.1 99.00 99.00 99.00 999 1023.2  14.6 999.0 999.0 99.0 99.00
2019 10 01 07 00 180  6.2  6.9 99.00 99.00 99.00 999 1022.3  14.8 999.0 999.0 99.0 99.00
2019 10 01 08 00 191  4.8  6.3 99.00 99.00 99.00 999 1022.4  15.0 999.0 999.0 99.0 99.00
2019 10 01 09 00 191  5.7  7.3 99.00 99.00 99.00 999 1021.8  15.4 999.0 999.0 99.0 99.00
2019 10 01 10 00 195  8.0  8.6 99.00 99.00 99.00 999 1020.9  15.8 999.0 999.0 99.0 99.00
2019 10 01 11 00 208  6.6  7.2 99.00 99.00 99.00 999 1021.3  16.3 999.0 999.0 99.0 99.00
2019 10 01 12 00 209  8.8  9.3 99.00 99.00 99.00 999 1020.5  16.8 999.0 999.0 99.0 99.00
2019 10 01 13 00 222  7.6  8.1 99.00 99.00 99.00 999 1020.7  17.3 999.0 999.0 99.0 99.00
2019 10 01 14 00 227  8.1  8.7 99.00 99.00 99.00 999 1020.4  17.8 999.0 999.0 99.0 99.00
2019 10 01 15 00 221  9.5 10.1 99.00 99.00 99.00 999 1019.4  18.1 999.0 999.0 99.0 99.00
2019 10 01 16 00 217  8.6 10.0 99.00 99.00 99.00 999 1018.8  18.4 999.0 999.0 99.0 99.00
2019 10 01 17 00 216 10.2 11.1 99.00 99.00 99.00 999 1017.6  18.5 999.0 999.0 99.0 99.00
2019 10 01 18 00 225  9.2 10.0 99.00 99.00 99.00 999 1017.4  18.6 999.0 999.0 99.0 99.00
2019 10 01 19 00 212 10.6 11.6 99.00 99.00 99.00 999 1016.0  18.7 999.0 999.0 99.0 99.00
2019 10 01 20 00 215 11.2 12.0 99.00 99.00 99.00 999 1015.3  18.9 999.0 999.0 99.0 99.00
2019 10 01 21 00 220 10.8 12.1 99.00 99.00 99.00 999 1015.4  19.0 999.0 999.0 99.0 99.00
2019 10 01 22 00 216 10.2 11.1 99.00 99.00 99.00 999 1014.7  19.0 999.0 999.0 99.0 99.00
2019 10 01 23 00 215 11.0 11.6 99.00 99.00 99.00 999 1014.3  19.0 999.0 999.0 99.0 99.00
2019 10 02 00 00 216 10.8 11.6 99.00 99.00 99.00 999 1013.6  19.0 999.0 999.0 99.0 99.00
2019 10 02 01 00 223 10.9 11.8 99.00 99.00 99.00 999 1013.5  19.2 999.0 999.0 99.0 99.00
2019 10 02 02 00 223 12.3 13.6 99.00 99.00 99.00 999 1012.4  19.3 999.0 999.0 99.0 99.00
2019 10 02 03 00 241 10.8 11.4 99.00 99.00 99.00 999 1012.5  19.4 999.0 999.0 99.0 99.00
2019 10 02 04 00 235 10.1 11.2 99.00 99.00 99.00 999 1011.3  19.4 999.0 999.0 99.0 99.00
2019 10 02 05 00 235 12.7 13.7 99.00 99.00 99.00 999 1009.9  19.8 999.0 999.0 99.0 99.00
2019 10 02 06 00 234 12.1 13.2 99.00 99.00 99.00 999 1009.5  19.6 999.0 999.0 99.0 99.00
2019 10 02 07 00 236 13.3 14.5 99.00 99.00 99.00 999 1008.6  19.8 999.0 999.0 99.0 99.00
2019 10 02 08 00 244 10.2 11.4 99.00 99.00 99.00 999 1009.1  19.7 999.0 999.0 99.0 99.00
2019 10 02 09 00 238  9.8 10.3 99.00 99.00 99.00 999 1008.7  19.5 999.0 999.0 99.0 99.00
2019 10 02 10 00 244 10.6 11.2 99.00 99.00 99.00 999 1008.7  19.6 999.0 999.0 99.0 99.00
2019 10 02 11 00 238  8.3  9.0 99.00 99.00 99.00 999 1008.8  19.8 999.0 999.0 99.0 99.00
2019 10 02 12 00 263  7.0  7.7 99.00 99.00 99.00 999 1009.7  19.9 999.0 999.0 99.0 99.00
2019 10 02 13 00 263  8.4  8.9 99.00 99.00 99.00 999 1009.8  20.0 999.0 999.0 99.0 99.00
2019 10 02 14 00 261  6.8  7.1 99.00 99.00 99.00 999 1009.4  20.2 999.0 999.0 99.0 99.00
2019 10 02 15 00 245  8.3  9.0 99.00 99.00 99.00 999 1008.8  19.9 999.0 999.0 99.0 99.00
2019 10 02 16 00 245  8.1  8.5 99.00 99.00 99.00 999 1008.7  20.0 999.0 999.0 99.0 99.00
2019 10 02 17 00 234  6.9  7.3 99.00 99.00 99.00 999 1008.2  20.1 999.0 999.0 99.0 99.00
2019 10 02 18 00 234  5.2  5.4 99.00 99.00 99.00 999 1008.1  19.8 999.0 999.0 99.0 99.00
2019 10 02 19 00 262  2.6  2.9 99.00 99.00 99.00 999 1008.2  20.6 999.0 999.0 99.0 99.00
2019 10 02 20 00 215  3.5  3.7 99.00 99.00 99.00 999 1007.6  21.1 999.0 999.0 99.0 99.00
2019 10 02 21 00  75  8.0  9.0 99.00 99.00 99.00 999 1008.4  20.2 999.0 999.0 99.0 99.00
2019 10 02 22 00  49 11.0 11.8 99.00 99.00 99.00 999 1010.2  17.6 999.0 999.0 99.0 99.00
2019 10 02 23 00  62  7.2  7.8 99.00 99.00 99.00 999 1011.2  17.5 999.0 999.0 99.0 99.00
2019 10 03 00 00  39  9.6 10.2 99.00 99.00 99.00 999 1012.4  16.9 999.0 999.0 99.0 99.00
2019 10 03 01 00  48 10.4 11.6 99.00 99.00 99.00 999 1013.3  16.4 999.0 999.0 99.0 99.00
2019 10 03 02 00  39 11.2 12.5 99.00 99.00 99.00 999 1014.7  15.7 999.0 999.0 99.0 99.00
2019 10 03 03 00  38 14.5 15.5 99.00 99.00 99.00 999 1015.8  14.9 999.0 999.0 99.0 99.00
2019 10 03 04 00  38 12.0 13.6 99.00 99.00 99.00 999 1016.9  14.3 999.0 999.0 99.0 99.00
2019 10 03 05 00  39 12.3 13.2 99.00 99.00 99.00 999 1016.9  14.1 999.0 999.0 99.0 99.00
2019 10 03 06 00  37 13.7 15.5 99.00 99.00 99.00 999 1017.4  13.8 999.0 999.0 99.0 99.00
2019 10 03 07 00  33 13.0 14.3 99.00 99.00 99.00 999 1017.7  12.5 999.0 999.0 99.0 99.00
2019 10 03 08 00  27 13.6 15.5 99.00 99.00 99.00 999 1018.5  12.4 999.0 999.0 99.0 99.00
2019 10 03 09 00  41 13.8 16.7 99.00 99.00 99.00 999 1018.6  12.6 999.0 999.0 99.0 99.00
2019 10 03 10 00  39 12.6 13.6 99.00 99.00 99.00 999 1019.8  12.4 999.0 999.0 99.0 99.00
2019 10 03 11 00  44 11.9 13.7 99.00 99.00 99.00 999 1020.2  12.6 999.0 999.0 99.0 99.00
2019 10 03 12 00  34  9.5 11.0 99.00 99.00 99.00 999 1021.4  12.4 999.0 999.0 99.0 99.00
2019 10 03 13 00  61 10.1 11.4 99.00 99.00 99.00 999 1022.1  12.4 999.0 999.0 99.0 99.00
2019 10 03 14 00  63  9.3 10.8 99.00 99.00 99.00 999 1022.2  12.0 999.0 999.0 99.0 99.00
2019 10 03 15 00  51  8.8 10.1 99.00 99.00 99.00 999 1022.3  12.0 999.0 999.0 99.0 99.00
2019 10 03 16 00  59  7.9  8.9 99.00 99.00 99.00 999 1022.4  12.1 999.0 999.0 99.0 99.00
2019 10 03 17 00  62  6.9  8.3 99.00 99.00 99.00 999 1022.2  12.1 999.0 999.0 99.0 99.00
2019 10 03 18 00  72  7.8  8.4 99.00 99.00 99.00 999 1021.2  12.0 999.0 999.0 99.0 99.00
2019 10 03 19 00  65  7.6  9.1 99.00 99.00 99.00 999 1021.0  12.0 999.0 999.0 99.0 99.00
2019 10 03 20 00  89  6.3  6.8 99.00 99.00 99.00 999 1020.8  12.1 999.0 999.0 99.0 99.00
2019 10 03 21 00  86  5.7  6.8 99.00 99.00 99.00 999 1020.2  12.2 999.0 999.0 99.0 99.00
2019 10 03 22 00  98  5.4  6.3 99.00 99.00 99.00 999 1019.6  12.2 999.0 999.0 99.0 99.00
2019 10 03 23 00  97  6.8  7.3 99.00 99.00 99.00 999 1019.0  12.1 999.0 999.0 99.0 99.00
2019 10 04 00 00  86  5.8  6.3 99.00 99.00 99.00 999 1019.2  11.6 999.0 999.0 99.0 99.00
2019 10 04 01 00 104  6.2  7.1 99.00 99.00 99.00 999 1018.5  11.6 999.0 999.0 99.0 99.00
2019 10 04 02 00  91  6.7  7.4 99.00 99.00 99.00 999 1018.1  11.6 999.0 999.0 99.0 99.00
2019 10 04 03 00  99  6.9  7.6 99.00 99.00 99.00 999 1016.3  12.1 999.0 999.0 99.0 99.00
2019 10 04 04 00 124  7.5  8.1 99.00 99.00 99.00 999 1015.2  13.4 999.0 999.0 99.0 99.00
2019 10 04 05 00 125  6.2  7.1 99.00 99.00 99.00 999 1014.6  13.3 999.0 999.0 99.0 99.00
2019 10 04 06 00 124  6.0  6.6 99.00 99.00 99.00 999 1013.4  13.8 999.0 999.0 99.0 99.00
2019 10 04 07 00 140  5.8  6.3 99.00 99.00 99.00 999 1012.5  14.4 999.0 999.0 99.0 99.00
2019 10 04 08 00 135  4.0  4.4 99.00 99.00 99.00 999 1011.5  14.9 999.0 999.0 99.0 99.00
2019 10 04 09 00  47  0.8  1.3 99.00 99.00 99.00 999 1011.3  15.0 999.0 999.0 99.0 99.00
2019 10 04 10 00 343  5.0  5.9 99.00 99.00 99.00 999 1011.3  14.7 999.0 999.0 99.0 99.00
2019 10 04 11 00 338  6.2  6.8 99.00 99.00 99.00 999 1011.9  12.5 999.0 999.0 99.0 99.00
2019 10 04 12 00 317  7.1  7.8 99.00 99.00 99.00 999 1012.5  12.5 999.0 999.0 99.0 99.00
2019 10 04 13 00 304  9.2 10.1 99.00 99.00 99.00 999 1012.5  14.3 999.0 999.0 99.0 99.00
2019 10 04 14 00 326 11.2 12.3 99.00 99.00 99.00 999 1013.3  15.1 999.0 999.0 99.0 99.00
2019 10 04 15 00 340 10.7 12.8 99.00 99.00 99.00 999 1013.9  14.8 999.0 999.0 99.0 99.00
2019 10 04 16 00 348 11.8 13.3 99.00 99.00 99.00 999 1014.3  15.3 999.0 999.0 99.0 99.00
2019 10 04 17 00 347 13.7 15.0 99.00 99.00 99.00 999 1014.8  15.6 999.0 999.0 99.0 99.00
2019 10 04 18 00 352 13.2 14.2 99.00 99.00 99.00 999 1015.8  14.9 999.0 999.0 99.0 99.00
2019 10 04 19 00   4 12.6 13.5 99.00 99.00 99.00 999 1016.6  14.6 999.0 999.0 99.0 99.00
2019 10 04 20 00 356 10.9 11.8 99.00 99.00 99.00 999 1017.7  14.8 999.0 999.0 99.0 99.00
2019 10 04 21 00   9  9.6 10.7 99.00 99.00 99.00 999 1018.5  14.8 999.0 999.0 99.0 99.00
2019 10 04 22 00   5  8.9  9.6 99.00 99.00 99.00 999 1019.8  13.9 999.0 999.0 99.0 99.00
2019 10 04 23 00 351 10.4 11.6 99.00 99.00 99.00 999 1021.1  13.6 999.0 999.0 99.0 99.00
2019 10 05 00 00 354 10.4 11.6 99.00 99.00 99.00 999 1022.4  13.0 999.0 999.0 99.0 99.00
2019 10 05 01 00 357 12.0 14.6 99.00 99.00 99.00 999 1023.6  12.0 999.0 999.0 99.0 99.00
2019 10 05 02 00   0 12.2 14.9 99.00 99.00 99.00 999 1024.5  10.9 999.0 999.0 99.0 99.00
2019 10 05 03 00 359 12.7 14.6 99.00 99.00 99.00 999 1025.2   9.7 999.0 999.0 99.0 99.00
2019 10 05 04 00   2 10.7 12.7 99.00 99.00 99.00 999 1026.1   9.1 999.0 999.0 99.0 99.00
2019 10 05 05 00  10 10.2 12.1 99.00 99.00 99.00 999 1026.8   8.6 999.0 999.0 99.0 99.00
2019 10 05 06 00 359 10.2 11.3 99.00 99.00 99.00 999 1027.4   8.2 999.0 999.0 99.0 99.00
2019 10 05 07 00   0 11.7 12.9 99.00 99.00 99.00 999 1027.5   8.1 999.0 999.0 99.0 99.00
2019 10 05 08 00   2 10.7 12.0 99.00 99.00 99.00 999 1028.1   8.1 999.0 999.0 99.0 99.00
2019 10 05 09 00 356  9.7 11.1 99.00 99.00 99.00 999 1028.5   7.6 999.0 999.0 99.0 99.00
2019 10 05 10 00 353 10.2 11.4 99.00 99.00 99.00 999 1029.1   7.6 999.0 999.0 99.0 99.00
2019 10 05 11 00 350 10.5 11.4 99.00 99.00 99.00 999 1029.8   7.3 999.0 999.0 99.0 99.00
2019 10 05 12 00 359  9.5 10.4 99.00 99.00 99.00 999 1030.2   7.7 999.0 999.0 99.0 99.00
2019 10 05 13 00   1  9.0  9.7 99.00 99.00 99.00 999 1030.7   8.1 999.0 999.0 99.0 99.00
2019 10 05 14 00  10  6.4  7.4 99.00 99.00 99.00 999 1031.4   9.1 999.0 999.0 99.0 99.00
2019 10 05 15 00  22  3.7  5.7 99.00 99.00 99.00 999 1031.5   9.7 999.0 999.0 99.0 99.00
2019 10 05 16 00  33  3.2  4.4 99.00 99.00 99.00 999 1031.4  10.1 999.0 999.0 99.0 99.00
2019 10 05 17 00  55  1.4  2.3 99.00 99.00 99.00 999 1031.0  10.6 999.0 999.0 99.0 99.00
2019 10 05 18 00  69  3.2  3.7 99.00 99.00 99.00 999 1030.4  11.0 999.0 999.0 99.0 99.00
2019 10 05 19 00  71  1.0  1.3 99.00 99.00 99.00 999 1030.5  11.5 999.0 999.0 99.0 99.00
2019 10 05 20 00 186  1.0  1.5 99.00 99.00 99.00 999 1030.3  12.1 999.0 999.0 99.0 99.00
2019 10 05 21 00 219  2.8  3.7 99.00 99.00 99.00 999 1030.1  12.0 999.0 999.0 99.0 99.00
2019 10 05 22 00 183  2.3  2.7 99.00 99.00 99.00 999 1029.9  11.9 999.0 999.0 99.0 99.00
2019 10 05 23 00 199  3.0  3.2 99.00 99.00 99.00 999 1030.2  12.0 999.0 999.0 99.0 99.00
2019 10 06 00 00 189  3.1  3.8 99.00 99.00 99.00 999 1030.4  12.1 999.0 999.0 99.0 99.00
2019 10 06 01 00 179  2.5  3.0 99.00 99.00 99.00 999 1030.4  12.1 999.0 999.0 99.0 99.00
2019 10 06 02 00 164  3.4  4.4 99.00 99.00 99.00 999 1030.4  12.1 999.0 999.0 99.0 99.00
2019 10 06 03 00 169  3.2  4.3 99.00 99.00 99.00 999 1030.2  12.1 999.0 999.0 99.0 99.00
2019 10 06 04 00 193  4.0  4.7 99.00 99.00 99.00 999 1030.3  12.3 999.0 999.0 99.0 99.00
2019 10 06 05 00 187  5.8  6.8 99.00 99.00 99.00 999 1030.5  12.6 999.0 999.0 99.0 99.00
2019 10 06 06 00 205  6.4  7.4 99.00 99.00 99.00 999 1030.2  12.6 999.0 999.0 99.0 99.00
2019 10 06 07 00 192  6.7  7.6 99.00 99.00 99.00 999 1030.3  12.9 999.0 999.0 99.0 99.00
2019 10 06 08 00 220  6.2  7.2 99.00 99.00 99.00 999 1030.3  13.3 999.0 999.0 99.0 99.00
2019 10 06 09 00 196  5.1  5.9 99.00 99.00 99.00 999 1030.1  13.6 999.0 999.0 99.0 99.00
2019 10 06 10 00 207  6.8  7.9 99.00 99.00 99.00 999 1030.0  14.1 999.0 999.0 99.0 99.00
2019 10 06 11 00 200  5.1  6.1 99.00 99.00 99.00 999 1029.7  14.6 999.0 999.0 99.0 99.00
2019 10 06 12 00 161  6.8  7.5 99.00 99.00 99.00 999 1029.5  14.5 999.0 999.0 99.0 99.00
2019 10 06 13 00 162  9.3 10.2 99.00 99.00 99.00 999 1029.5  14.9 999.0 999.0 99.0 99.00
2019 10 06 14 00 148 11.0 11.8 99.00 99.00 99.00 999 1029.0  14.6 999.0 999.0 99.0 99.00
2019 10 06 15 00 146 10.1 11.3 99.00 99.00 99.00 999 1029.0  14.7 999.0 999.0 99.0 99.00
2019 10 06 16 00 169 10.7 12.4 99.00 99.00 99.00 999 1028.6  15.9 999.0 999.0 99.0 99.00
2019 10 06 17 00 156 10.7 11.7 99.00 99.00 99.00 999 1028.3  15.7 999.0 999.0 99.0 99.00
2019 10 06 18 00 161 10.3 11.3 99.00 99.00 99.00 999 1027.6  16.4 999.0 999.0 99.0 99.00
2019 10 06 19 00 159  8.2  8.9 99.00 99.00 99.00 999 1027.5  17.2 999.0 999.0 99.0 99.00
2019 10 06 20 00 180  7.7  8.2 99.00 99.00 99.00 999 1026.8  18.2 999.0 999.0 99.0 99.00
2019 10 06 21 00 182  8.6  9.6 99.00 99.00 99.00 999 1026.4  18.3 999.0 999.0 99.0 99.00
2019 10 06 22 00 187  9.9 10.8 99.00 99.00 99.00 999 1026.0  18.7 999.0 999.0 99.0 99.00
2019 10 06 23 00 190  9.7 10.5 99.00 99.00 99.00 999 1025.7  18.8 999.0 999.0 99.0 99.00
2019 10 07 00 00 195 10.3 12.1 99.00 99.00 99.00 999 1025.6  19.1 999.0 999.0 99.0 99.00
2019 10 07 01 00 191 10.1 10.8 99.00 99.00 99.00 999 1025.7  19.1 999.0 999.0 99.0 99.00
2019 10 07 02 00 194 10.9 12.0 99.00 99.00 99.00 999 1025.7  19.3 999.0 999.0 99.0 99.00
2019 10 07 03 00 194 10.1 10.7 99.00 99.00 99.00 999 1025.7  19.3 999.0 999.0 99.0 99.00
2019 10 07 04 00 192 10.2 10.8 99.00 99.00 99.00 999 1025.3  19.2 999.0 999.0 99.0 99.00
2019 10 07 05 00 196 11.1 11.8 99.00 99.00 99.00 999 1024.8  19.3 999.0 999.0 99.0 99.00
2019 10 07 06 00 201 11.4 12.4 99.00 99.00 99.00 999 1024.7  19.5 999.0 999.0 99.0 99.00
2019 10 07 07 00 201 10.6 11.4 99.00 99.00 99.00 999 1024.1  19.2 999.0 999.0 99.0 99.00
2019 10 07 08 00 198 10.7 11.6 99.00 99.00 99.00 999 1023.7  19.2 999.0 999.0 99.0 99.00
2019 10 07 09 00 195  9.8 10.5 99.00 99.00 99.00 999 1023.5  19.2 999.0 999.0 99.0 99.00
2019 10 07 10 00 196 10.1 10.8 99.00 99.00 99.00 999 1023.5  19.2 999.0 999.0 99.0 99.00
2019 10 07 11 00 192 10.7 11.6 99.00 99.00 99.00 999 1023.5  19.2 999.0 999.0 99.0 99.00
2019 10 07 12 00 193 10.1 10.9 99.00 99.00 99.00 999 1023.3  19.2 999.0 999.0 99.0 99.00
2019 10 07 13 00 193 10.1 10.9 99.00 99.00 99.00 999 1023.4  19.2 999.0 999.0 99.0 99.00
2019 10 07 14 00 187 11.6 12.5 99.00 99.00 99.00 999 1022.9  19.4 999.0 999.0 99.0 99.00
2019 10 07 15 00 189 10.4 11.1 99.00 99.00 99.00 999 1022.7  19.4 999.0 999.0 99.0 99.00
2019 10 07 16 00 189 11.0 11.9 99.00 99.00 99.00 999 1022.0  19.4 999.0 999.0 99.0 99.00
2019 10 07 17 00 193 11.2 12.0 99.00 99.00 99.00 999 1021.3  19.7 999.0 999.0 99.0 99.00
2019 10 07 18 00 193 11.5 12.9 99.00 99.00 99.00 999 1020.5  19.7 999.0 999.0 99.0 99.00
2019 10 07 19 00 196 11.9 12.6 99.00 99.00 99.00 999 1020.2  19.9 999.0 999.0 99.0 99.00
2019 10 07 20 00 198 11.5 12.0 99.00 99.00 99.00 999 1020.0  19.7 999.0 999.0 99.0 99.00
2019 10 07 21 00 205 11.6 12.2 99.00 99.00 99.00 999 1020.0  20.0 999.0 999.0 99.0 99.00
2019 10 07 22 00 195 10.3 10.8 99.00 99.00 99.00 999 1019.9  19.5 999.0 999.0 99.0 99.00
2019 10 07 23 00 184 12.2 12.9 99.00 99.00 99.00 999 1019.5  18.7 999.0 999.0 99.0 99.00
2019 10 08 00 00 194  9.2 10.0 99.00 99.00 99.00 999 1020.2  19.3 999.0 999.0 99.0 99.00
2019 10 08 01 00 195 10.7 11.8 99.00 99.00 99.00 999 1020.3  19.3 999.0 999.0 99.0 99.00
2019 10 08 02 00 191  9.4 10.0 99.00 99.00 99.00 999 1020.5  19.1 999.0 999.0 99.0 99.00
2019 10 08 03 00 192  9.6 10.5 99.00 99.00 99.00 999 1020.4  19.4 999.0 999.0 99.0 99.00
2019 10 08 04 00 208  8.9  9.4 99.00 99.00 99.00 999 1020.5  19.3 999.0 999.0 99.0 99.00
2019 10 08 05 00 358 10.6 11.7 99.00 99.00 99.00 999 1021.3  15.6 999.0 999.0 99.0 99.00
2019 10 08 06 00   7  8.0  8.9 99.00 99.00 99.00 999 1022.1  15.4 999.0 999.0 99.0 99.00
2019 10 08 07 00  14  6.6  6.9 99.00 99.00 99.00 999 1022.3  15.3 999.0 999.0 99.0 99.00
2019 10 08 08 00  34  7.3  8.3 99.00 99.00 99.00 999 1022.0  15.3 999.0 999.0 99.0 99.00
2019 10 08 09 00  73  7.1  7.6 99.00 99.00 99.00 999 1022.1  15.6 999.0 999.0 99.0 99.00
2019 10 08 10 00  18  5.1  5.7 99.00 99.00 99.00 999 1023.2  15.8 999.0 999.0 99.0 99.00
2019 10 08 11 00   6  5.0  5.6 99.00 99.00 99.00 999 1023.6  15.6 999.0 999.0 99.0 99.00
2019 10 08 12 00  12  7.1  7.5 99.00 99.00 99.00 999 1023.8  15.3 999.0 999.0 99.0 99.00
2019 10 08 13 00  18  7.7  8.3 99.00 99.00 99.00 999 1024.0  15.3 999.0 999.0 99.0 99.00
2019 10 08 14 00  24  6.8  7.7 99.00 99.00 99.00 999 1024.4  15.0 999.0 999.0 99.0 99.00
2019 10 08 15 00  13  6.1  6.9 99.00 99.00 99.00 999 1024.9  15.2 999.0 999.0 99.0 99.00
2019 10 08 16 00  30  7.8  8.5 99.00 99.00 99.00 999 1024.1  15.4 999.0 999.0 99.0 99.00
2019 10 08 17 00  31  8.3  9.1 99.00 99.00 99.00 999 1023.3  15.5 999.0 999.0 99.0 99.00
2019 10 08 18 00  26  7.6  8.3 99.00 99.00 99.00 999 1023.2  15.9 999.0 999.0 99.0 99.00
2019 10 08 19 00  27  8.8  9.5 99.00 99.00 99.00 999 1023.4  16.0 999.0 999.0 99.0 99.00
2019 10 08 20 00  35  9.9 10.8 99.00 99.00 99.00 999 1023.1  15.4 999.0 999.0 99.0 99.00
2019 10 08 21 00  36 10.1 11.1 99.00 99.00 99.00 999 1023.0  15.4 999.0 999.0 99.0 99.00
2019 10 08 22 00  34 11.0 12.7 99.00 99.00 99.00 999 1023.1  15.5 999.0 999.0 99.0 99.00
2019 10 08 23 00  33 10.6 11.1 99.00 99.00 99.00 999 1023.4  15.2 999.0 999.0 99.0 99.00
2019 10 09 00 00  31 10.3 11.9 99.00 99.00 99.00 999 1023.4  15.3 999.0 999.0 99.0 99.00
2019 10 09 01 00  29 10.3 11.4 99.00 99.00 99.00 999 1023.6  15.2 999.0 999.0 99.0 99.00
2019 10 09 02 00  50 12.4 14.2 99.00 99.00 99.00 999 1023.9  15.6 999.0 999.0 99.0 99.00
2019 10 09 03 00  41 14.7 16.4 99.00 99.00 99.00 999 1023.1  15.6 999.0 999.0 99.0 99.00
2019 10 09 04 00  45 13.9 15.0 99.00 99.00 99.00 999 1023.1  15.6 999.0 999.0 99.0 99.00
2019 10 09 05 00  46 13.3 14.8 99.00 99.00 99.00 999 1023.0  15.6 999.0 999.0 99.0 99.00
2019 10 09 06 00  51 16.4 18.2 99.00 99.00 99.00 999 1022.3  15.6 999.0 999.0 99.0 99.00
2019 10 09 07 00  51 14.5 15.6 99.00 99.00 99.00 999 1022.3  15.5 999.0 999.0 99.0 99.00
2019 10 09 08 00  46 14.8 17.4 99.00 99.00 99.00 999 1022.0  15.3 999.0 999.0 99.0 99.00
2019 10 09 09 00  50 16.6 17.8 99.00 99.00 99.00 999 1022.1  15.2 999.0 999.0 99.0 99.00
2019 10 09 10 00  47 16.3 18.3 99.00 99.00 99.00 999 1022.4  15.3 999.0 999.0 99.0 99.00
2019 10 09 11 00  43 15.6 17.2 99.00 99.00 99.00 999 1022.8  15.2 999.0 999.0 99.0 99.00
2019 10 09 12 00  42 16.7 18.9 99.00 99.00 99.00 999 1022.8  15.4 999.0 999.0 99.0 99.00
2019 10 09 13 00  50 18.3 19.9 99.00 99.00 99.00 999 1023.4  14.8 999.0 999.0 99.0 99.00
2019 10 09 14 00  48 16.2 19.0 99.00 99.00 99.00 999 1023.9  14.7 999.0 999.0 99.0 99.00
2019 10 09 15 00  46 16.8 18.7 99.00 99.00 99.00 999 1024.1  13.8 999.0 999.0 99.0 99.00
2019 10 09 16 00  37 14.8 17.2 99.00 99.00 99.00 999 1024.1  12.8 999.0 999.0 99.0 99.00
2019 10 09 17 00  34 16.8 18.4 99.00 99.00 99.00 999 1023.2  13.4 999.0 999.0 99.0 99.00
2019 10 09 18 00  23 16.6 19.0 99.00 99.00 99.00 999 1022.9  12.7 999.0 999.0 99.0 99.00
2019 10 09 19 00  20 15.6 16.9 99.00 99.00 99.00 999 1022.9  13.0 999.0 999.0 99.0 99.00
2019 10 09 20 00  24 15.2 16.7 99.00 99.00 99.00 999 1022.8  13.1 999.0 999.0 99.0 99.00
2019 10 09 21 00  23 16.6 18.0 99.00 99.00 99.00 999 1022.4  13.3 999.0 999.0 99.0 99.00
2019 10 09 22 00  17 17.8 20.2 99.00 99.00 99.00 999 1022.3  12.7 999.0 999.0 99.0 99.00
2019 10 09 23 00  23 16.9 19.0 99.00 99.00 99.00 999 1022.5  12.0 999.0 999.0 99.0 99.00
2019 10 10 00 00  27 18.7 21.1 99.00 99.00 99.00 999 1022.3  12.8 999.0 999.0 99.0 99.00
2019 10 10 01 00  24 18.1 20.4 99.00 99.00 99.00 999 1021.7  12.6 999.0 999.0 99.0 99.00
2019 10 10 02 00  25 16.9 19.4 99.00 99.00 99.00 999 1021.6  13.3 999.0 999.0 99.0 99.00
2019 10 10 03 00  18 16.7 19.0 99.00 99.00 99.00 999 1021.2  13.5 999.0 999.0 99.0 99.00
2019 10 10 04 00  11 15.2 16.8 99.00 99.00 99.00 999 1020.8  13.5 999.0 999.0 99.0 99.00
2019 10 10 05 00  16 15.2 16.4 99.00 99.00 99.00 999 1020.6  13.5 999.0 999.0 99.0 99.00
2019 10 10 06 00  17 18.1 20.2 99.00 99.00 99.00 999 1019.5  13.5 999.0 999.0 99.0 99.00
2019 10 10 07 00   9 15.5 17.8 99.00 99.00 99.00 999 1019.6  13.3 999.0 999.0 99.0 99.00
2019 10 10 08 00  17 18.2 20.7 99.00 99.00 99.00 999 1019.0  13.7 999.0 999.0 99.0 99.00
2019 10 10 09 00  20 18.0 20.6 99.00 99.00 99.00 999 1019.3  13.8 999.0 999.0 99.0 99.00
2019 10 10 10 00  17 19.6 22.0 99.00 99.00 99.00 999 1019.3  12.9 999.0 999.0 99.0 99.00
2019 10 10 11 00  17 17.8 20.4 99.00 99.00 99.00 999 1019.9  12.6 999.0 999.0 99.0 99.00
2019 10 10 12 00  16 18.5 20.3 99.00 99.00 99.00 999 1020.3  12.9 999.0 999.0 99.0 99.00
2019 10 10 13 00  13 17.9 19.6 99.00 99.00 99.00 999 1019.9  12.6 999.0 999.0 99.0 99.00
2019 10 10 14 00  23 18.4 20.2 99.00 99.00 99.00 999 1020.5  12.6 999.0 999.0 99.0 99.00
2019 10 10 15 00  21 17.9 20.6 99.00 99.00 99.00 999 1020.6  12.7 999.0 999.0 99.0 99.00
2019 10 10 16 00  13 18.1 21.2 99.00 99.00 99.00 999 1019.7  12.8 999.0 999.0 99.0 99.00
2019 10 10 17 00  16 19.6 21.9 99.00 99.00 99.00 999 1019.2  12.3 999.0 999.0 99.0 99.00
2019 10 10 18 00  14 17.2 18.5 99.00 99.00 99.00 999 1018.9  12.3 999.0 999.0 99.0 99.00
2019 10 10 19 00  16 19.2 21.3 99.00 99.00 99.00 999 1018.8  12.4 999.0 999.0 99.0 99.00
2019 10 10 20 00  20 19.5 21.9 99.00 99.00 99.00 999 1018.8  12.1 999.0 999.0 99.0 99.00
2019 10 10 21 00  19 19.3 21.9 99.00 99.00 99.00 999 1019.1  12.7 999.0 999.0 99.0 99.00
2019 10 10 22 00  15 18.9 21.6 99.00 99.00 99.00 999 1019.5  12.7 999.0 999.0 99.0 99.00
2019 10 10 23 00  20 18.8 22.3 99.00 99.00 99.00 999 1019.4  12.9 999.0 999.0 99.0 99.00
2019 10 11 00 00  19 18.7 21.2 99.00 99.00 99.00 999 1019.2  13.4 999.0 999.0 99.0 99.00
2019 10 11 01 00  27 17.1 18.1 99.00 99.00 99.00 999 1019.7  13.6 999.0 999.0 99.0 99.00
2019 10 11 02 00  28 17.2 19.5 99.00 99.00 99.00 999 1019.4  13.9 999.0 999.0 99.0 99.00
2019 10 11 03 00  40 18.3 20.0 99.00 99.00 99.00 999 1019.1  14.0 999.0 999.0 99.0 99.00
2019 10 11 04 00  32 16.6 19.4 99.00 99.00 99.00 999 1018.4  13.7 999.0 999.0 99.0 99.00
2019 10 11 05 00  28 19.9 22.0 99.00 99.00 99.00 999 1017.6  14.1 999.0 999.0 99.0 99.00
2019 10 11 06 00  25 18.2 20.1 99.00 99.00 99.00 999 1017.5  13.9 999.0 999.0 99.0 99.00
2019 10 11 07 00  25 19.3 22.5 99.00 99.00 99.00 999 1016.7  13.8 999.0 999.0 99.0 99.00
2019 10 11 08 00  29 19.6 23.0 99.00 99.00 99.00 999 1016.6  13.8 999.0 999.0 99.0 99.00
2019 10 11 09 00  30 19.0 21.5 99.00 99.00 99.00 999 1016.2  13.7 999.0 999.0 99.0 99.00
2019 10 11 10 00  19 17.6 21.0 99.00 99.00 99.00 999 1016.5  13.3 999.0 999.0 99.0 99.00
2019 10 11 11 00  28 20.2 22.3 99.00 99.00 99.00 999 1015.8  12.8 999.0 999.0 99.0 99.00
2019 10 11 12 00  22 20.2 22.9 99.00 99.00 99.00 999 1016.1  12.7 999.0 999.0 99.0 99.00
2019 10 11 13 00  25 17.9 20.1 99.00 99.00 99.00 999 1016.5  12.8 999.0 999.0 99.0 99.00
2019 10 11 14 00  25 17.6 21.5 99.00 99.00 99.00 999 1016.2  13.2 999.0 999.0 99.0 99.00
2019 10 11 15 00  28 18.5 21.5 99.00 99.00 99.00 999 1016.3  13.1 999.0 999.0 99.0 99.00
2019 10 11 16 00  25 21.2 24.1 99.00 99.00 99.00 999 1015.6  13.0 999.0 999.0 99.0 99.00
2019 10 11 17 00  26 19.4 22.7 99.00 99.00 99.00 999 1015.6  12.8 999.0 999.0 99.0 99.00
2019 10 11 18 00  18 16.9 19.9 99.00 99.00 99.00 999 1015.7  12.5 999.0 999.0 99.0 99.00
2019 10 11 19 00  21 18.1 19.8 99.00 99.00 99.00 999 1015.1  12.3 999.0 999.0 99.0 99.00
2019 10 11 20 00  19 19.6 21.7 99.00 99.00 99.00 999 1014.8  12.7 999.0 999.0 99.0 99.00
2019 10 11 21 00  19 18.5 20.1 99.00 99.00 99.00 999 1015.4  12.6 999.0 999.0 99.0 99.00
2019 10 11 22 00  20 17.0 18.9 99.00 99.00 99.00 999 1015.4  12.6 999.0 999.0 99.0 99.00
2019 10 11 23 00  19 16.0 18.4 99.00 99.00 99.00 999 1015.3  12.9 999.0 999.0 99.0 99.00
2019 10 12 00 00  26 15.5 18.3 99.00 99.00 99.00 999 1015.3  13.0 999.0 999.0 99.0 99.00
2019 10 12 01 00  25 17.8 19.1 99.00 99.00 99.00 999 1014.9  13.0 999.0 999.0 99.0 99.00
2019 10 12 02 00  29 19.4 21.9 99.00 99.00 99.00 999 1014.2  13.1 999.0 999.0 99.0 99.00
2019 10 12 03 00  26 16.9 18.7 99.00 99.00 99.00 999 1013.9  13.1 999.0 999.0 99.0 99.00
2019 10 12 04 00  18 16.5 18.0 99.00 99.00 99.00 999 1013.3  13.1 999.0 999.0 99.0 99.00
2019 10 12 05 00  23 16.7 18.2 99.00 99.00 99.00 999 1013.1  12.9 999.0 999.0 99.0 99.00
2019 10 12 06 00  19 16.5 18.0 99.00 99.00 99.00 999 1012.3  13.0 999.0 999.0 99.0 99.00
2019 10 12 07 00  22 15.3 16.6 99.00 99.00 99.00 999 1012.1  12.8 999.0 999.0 99.0 99.00
2019 10 12 08 00  18 15.3 18.0 99.00 99.00 99.00 999 1011.8  12.6 999.0 999.0 99.0 99.00
2019 10 12 09 00  17 14.3 16.3 99.00 99.00 99.00 999 1011.8  12.6 999.0 999.0 99.0 99.00
2019 10 12 10 00  24 15.0 17.3 99.00 99.00 99.00 999 1011.2  12.6 999.0 999.0 99.0 99.00
2019 10 12 11 00  19 14.7 17.4 99.00 99.00 99.00 999 1011.4  12.6 999.0 999.0 99.0 99.00
2019 10 12 12 00  14 13.8 14.4 99.00 99.00 99.00 999 1011.8  12.5 999.0 999.0 99.0 99.00
2019 10 12 13 00   7 12.3 14.2 99.00 99.00 99.00 999 1012.5  12.6 999.0 999.0 99.0 99.00
2019 10 12 14 00  12 11.4 13.1 99.00 99.00 99.00 999 1012.7  12.8 999.0 999.0 99.0 99.00
2019 10 12 15 00   8 10.5 11.6 99.00 99.00 99.00 999 1012.9  13.2 999.0 999.0 99.0 99.00
2019 10 12 16 00   7  9.6 10.4 99.00 99.00 99.00 999 1013.2  13.4 999.0 999.0 99.0 99.00
2019 10 12 17 00  16 11.2 12.3 99.00 99.00 99.00 999 1012.6  13.6 999.0 999.0 99.0 99.00
2019 10 12 18 00   1  8.9 10.0 99.00 99.00 99.00 999 1012.9  13.6 999.0 999.0 99.0 99.00
2019 10 12 19 00   6 10.3 10.9 99.00 99.00 99.00 999 1012.4  13.4 999.0 999.0 99.0 99.00
2019 10 12 20 00   6  9.6 11.2 99.00 99.00 99.00 999 1013.0  13.1 999.0 999.0 99.0 99.00
2019 10 12 21 00  12  8.1  8.9 99.00 99.00 99.00 999 1013.2  12.9 999.0 999.0 99.0 99.00
2019 10 12 22 00 358  8.6  9.8 99.00 99.00 99.00 999 1013.8  12.8 999.0 999.0 99.0 99.00
2019 10 12 23 00  10  6.8  8.2 99.00 99.00 99.00 999 1014.2  12.6 999.0 999.0 99.0 99.00
2019 10 13 00 00 359  6.7  7.2 99.00 99.00 99.00 999 1014.7  12.4 999.0 999.0 99.0 99.00
2019 10 13 01 00   0  5.7  6.7 99.00 99.00 99.00 999 1015.0  12.4 999.0 999.0 99.0 99.00
2019 10 13 02 00   1  5.1  5.5 99.00 99.00 99.00 999 1015.1  12.5 999.0 999.0 99.0 99.00
2019 10 13 03 00  10  4.2  4.7 99.00 99.00 99.00 999 1015.4  12.6 999.0 999.0 99.0 99.00
2019 10 13 04 00 350  4.0  4.8 99.00 99.00 99.00 999 1015.4  12.6 999.0 999.0 99.0 99.00
2019 10 13 05 00 314  4.0  4.6 99.00 99.00 99.00 999 1015.3  12.6 999.0 999.0 99.0 99.00
2019 10 13 06 00 308  3.6  4.0 99.00 99.00 99.00 999 1015.7  12.5 999.0 999.0 99.0 99.00
2019 10 13 07 00 303  3.7  4.2 99.00 99.00 99.00 999 1015.7  12.8 999.0 999.0 99.0 99.00
2019 10 13 08 00 309  3.7  4.3 99.00 99.00 99.00 999 1016.0  12.9 999.0 999.0 99.0 99.00
2019 10 13 09 00 288  3.1  3.7 99.00 99.00 99.00 999 1016.2  13.3 999.0 999.0 99.0 99.00
2019 10 13 10 00 273  5.1  6.2 99.00 99.00 99.00 999 1016.6  13.7 999.0 999.0 99.0 99.00
2019 10 13 11 00 271  5.5  6.1 99.00 99.00 99.00 999 1017.0  14.0 999.0 999.0 99.0 99.00
2019 10 13 12 00 299  4.4  5.3 99.00 99.00 99.00 999 1017.8  14.5 999.0 999.0 99.0 99.00
2019 10 13 13 00 319  4.4  4.9 99.00 99.00 99.00 999 1018.1  14.1 999.0 999.0 99.0 99.00
2019 10 13 14 00 324  4.1  4.6 99.00 99.00 99.00 999 1018.5  14.3 999.0 999.0 99.0 99.00
2019 10 13 15 00 312  3.3  3.7 99.00 99.00 99.00 999 1018.6  15.5 999.0 999.0 99.0 99.00
2019 10 13 16 00 294  3.1  3.7 99.00 99.00 99.00 999 1018.6  16.5 999.0 999.0 99.0 99.00
2019 10 13 17 00 269  4.5  4.8 99.00 99.00 99.00 999 1018.4  15.7 999.0 999.0 99.0 99.00
2019 10 13 18 00 237  3.7  3.9 99.00 99.00 99.00 999 1018.0  15.6 999.0 999.0 99.0 99.00
2019 10 13 19 00 233  4.9  5.3 99.00 99.00 99.00 999 1017.8  15.8 999.0 999.0 99.0 99.00
2019 10 13 20 00 223  3.3  3.6 99.00 99.00 99.00 999 1017.7  16.1 999.0 999.0 99.0 99.00
2019 10 13 21 00 241  5.0  5.2 99.00 99.00 99.00 999 1017.8  15.9 999.0 999.0 99.0 99.00
2019 10 13 22 00 219  5.0  5.4 99.00 99.00 99.00 999 1017.8  15.7 999.0 999.0 99.0 99.00
2019 10 13 23 00 221  4.3  4.4 99.00 99.00 99.00 999 1017.9  15.9 999.0 999.0 99.0 99.00
2019 10 14 00 00 235  4.9  5.3 99.00 99.00 99.00 999 1017.8  15.8 999.0 999.0 99.0 99.00
2019 10 14 01 00 227  5.3  5.7 99.00 99.00 99.00 999 1018.0  15.8 999.0 999.0 99.0 99.00
2019 10 14 02 00 230  4.4  4.7 99.00 99.00 99.00 999 1017.9  15.7 999.0 999.0 99.0 99.00
2019 10 14 03 00 227  4.3  4.6 99.00 99.00 99.00 999 1017.4  15.6 999.0 999.0 99.0 99.00
2019 10 14 04 00 231  3.4  3.7 99.00 99.00 99.00 999 1017.7  15.6 999.0 999.0 99.0 99.00
2019 10 14 05 00 230  4.2  4.9 99.00 99.00 99.00 999 1018.0  15.7 999.0 999.0 99.0 99.00
2019 10 14 06 00 221  4.9  5.2 99.00 99.00 99.00 999 1017.7  15.6 999.0 999.0 99.0 99.00
2019 10 14 07 00 202  4.7  5.2 99.00 99.00 99.00 999 1016.7  15.3 999.0 999.0 99.0 99.00
2019 10 14 08 00 196  4.0  4.3 99.00 99.00 99.00 999 1016.5  14.8 999.0 999.0 99.0 99.00
2019 10 14 09 00 163  3.0  3.1 99.00 99.00 99.00 999 1016.1  13.9 999.0 999.0 99.0 99.00
2019 10 14 10 00 139  2.7  3.1 99.00 99.00 99.00 999 1016.4  13.9 999.0 999.0 99.0 99.00
2019 10 14 11 00 107  3.3  3.7 99.00 99.00 99.00 999 1016.1  14.1 999.0 999.0 99.0 99.00
2019 10 14 12 00 104  5.1  5.5 99.00 99.00 99.00 999 1016.4  14.5 999.0 999.0 99.0 99.00
2019 10 14 13 00  95  6.7  7.3 99.00 99.00 99.00 999 1015.7  14.5 999.0 999.0 99.0 99.00
2019 10 14 14 00  39  4.9  5.2 99.00 99.00 99.00 999 1015.9  14.3 999.0 999.0 99.0 99.00
2019 10 14 15 00  63  6.3  6.5 99.00 99.00 99.00 999 1015.4  14.4 999.0 999.0 99.0 99.00
2019 10 14 16 00  65  4.9  5.3 99.00 99.00 99.00 999 1014.9  14.4 999.0 999.0 99.0 99.00
2019 10 14 17 00   1  3.7  4.1 99.00 99.00 99.00 999 1014.6  14.3 999.0 999.0 99.0 99.00
2019 10 14 18 00 355  2.8  3.1 99.00 99.00 99.00 999 1014.0  14.6 999.0 999.0 99.0 99.00
2019 10 14 19 00   0  0.0  0.0 99.00 99.00 99.00 999 1013.3  15.4 999.0 999.0 99.0 99.00
2019 10 14 20 00 203  2.3  2.5 99.00 99.00 99.00 999 1013.2  15.7 999.0 999.0 99.0 99.00
2019 10 14 21 00 214  6.0  6.7 99.00 99.00 99.00 999 1013.5  15.7 999.0 999.0 99.0 99.00
2019 10 14 22 00 222  7.0  7.4 99.00 99.00 99.00 999 1013.9  15.8 999.0 999.0 99.0 99.00
2019 10 14 23 00 210  7.1  8.2 99.00 99.00 99.00 999 1014.1  15.6 999.0 999.0 99.0 99.00
2019 10 15 00 00 231  7.5  7.9 99.00 99.00 99.00 999 1014.8  15.3 999.0 999.0 99.0 99.00
2019 10 15 01 00 237  6.3  6.7 99.00 99.00 99.00 999 1015.4  15.8 999.0 999.0 99.0 99.00
2019 10 15 02 00 234  6.5  7.5 99.00 99.00 99.00 999 1015.9  16.0 999.0 999.0 99.0 99.00
2019 10 15 03 00 245  6.8  7.4 99.00 99.00 99.00 999 1016.2  16.1 999.0 999.0 99.0 99.00
2019 10 15 04 00 249  8.1  8.6 99.00 99.00 99.00 999 1016.3  16.4 999.0 999.0 99.0 99.00
2019 10 15 05 00 307  7.3  7.9 99.00 99.00 99.00 999 1016.6  15.5 999.0 999.0 99.0 99.00
2019 10 15 06 00 325  5.0  5.6 99.00 99.00 99.00 999 1016.9  15.0 999.0 999.0 99.0 99.00
2019 10 15 07 00 313  7.1  7.6 99.00 99.00 99.00 999 1017.4  14.5 999.0 999.0 99.0 99.00
2019 10 15 08 00 320  9.0 10.0 99.00 99.00 99.00 999 1017.9  13.8 999.0 999.0 99.0 99.00
2019 10 15 09 00 336  7.5  8.2 99.00 99.00 99.00 999 1018.4  13.3 999.0 999.0 99.0 99.00
2019 10 15 10 00 335  7.6  8.4 99.00 99.00 99.00 999 1019.1  12.9 999.0 999.0 99.0 99.00
2019 10 15 11 00 339  6.2  6.9 99.00 99.00 99.00 999 1019.4  12.4 999.0 999.0 99.0 99.00
2019 10 15 12 00 324  8.2  9.1 99.00 99.00 99.00 999 1020.0  12.2 999.0 999.0 99.0 99.00
2019 10 15 13 00 335 10.8 11.8 99.00 99.00 99.00 999 1020.7  11.6 999.0 999.0 99.0 99.00
2019 10 15 14 00 333  6.7  7.9 99.00 99.00 99.00 999 1021.0  11.6 999.0 999.0 99.0 99.00
2019 10 15 15 00 352  4.4  4.9 99.00 99.00 99.00 999 1021.2  11.9 999.0 999.0 99.0 99.00
2019 10 15 16 00 321  3.2  3.6 99.00 99.00 99.00 999 1021.1  12.9 999.0 999.0 99.0 99.00
2019 10 15 17 00 326  1.3  1.4 99.00 99.00 99.00 999 1020.7  13.6 999.0 999.0 99.0 99.00
2019 10 15 18 00 217  1.6  2.0 99.00 99.00 99.00 999 1020.3  13.8 999.0 999.0 99.0 99.00
2019 10 15 19 00 151  2.2  2.8 99.00 99.00 99.00 999 1019.8  13.7 999.0 999.0 99.0 99.00
2019 10 15 20 00 169  3.5  4.0 99.00 99.00 99.00 999 1019.3  13.9 999.0 999.0 99.0 99.00
2019 10 15 21 00 184  5.0  5.3 99.00 99.00 99.00 999 1019.0  13.9 999.0 999.0 99.0 99.00
2019 10 15 22 00 200  5.1  5.7 99.00 99.00 99.00 999 1019.4  14.1 999.0 999.0 99.0 99.00
2019 10 15 23 00 222  4.0  4.5 99.00 99.00 99.00 999 1019.6  14.0 999.0 999.0 99.0 99.00
2019 10 16 00 00 238  5.3  6.0 99.00 99.00 99.00 999 1019.8  14.0 999.0 999.0 99.0 99.00
2019 10 16 01 00 245  6.0  6.5 99.00 99.00 99.00 999 1020.2  14.0 999.0 999.0 99.0 99.00
2019 10 16 02 00 239  4.8  5.5 99.00 99.00 99.00 999 1020.5  14.1 999.0 999.0 99.0 99.00
2019 10 16 03 00 234  4.9  5.8 99.00 99.00 99.00 999 1020.3  14.1 999.0 999.0 99.0 99.00
2019 10 16 04 00 220  2.5  2.8 99.00 99.00 99.00 999 1019.8  14.0 999.0 999.0 99.0 99.00
2019 10 16 05 00 190  3.1  3.4 99.00 99.00 99.00 999 1020.0  13.9 999.0 999.0 99.0 99.00
2019 10 16 06 00 170  4.3  4.8 99.00 99.00 99.00 999 1019.8  13.9 999.0 999.0 99.0 99.00
2019 10 16 07 00 167  5.5  6.0 99.00 99.00 99.00 999 1019.6  13.6 999.0 999.0 99.0 99.00
2019 10 16 08 00 173  4.5  5.0 99.00 99.00 99.00 999 1019.2  13.5 999.0 999.0 99.0 99.00
2019 10 16 09 00 156  5.5  6.3 99.00 99.00 99.00 999 1018.9  13.5 999.0 999.0 99.0 99.00
2019 10 16 10 00 131  5.8  6.5 99.00 99.00 99.00 999 1018.6  13.6 999.0 999.0 99.0 99.00
2019 10 16 11 00 122  6.5  7.4 99.00 99.00 99.00 999 1018.2  13.6 999.0 999.0 99.0 99.00
2019 10 16 12 00 121  7.9  8.6 99.00 99.00 99.00 999 1018.2  13.9 999.0 999.0 99.0 99.00
2019 10 16 13 00 116  9.2 10.0 99.00 99.00 99.00 999 1017.1  14.1 999.0 999.0 99.0 99.00
2019 10 16 14 00 115 10.5 11.1 99.00 99.00 99.00 999 1016.1  14.2 999.0 999.0 99.0 99.00
2019 10 16 15 00 114 10.8 11.6 99.00 99.00 99.00 999 1015.3  14.0 999.0 999.0 99.0 99.00
2019 10 16 16 00 111 10.3 11.4 99.00 99.00 99.00 999 1014.5  13.9 999.0 999.0 99.0 99.00
2019 10 16 17 00 110 10.8 11.6 99.00 99.00 99.00 999 1013.7  13.8 999.0 999.0 99.0 99.00
2019 10 16 18 00 111 11.7 12.7 99.00 99.00 99.00 999 1012.4  14.0 999.0 999.0 99.0 99.00
2019 10 16 19 00 106 11.2 12.0 99.00 99.00 99.00 999 1011.2  14.2 999.0 999.0 99.0 99.00
2019 10 16 20 00 103 11.7 13.3 99.00 99.00 99.00 999 1009.8  14.5 999.0 999.0 99.0 99.00
2019 10 16 21 00  97 11.6 13.2 99.00 99.00 99.00 999 1008.4  14.6 999.0 999.0 99.0 99.00
2019 10 16 22 00  96 13.2 14.4 99.00 99.00 99.00 999 1006.1  15.1 999.0 999.0 99.0 99.00
2019 10 16 23 00  94 12.1 12.9 99.00 99.00 99.00 999 1004.3  15.8 999.0 999.0 99.0 99.00
2019 10 17 00 00 104 13.6 14.8 99.00 99.00 99.00 999 1002.5  16.0 999.0 999.0 99.0 99.00
2019 10 17 01 00  82 13.8 15.3 99.00 99.00 99.00 999  999.4  15.6 999.0 999.0 99.0 99.00
2019 10 17 02 00  90 18.0 21.4 99.00 99.00 99.00 999  994.8  15.4 999.0 999.0 99.0 99.00
2019 10 17 03 00 101 21.4 25.3 99.00 99.00 99.00 999  990.0  15.8 999.0 999.0 99.0 99.00
2019 10 17 04 00 100 20.0 22.9 99.00 99.00 99.00 999  986.8  15.6 999.0 999.0 99.0 99.00
2019 10 17 05 00  92 22.9 24.8 99.00 99.00 99.00 999  980.2  15.5 999.0 999.0 99.0 99.00
2019 10 17 06 00 201 15.4 18.3 99.00 99.00 99.00 999  978.4  17.9 999.0 999.0 99.0 99.00
2019 10 17 07 00 208 14.6 15.8 99.00 99.00 99.00 999  978.9  15.9 999.0 999.0 99.0 99.00
2019 10 17 08 00 239 25.1 26.9 99.00 99.00 99.00 999  977.6  14.8 999.0 999.0 99.0 99.00
2019 10 17 09 00 250 23.6 27.2 99.00 99.00 99.00 999  980.6  12.7 999.0 999.0 99.0 99.00
2019 10 17 10 00 254 21.2 23.2 99.00 99.00 99.00 999  982.8  12.6 999.0 999.0 99.0 99.00
2019 10 17 11 00 252 22.2 26.1 99.00 99.00 99.00 999  984.2  12.5 999.0 999.0 99.0 99.00
2019 10 17 12 00 251 22.8 27.0 99.00 99.00 99.00 999  985.5  13.1 999.0 999.0 99.0 99.00
2019 10 17 13 00 244 22.5 27.2 99.00 99.00 99.00 999  985.9  13.0 999.0 999.0 99.0 99.00
2019 10 17 14 00 250 21.2 25.0 99.00 99.00 99.00 999  985.9  13.0 999.0 999.0 99.0 99.00
2019 10 17 15 00 250 23.8 26.1 99.00 99.00 99.00 999  985.8  13.1 999.0 999.0 99.0 99.00
2019 10 17 16 00 244 22.9 26.0 99.00 99.00 99.00 999  985.9  13.3 999.0 999.0 99.0 99.00
2019 10 17 17 00 247 23.3 25.8 99.00 99.00 99.00 999  985.5  13.3 999.0 999.0 99.0 99.00
2019 10 17 18 00 249 25.7 28.3 99.00 99.00 99.00 999  985.5  13.7 999.0 999.0 99.0 99.00
2019 10 17 19 00 251 21.5 25.0 99.00 99.00 99.00 999  986.5  13.9 999.0 999.0 99.0 99.00
2019 10 17 20 00 255 22.7 26.0 99.00 99.00 99.00 999  987.3  14.0 999.0 999.0 99.0 99.00
2019 10 17 21 00 280 19.8 23.0 99.00 99.00 99.00 999  989.3  13.1 999.0 999.0 99.0 99.00
2019 10 17 22 00 273 20.2 24.5 99.00 99.00 99.00 999  990.4  13.3 999.0 999.0 99.0 99.00
2019 10 17 23 00 274 17.5 19.7 99.00 99.00 99.00 999  991.8  13.4 999.0 999.0 99.0 99.00
2019 10 18 00 00 269 18.8 20.4 99.00 99.00 99.00 999  993.0  12.9 999.0 999.0 99.0 99.00
2019 10 18 01 00 271 18.5 20.2 99.00 99.00 99.00 999  994.0  12.9 999.0 999.0 99.0 99.00
2019 10 18 02 00 267 15.4 16.8 99.00 99.00 99.00 999  995.5  12.7 999.0 999.0 99.0 99.00
2019 10 18 03 00 264 17.3 19.5 99.00 99.00 99.00 999  996.5  12.5 999.0 999.0 99.0 99.00
2019 10 18 04 00 266 16.0 17.6 99.00 99.00 99.00 999  997.6  12.4 999.0 999.0 99.0 99.00
2019 10 18 05 00 266 14.0 15.4 99.00 99.00 99.00 999  998.4  12.2 999.0 999.0 99.0 99.00
2019 10 18 06 00 272 13.8 15.3 99.00 99.00 99.00 999  999.4  11.6 999.0 999.0 99.0 99.00
2019 10 18 07 00 275 14.1 15.6 99.00 99.00 99.00 999  999.9  11.9 999.0 999.0 99.0 99.00
2019 10 18 08 00 287 13.8 16.0 99.00 99.00 99.00 999 1000.3  11.8 999.0 999.0 99.0 99.00
2019 10 18 09 00 286 11.7 13.8 99.00 99.00 99.00 999 1001.5  11.6 999.0 999.0 99.0 99.00
2019 10 18 10 00 292 13.1 14.6 99.00 99.00 99.00 999 1002.5  11.4 999.0 999.0 99.0 99.00
2019 10 18 11 00 285 12.7 14.7 99.00 99.00 99.00 999 1003.5  11.2 999.0 999.0 99.0 99.00
2019 10 18 12 00 284 11.7 13.9 99.00 99.00 99.00 999 1004.9  11.2 999.0 999.0 99.0 99.00
2019 10 18 13 00 295 12.1 12.9 99.00 99.00 99.00 999 1005.7  11.3 999.0 999.0 99.0 99.00
2019 10 18 14 00 298 10.9 12.6 99.00 99.00 99.00 999 1006.7  11.7 999.0 999.0 99.0 99.00
2019 10 18 15 00 307  9.8 11.1 99.00 99.00 99.00 999 1007.1  11.6 999.0 999.0 99.0 99.00
2019 10 18 16 00 306  9.7 11.3 99.00 99.00 99.00 999 1007.2  12.0 999.0 999.0 99.0 99.00
2019 10 18 17 00 313  9.3 10.1 99.00 99.00 99.00 999 1007.1  12.4 999.0 999.0 99.0 99.00
2019 10 18 18 00 316  6.1  6.7 99.00 99.00 99.00 999 1007.3  12.9 999.0 999.0 99.0 99.00
2019 10 18 19 00 309  6.3  7.3 99.00 99.00 99.00 999 1007.6  13.8 999.0 999.0 99.0 99.00
2019 10 18 20 00 299  7.3  7.6 99.00 99.00 99.00 999 1008.4  14.5 999.0 999.0 99.0 99.00
2019 10 18 21 00 320  7.8  8.5 99.00 99.00 99.00 999 1008.8  14.7 999.0 999.0 99.0 99.00
2019 10 18 22 00 309 11.0 11.7 99.00 99.00 99.00 999 1009.3  14.0 999.0 999.0 99.0 99.00
2019 10 18 23 00 315 10.7 11.9 99.00 99.00 99.00 999 1010.3  12.9 999.0 999.0 99.0 99.00
2019 10 19 00 00 315 10.2 10.9 99.00 99.00 99.00 999 1011.4  12.1 999.0 999.0 99.0 99.00
2019 10 19 01 00 313  9.3 10.0 99.00 99.00 99.00 999 1012.6  11.6 999.0 999.0 99.0 99.00
2019 10 19 02 00 317  8.4 10.0 99.00 99.00 99.00 999 1013.3  10.9 999.0 999.0 99.0 99.00
2019 10 19 03 00 315  8.0  8.9 99.00 99.00 99.00 999 1013.9  10.7 999.0 999.0 99.0 99.00
2019 10 19 04 00 324  7.6  8.5 99.00 99.00 99.00 999 1014.2  10.2 999.0 999.0 99.0 99.00
2019 10 19 05 00 327  8.1  9.1 99.00 99.00 99.00 999 1014.6   9.5 999.0 999.0 99.0 99.00
2019 10 19 06 00 320  9.1  9.9 99.00 99.00 99.00 999 1014.9   8.9 999.0 999.0 99.0 99.00
2019 10 19 07 00 324  9.2 10.9 99.00 99.00 99.00 999 1015.2   9.1 999.0 999.0 99.0 99.00
2019 10 19 08 00 323  8.5  9.2 99.00 99.00 99.00 999 1015.4   8.6 999.0 999.0 99.0 99.00
2019 10 19 09 00 315  8.3  9.3 99.00 99.00 99.00 999 1015.7   8.3 999.0 999.0 99.0 99.00
2019 10 19 10 00 319  8.4  9.1 99.00 99.00 99.00 999 1016.1   8.0 999.0 999.0 99.0 99.00
2019 10 19 11 00 322  7.8  8.4 99.00 99.00 99.00 999 1016.1   8.0 999.0 999.0 99.0 99.00
2019 10 19 12 00 324  6.7  7.9 99.00 99.00 99.00 999 1016.8   8.5 999.0 999.0 99.0 99.00
2019 10 19 13 00 326  7.6  8.4 99.00 99.00 99.00 999 1017.1   8.4 999.0 999.0 99.0 99.00
2019 10 19 14 00 299  5.4  6.6 99.00 99.00 99.00 999 1017.6   9.3 999.0 999.0 99.0 99.00
2019 10 19 15 00 340  4.4  5.9 99.00 99.00 99.00 999 1017.3   9.2 999.0 999.0 99.0 99.00
2019 10 19 16 00 293  5.3  6.4 99.00 99.00 99.00 999 1017.6   9.9 999.0 999.0 99.0 99.00
2019 10 19 17 00 280  5.3  6.0 99.00 99.00 99.00 999 1017.1  10.2 999.0 999.0 99.0 99.00
2019 10 19 18 00 260  6.0  6.8 99.00 99.00 99.00 999 1016.7  10.5 999.0 999.0 99.0 99.00
2019 10 19 19 00 241  5.8  7.0 99.00 99.00 99.00 999 1016.6  11.0 999.0 999.0 99.0 99.00
2019 10 19 20 00 243  6.4  7.5 99.00 99.00 99.00 999 1016.5  11.6 999.0 999.0 99.0 99.00
2019 10 19 21 00 247  7.6  8.5 99.00 99.00 99.00 999 1016.3  12.3 999.0 999.0 99.0 99.00
2019 10 19 22 00 243  7.5  8.5 99.00 99.00 99.00 999 1016.5  12.6 999.0 999.0 99.0 99.00
2019 10 19 23 00 255  8.9  9.8 99.00 99.00 99.00 999 1016.9  12.9 999.0 999.0 99.0 99.00
2019 10 20 00 00 266  6.2  7.6 99.00 99.00 99.00 999 1017.3  13.3 999.0 999.0 99.0 99.00
2019 10 20 01 00 266  6.3  6.8 99.00 99.00 99.00 999 1017.6  13.4 999.0 999.0 99.0 99.00
2019 10 20 02 00 277  5.3  5.5 99.00 99.00 99.00 999 1017.6  13.7 999.0 999.0 99.0 99.00
2019 10 20 03 00 287  4.1  4.3 99.00 99.00 99.00 999 1017.8  13.6 999.0 999.0 99.0 99.00
2019 10 20 04 00 283  3.7  4.0 99.00 99.00 99.00 999 1018.0  13.4 999.0 999.0 99.0 99.00
2019 10 20 05 00 267  3.1  3.4 99.00 99.00 99.00 999 1018.1  13.5 999.0 999.0 99.0 99.00
2019 10 20 06 00 250  3.2  3.4 99.00 99.00 99.00 999 1018.2  13.5 999.0 999.0 99.0 99.00
2019 10 20 07 00 249  3.8  4.0 99.00 99.00 99.00 999 1018.2  13.8 999.0 999.0 99.0 99.00
2019 10 20 08 00 280  1.8  2.0 99.00 99.00 99.00 999 1017.9  13.7 999.0 999.0 99.0 99.00
2019 10 20 09 00  13  2.9  3.5 99.00 99.00 99.00 999 1017.9  12.1 999.0 999.0 99.0 99.00
2019 10 20 10 00 358  3.0  3.3 99.00 99.00 99.00 999 1018.4  11.7 999.0 999.0 99.0 99.00
2019 10 20 11 00  27  3.3  3.7 99.00 99.00 99.00 999 1018.3  11.5 999.0 999.0 99.0 99.00
2019 10 20 12 00  36  3.8  4.2 99.00 99.00 99.00 999 1018.6  11.9 999.0 999.0 99.0 99.00
2019 10 20 13 00  81  3.2  3.4 99.00 99.00 99.00 999 1019.1  12.7 999.0 999.0 99.0 99.00
2019 10 20 14 00 169  2.6  2.9 99.00 99.00 99.00 999 1019.5  13.6 999.0 999.0 99.0 99.00
2019 10 20 15 00 182  3.1  3.4 99.00 99.00 99.00 999 1019.7  14.1 999.0 999.0 99.0 99.00
2019 10 20 16 00 169  5.0  5.5 99.00 99.00 99.00 999 1019.4  14.0 999.0 999.0 99.0 99.00
2019 10 20 17 00 167  4.6  4.9 99.00 99.00 99.00 999 1018.8  13.9 999.0 999.0 99.0 99.00
2019 10 20 18 00 164  3.3  3.9 99.00 99.00 99.00 999 1018.8  13.9 999.0 999.0 99.0 99.00
2019 10 20 19 00 139  1.2  1.7 99.00 99.00 99.00 999 1018.5  14.0 999.0 999.0 99.0 99.00
2019 10 20 20 00 123  1.8  2.0 99.00 99.00 99.00 999 1018.5  14.0 999.0 999.0 99.0 99.00
2019 10 20 21 00  82  2.1  2.6 99.00 99.00 99.00 999 1018.1  13.9 999.0 999.0 99.0 99.00
2019 10 20 22 00  98  4.7  5.3 99.00 99.00 99.00 999 1017.6  13.9 999.0 999.0 99.0 99.00
2019 10 20 23 00 108  5.0  5.6 99.00 99.00 99.00 999 1017.7  13.7 999.0 999.0 99.0 99.00
2019 10 21 00 00  94  6.0  6.3 99.00 99.00 99.00 999 1017.4  13.5 999.0 999.0 99.0 99.00
2019 10 21 01 00  86  5.4  5.7 99.00 99.00 99.00 999 1017.2  13.6 999.0 999.0 99.0 99.00
2019 10 21 02 00  84  6.0  6.5 99.00 99.00 99.00 999 1017.2  13.6 999.0 999.0 99.0 99.00
2019 10 21 03 00  86  6.7  7.2 99.00 99.00 99.00 999 1017.0  13.1 999.0 999.0 99.0 99.00
2019 10 21 04 00  46  6.5  7.4 99.00 99.00 99.00 999 1016.8  13.2 999.0 999.0 99.0 99.00
2019 10 21 05 00  42  8.7  9.3 99.00 99.00 99.00 999 1016.3  12.7 999.0 999.0 99.0 99.00
2019 10 21 06 00  57  7.9  8.6 99.00 99.00 99.00 999 1015.8  12.9 999.0 999.0 99.0 99.00
2019 10 21 07 00  53  8.5  9.3 99.00 99.00 99.00 999 1015.5  12.9 999.0 999.0 99.0 99.00
2019 10 21 08 00  41  9.7 10.6 99.00 99.00 99.00 999 1015.0  12.9 999.0 999.0 99.0 99.00
2019 10 21 09 00  48  9.8 10.9 99.00 99.00 99.00 999 1015.3  13.0 999.0 999.0 99.0 99.00
2019 10 21 10 00  53  9.7 10.6 99.00 99.00 99.00 999 1016.2  12.8 999.0 999.0 99.0 99.00
2019 10 21 11 00  54 11.8 12.4 99.00 99.00 99.00 999 1016.4  13.0 999.0 999.0 99.0 99.00
2019 10 21 12 00  41 11.3 12.4 99.00 99.00 99.00 999 1016.9  13.3 999.0 999.0 99.0 99.00
2019 10 21 13 00  36 11.2 12.8 99.00 99.00 99.00 999 1017.0  13.3 999.0 999.0 99.0 99.00
2019 10 21 14 00  33 11.8 13.1 99.00 99.00 99.00 999 1017.0  13.3 999.0 999.0 99.0 99.00
2019 10 21 15 00  38 11.2 12.2 99.00 99.00 99.00 999 1017.0  13.9 999.0 999.0 99.0 99.00
2019 10 21 16 00  43 11.4 12.5 99.00 99.00 99.00 999 1017.6  14.1 999.0 999.0 99.0 99.00
2019 10 21 17 00  41 11.4 12.3 99.00 99.00 99.00 999 1017.8  14.1 999.0 999.0 99.0 99.00
2019 10 21 18 00  39 11.4 12.3 99.00 99.00 99.00 999 1017.7  14.4 999.0 999.0 99.0 99.00
2019 10 21 19 00  44  9.8 10.8 99.00 99.00 99.00 999 1018.0  14.4 999.0 999.0 99.0 99.00
2019 10 21 20 00  35  9.7 10.4 99.00 99.00 99.00 999 1018.1  14.4 999.0 999.0 99.0 99.00
2019 10 21 21 00  34  8.9  9.5 99.00 99.00 99.00 999 1018.8  14.4 999.0 999.0 99.0 99.00
2019 10 21 22 00  21  8.5  9.2 99.00 99.00 99.00 999 1019.9  13.9 999.0 999.0 99.0 99.00
2019 10 21 23 00  28 10.5 10.9 99.00 99.00 99.00 999 1019.8  13.2 999.0 999.0 99.0 99.00
2019 10 22 00 00  32  9.3 10.3 99.00 99.00 99.00 999 1020.6  12.6 999.0 999.0 99.0 99.00
2019 10 22 01 00  30  9.3 10.0 99.00 99.00 99.00 999 1020.3  12.4 999.0 999.0 99.0 99.00
2019 10 22 02 00  31  8.5  9.2 99.00 99.00 99.00 999 1020.8  12.4 999.0 999.0 99.0 99.00
2019 10 22 03 00  38  8.9  9.9 99.00 99.00 99.00 999 1020.6  12.4 999.0 999.0 99.0 99.00
2019 10 22 04 00  47  9.6 10.1 99.00 99.00 99.00 999 1020.0  12.5 999.0 999.0 99.0 99.00
2019 10 22 05 00  42  8.0  8.8 99.00 99.00 99.00 999 1020.4  12.6 999.0 999.0 99.0 99.00
2019 10 22 06 00  48  8.6  9.3 99.00 99.00 99.00 999 1020.2  13.0 999.0 999.0 99.0 99.00
2019 10 22 07 00  29  7.3  8.0 99.00 99.00 99.00 999 1019.8  12.5 999.0 999.0 99.0 99.00
2019 10 22 08 00  36  7.5  8.1 99.00 99.00 99.00 999 1019.3  12.2 999.0 999.0 99.0 99.00
2019 10 22 09 00  33  8.2  8.6 99.00 99.00 99.00 999 1019.3  12.2 999.0 999.0 99.0 99.00
2019 10 22 10 00  23  7.6  8.4 99.00 99.00 99.00 999 1019.8  12.1 999.0 999.0 99.0 99.00
2019 10 22 11 00  46  7.6  8.5 99.00 99.00 99.00 999 1019.6  12.4 999.0 999.0 99.0 99.00
2019 10 22 12 00  52  7.7  8.5 99.00 99.00 99.00 999 1019.9  13.0 999.0 999.0 99.0 99.00
2019 10 22 13 00  48  7.9  8.6 99.00 99.00 99.00 999 1020.1  13.2 999.0 999.0 99.0 99.00
2019 10 22 14 00  31  6.5  7.3 99.00 99.00 99.00 999 1020.2  12.8 999.0 999.0 99.0 99.00
2019 10 22 15 00  58  8.2  8.6 99.00 99.00 99.00 999 1019.1  13.7 999.0 999.0 99.0 99.00
2019 10 22 16 00  49  7.8  8.8 99.00 99.00 99.00 999 1018.5  14.1 999.0 999.0 99.0 99.00
2019 10 22 17 00  48  7.7  8.2 99.00 99.00 99.00 999 1018.3  14.2 999.0 999.0 99.0 99.00
2019 10 22 18 00  61  8.0  8.5 99.00 99.00 99.00 999 1018.0  14.7 999.0 999.0 99.0 99.00
2019 10 22 19 00  54  7.6  8.2 99.00 99.00 99.00 999 1017.1  14.3 999.0 999.0 99.0 99.00
2019 10 22 20 00  48  8.7  9.4 99.00 99.00 99.00 999 1016.3  13.2 999.0 999.0 99.0 99.00
2019 10 22 21 00  55  9.8 10.2 99.00 99.00 99.00 999 1015.8  13.0 999.0 999.0 99.0 99.00
2019 10 22 22 00  61 10.4 11.2 99.00 99.00 99.00 999 1015.7  13.5 999.0 999.0 99.0 99.00
2019 10 22 23 00  67 10.3 11.2 99.00 99.00 99.00 999 1015.5  13.6 999.0 999.0 99.0 99.00
2019 10 23 00 00  69  9.9 10.7 99.00 99.00 99.00 999 1014.5  13.8 999.0 999.0 99.0 99.00
2019 10 23 01 00  74  9.0  9.4 99.00 99.00 99.00 999 1014.1  13.9 999.0 999.0 99.0 99.00
2019 10 23 02 00  85  7.3  7.9 99.00 99.00 99.00 999 1013.4  14.3 999.0 999.0 99.0 99.00
2019 10 23 03 00 100  7.1  7.9 99.00 99.00 99.00 999 1012.7  14.7 999.0 999.0 99.0 99.00
2019 10 23 04 00 118  7.4  8.4 99.00 99.00 99.00 999 1011.6  15.0 999.0 999.0 99.0 99.00
2019 10 23 05 00 122  8.6  9.2 99.00 99.00 99.00 999 1010.6  15.1 999.0 999.0 99.0 99.00
2019 10 23 06 00 125  9.2  9.8 99.00 99.00 99.00 999 1009.3  15.2 999.0 999.0 99.0 99.00
2019 10 23 07 00 136  7.0  7.4 99.00 99.00 99.00 999 1008.9  15.4 999.0 999.0 99.0 99.00
2019 10 23 08 00 146  7.4  7.7 99.00 99.00 99.00 999 1007.9  15.7 999.0 999.0 99.0 99.00
2019 10 23 09 00 147  8.3  8.9 99.00 99.00 99.00 999 1007.3  15.9 999.0 999.0 99.0 99.00
2019 10 23 10 00 163  7.8  8.5 99.00 99.00 99.00 999 1006.9  16.5 999.0 999.0 99.0 99.00
2019 10 23 11 00 179  8.4  9.3 99.00 99.00 99.00 999 1006.6  16.9 999.0 999.0 99.0 99.00
2019 10 23 12 00 217  5.5  6.0 99.00 99.00 99.00 999 1006.9  16.7 999.0 999.0 99.0 99.00
2019 10 23 13 00 323 11.2 12.0 99.00 99.00 99.00 999 1007.7  14.4 999.0 999.0 99.0 99.00
2019 10 23 14 00 317  9.9 11.0 99.00 99.00 99.00 999 1008.6  14.9 999.0 999.0 99.0 99.00
2019 10 23 15 00 305  9.3 10.3 99.00 99.00 99.00 999 1009.5  15.9 999.0 999.0 99.0 99.00
2019 10 23 16 00 306 10.0 10.9 99.00 99.00 99.00 999 1010.1  16.6 999.0 999.0 99.0 99.00
2019 10 23 17 00 304  8.1  8.7 99.00 99.00 99.00 999 1010.5  17.3 999.0 999.0 99.0 99.00
2019 10 23 18 00 288  6.4  6.8 99.00 99.00 99.00 999 1010.5  17.6 999.0 999.0 99.0 99.00
2019 10 23 19 00 274  8.3  9.1 99.00 99.00 99.00 999 1011.4  17.5 999.0 999.0 99.0 99.00
2019 10 23 20 00 289  8.5  9.0 99.00 99.00 99.00 999 1012.0  17.9 999.0 999.0 99.0 99.00
2019 10 23 21 00 291  9.7 10.9 99.00 99.00 99.00 999 1013.1  17.6 999.0 999.0 99.0 99.00
2019 10 23 22 00 302  7.1  7.5 99.00 99.00 99.00 999 1014.6  17.1 999.0 999.0 99.0 99.00
2019 10 23 23 00 290  6.0  6.2 99.00 99.00 99.00 999 1016.0  16.7 999.0 999.0 99.0 99.00
2019 10 24 00 00 293  4.1  4.5 99.00 99.00 99.00 999 1017.2  16.0 999.0 999.0 99.0 99.00
2019 10 24 01 00 261  4.8  5.4 99.00 99.00 99.00 999 1018.5  15.8 999.0 999.0 99.0 99.00
2019 10 24 02 00 273  5.9  6.8 99.00 99.00 99.00 999 1019.5  15.8 999.0 999.0 99.0 99.00
2019 10 24 03 00 294  7.5  8.3 99.00 99.00 99.00 999 1020.2  15.2 999.0 999.0 99.0 99.00
2019 10 24 04 00 303  6.1  6.5 99.00 99.00 99.00 999 1020.5  14.5 999.0 999.0 99.0 99.00
2019 10 24 05 00 303  4.2  4.5 99.00 99.00 99.00 999 1021.2  14.1 999.0 999.0 99.0 99.00
2019 10 24 06 00 299  4.7  5.4 99.00 99.00 99.00 999 1021.9  14.2 999.0 999.0 99.0 99.00
2019 10 24 07 00 310  6.2  6.9 99.00 99.00 99.00 999 1022.5  13.4 999.0 999.0 99.0 99.00
2019 10 24 08 00 320  5.5  6.2 99.00 99.00 99.00 999 1023.0  13.2 999.0 999.0 99.0 99.00
2019 10 24 09 00 316  9.4 10.3 99.00 99.00 99.00 999 1024.0  14.4 999.0 999.0 99.0 99.00
2019 10 24 10 00 312  8.5  9.4 99.00 99.00 99.00 999 1024.7  14.3 999.0 999.0 99.0 99.00
2019 10 24 11 00 309  7.9  8.4 99.00 99.00 99.00 999 1025.5  14.0 999.0 999.0 99.0 99.00
2019 10 24 12 00 315  3.4  4.1 99.00 99.00 99.00 999 1026.4  14.6 999.0 999.0 99.0 99.00
2019 10 24 13 00 328  2.3  2.5 99.00 99.00 99.00 999 1026.9  14.2 999.0 999.0 99.0 99.00
2019 10 24 14 00 274  2.0  2.3 99.00 99.00 99.00 999 1027.0  14.0 999.0 999.0 99.0 99.00
2019 10 24 15 00 246  4.2  4.5 99.00 99.00 99.00 999 1027.1  14.3 999.0 999.0 99.0 99.00
2019 10 24 16 00 254  5.3  5.5 99.00 99.00 99.00 999 1027.2  14.6 999.0 999.0 99.0 99.00
2019 10 24 17 00 236  5.6  5.9 99.00 99.00 99.00 999 1026.5  14.7 999.0 999.0 99.0 99.00
2019 10 24 19 00 223  7.8  8.2 99.00 99.00 99.00 999 1025.4  15.2 999.0 999.0 99.0 99.00
2019 10 24 20 00 228  8.7  9.7 99.00 99.00 99.00 999 1025.6  15.3 999.0 999.0 99.0 99.00
2019 10 24 21 00 215  9.1 10.1 99.00 99.00 99.00 999 1025.2  15.3 999.0 999.0 99.0 99.00
2019 10 24 22 00 221 10.3 10.7 99.00 99.00 99.00 999 1025.4  15.2 999.0 999.0 99.0 99.00
2019 10 24 23 00 225  9.7 10.2 99.00 99.00 99.00 999 1025.8  15.3 999.0 999.0 99.0 99.00
2019 10 25 00 00 226 10.2 10.7 99.00 99.00 99.00 999 1025.8  15.3 999.0 999.0 99.0 99.00
2019 10 25 01 00 227  9.2 10.0 99.00 99.00 99.00 999 1025.8  15.2 999.0 999.0 99.0 99.00
2019 10 25 02 00 230  8.8 10.2 99.00 99.00 99.00 999 1026.3  15.3 999.0 999.0 99.0 99.00
2019 10 25 03 00 235  9.8 10.4 99.00 99.00 99.00 999 1026.0  15.3 999.0 999.0 99.0 99.00
2019 10 25 04 00 245  8.2  9.2 99.00 99.00 99.00 999 1026.6  15.3 999.0 999.0 99.0 99.00
2019 10 25 05 00 251  8.4  9.5 99.00 99.00 99.00 999 1026.2  15.3 999.0 999.0 99.0 99.00
2019 10 25 06 00 253  8.5  9.0 99.00 99.00 99.00 999 1026.5  15.3 999.0 999.0 99.0 99.00
2019 10 25 07 00 258  8.1  8.8 99.00 99.00 99.00 999 1026.3  15.2 999.0 999.0 99.0 99.00
2019 10 25 08 00 270  8.2  9.0 99.00 99.00 99.00 999 1026.0  15.0 999.0 999.0 99.0 99.00
2019 10 25 09 00 281  5.9  6.3 99.00 99.00 99.00 999 1026.3  14.1 999.0 999.0 99.0 99.00
2019 10 25 10 00 253  5.3  5.6 99.00 99.00 99.00 999 1026.6  14.2 999.0 999.0 99.0 99.00
2019 10 25 11 00 303  4.4  4.7 99.00 99.00 99.00 999 1026.4  14.0 999.0 999.0 99.0 99.00
2019 10 25 12 00 304  1.9  2.2 99.00 99.00 99.00 999 1026.6  14.6 999.0 999.0 99.0 99.00
2019 10 25 13 00 261  1.2  1.4 99.00 99.00 99.00 999 1027.1  13.6 999.0 999.0 99.0 99.00
2019 10 25 14 00 268  0.8  1.0 99.00 99.00 99.00 999 1027.1  14.0 999.0 999.0 99.0 99.00
2019 10 25 15 00 279  0.9  1.1 99.00 99.00 99.00 999 1026.8  14.4 999.0 999.0 99.0 99.00
2019 10 25 16 00 332  0.2  0.3 99.00 99.00 99.00 999 1026.1  14.9 999.0 999.0 99.0 99.00
2019 10 25 17 00 226  2.7  3.0 99.00 99.00 99.00 999 1025.3  14.5 999.0 999.0 99.0 99.00
2019 10 25 18 00 203  3.8  4.1 99.00 99.00 99.00 999 1024.3  14.5 999.0 999.0 99.0 99.00
2019 10 25 19 00 227  4.0  4.5 99.00 99.00 99.00 999 1023.9  14.8 999.0 999.0 99.0 99.00
2019 10 25 20 00 228  5.1  5.5 99.00 99.00 99.00 999 1023.0  14.9 999.0 999.0 99.0 99.00
2019 10 25 21 00 229  5.7  6.2 99.00 99.00 99.00 999 1022.7  14.9 999.0 999.0 99.0 99.00
2019 10 25 22 00 234  7.2  7.6 99.00 99.00 99.00 999 1022.6  14.9 999.0 999.0 99.0 99.00
2019 10 25 23 00 231  6.4  7.2 99.00 99.00 99.00 999 1022.3  14.9 999.0 999.0 99.0 99.00
2019 10 26 00 00 238  6.7  7.5 99.00 99.00 99.00 999 1022.3  15.0 999.0 999.0 99.0 99.00
2019 10 26 01 00 234  6.9  7.5 99.00 99.00 99.00 999 1021.7  15.0 999.0 999.0 99.0 99.00
2019 10 26 02 00 241  7.1  7.8 99.00 99.00 99.00 999 1021.7  15.1 999.0 999.0 99.0 99.00
2019 10 26 03 00 249  7.8  8.2 99.00 99.00 99.00 999 1022.1  15.1 999.0 999.0 99.0 99.00
2019 10 26 04 00 260  7.1  7.7 99.00 99.00 99.00 999 1021.8  15.1 999.0 999.0 99.0 99.00
2019 10 26 05 00 262  6.4  6.6 99.00 99.00 99.00 999 1021.8  15.1 999.0 999.0 99.0 99.00
2019 10 26 06 00 270  4.8  5.1 99.00 99.00 99.00 999 1021.4  15.0 999.0 999.0 99.0 99.00
2019 10 26 07 00 259  3.1  3.2 99.00 99.00 99.00 999 1020.5  14.9 999.0 999.0 99.0 99.00
2019 10 26 08 00 324  1.8  2.0 99.00 99.00 99.00 999 1020.3  14.3 999.0 999.0 99.0 99.00
2019 10 26 09 00 319  3.7  4.1 99.00 99.00 99.00 999 1020.6  14.1 999.0 999.0 99.0 99.00
2019 10 26 10 00 344  3.3  3.6 99.00 99.00 99.00 999 1021.1  13.1 999.0 999.0 99.0 99.00
2019 10 26 11 00   1  6.1  6.5 99.00 99.00 99.00 999 1021.4  11.9 999.0 999.0 99.0 99.00
2019 10 26 12 00 347  7.1  7.9 99.00 99.00 99.00 999 1022.6  11.3 999.0 999.0 99.0 99.00
2019 10 26 13 00 359  6.6  7.3 99.00 99.00 99.00 999 1023.6  11.0 999.0 999.0 99.0 99.00
2019 10 26 14 00 344  5.8  6.4 99.00 99.00 99.00 999 1024.0  11.7 999.0 999.0 99.0 99.00
2019 10 26 15 00   8  3.7  4.3 99.00 99.00 99.00 999 1023.7  12.5 999.0 999.0 99.0 99.00
2019 10 26 16 00 349  4.0  4.4 99.00 99.00 99.00 999 1024.1  13.3 999.0 999.0 99.0 99.00
2019 10 26 17 00  51  2.3  2.7 99.00 99.00 99.00 999 1024.1  13.2 999.0 999.0 99.0 99.00
2019 10 26 18 00  59  2.2  2.6 99.00 99.00 99.00 999 1023.5  13.6 999.0 999.0 99.0 99.00
2019 10 26 19 00  70  5.9  6.5 99.00 99.00 99.00 999 1023.7  13.2 999.0 999.0 99.0 99.00
2019 10 26 20 00  62  6.7  7.5 99.00 99.00 99.00 999 1024.2  13.3 999.0 999.0 99.0 99.00
2019 10 26 21 00  57  7.4  7.9 99.00 99.00 99.00 999 1024.6  12.8 999.0 999.0 99.0 99.00
2019 10 26 22 00  82  6.5  7.2 99.00 99.00 99.00 999 1025.1  12.7 999.0 999.0 99.0 99.00
2019 10 26 23 00  76  5.8  6.5 99.00 99.00 99.00 999 1025.8  11.9 999.0 999.0 99.0 99.00
2019 10 27 00 00  93  5.9  6.6 99.00 99.00 99.00 999 1026.2  12.0 999.0 999.0 99.0 99.00
2019 10 27 01 00 106  6.0  6.5 99.00 99.00 99.00 999 1026.3  12.0 999.0 999.0 99.0 99.00
2019 10 27 02 00 102  6.7  7.2 99.00 99.00 99.00 999 1026.0  12.1 999.0 999.0 99.0 99.00
2019 10 27 03 00 113  6.7  7.4 99.00 99.00 99.00 999 1026.3  12.3 999.0 999.0 99.0 99.00
2019 10 27 04 00 123  7.2  7.7 99.00 99.00 99.00 999 1026.3  12.4 999.0 999.0 99.0 99.00
2019 10 27 05 00 129  6.7  7.6 99.00 99.00 99.00 999 1026.4  12.6 999.0 999.0 99.0 99.00
2019 10 27 06 00 116  6.9  7.6 99.00 99.00 99.00 999 1026.1  12.8 999.0 999.0 99.0 99.00
2019 10 27 07 00 118  7.6  8.2 99.00 99.00 99.00 999 1025.2  12.8 999.0 999.0 99.0 99.00
2019 10 27 08 00 125  8.3  8.9 99.00 99.00 99.00 999 1024.9  12.8 999.0 999.0 99.0 99.00
2019 10 27 09 00 105  8.9  9.9 99.00 99.00 99.00 999 1024.1  13.2 999.0 999.0 99.0 99.00
2019 10 27 10 00 107  9.5 10.9 99.00 99.00 99.00 999 1023.7  13.2 999.0 999.0 99.0 99.00
2019 10 27 11 00 111 10.5 11.2 99.00 99.00 99.00 999 1022.8  12.8 999.0 999.0 99.0 99.00
2019 10 27 12 00 110 12.5 13.4 99.00 99.00 99.00 999 1022.0  12.7 999.0 999.0 99.0 99.00
2019 10 27 13 00 114 13.0 14.1 99.00 99.00 99.00 999 1022.0  12.8 999.0 999.0 99.0 99.00
2019 10 27 14 00 113 15.5 16.5 99.00 99.00 99.00 999 1020.2  12.7 999.0 999.0 99.0 99.00
2019 10 27 15 00 113 15.2 16.6 99.00 99.00 99.00 999 1019.3  12.4 999.0 999.0 99.0 99.00
2019 10 27 16 00 111 14.6 16.4 99.00 99.00 99.00 999 1017.6  12.5 999.0 999.0 99.0 99.00
2019 10 27 17 00 112 15.5 18.6 99.00 99.00 99.00 999 1015.3  12.8 999.0 999.0 99.0 99.00
2019 10 27 18 00 112 17.7 19.8 99.00 99.00 99.00 999 1012.1  12.9 999.0 999.0 99.0 99.00
2019 10 27 19 00 109 16.2 18.0 99.00 99.00 99.00 999 1010.4  12.9 999.0 999.0 99.0 99.00
2019 10 27 20 00 112 17.8 20.7 99.00 99.00 99.00 999 1008.0  13.5 999.0 999.0 99.0 99.00
2019 10 27 21 00 121 17.6 19.8 99.00 99.00 99.00 999 1005.6  14.3 999.0 999.0 99.0 99.00
2019 10 27 22 00 143 12.8 14.1 99.00 99.00 99.00 999 1004.9  15.7 999.0 999.0 99.0 99.00
2019 10 27 23 00 202  5.7  6.1 99.00 99.00 99.00 999 1004.6  17.9 999.0 999.0 99.0 99.00
2019 10 28 00 00 243  7.4  7.7 99.00 99.00 99.00 999 1004.3  16.9 999.0 999.0 99.0 99.00
2019 10 28 01 00 307 13.0 13.9 99.00 99.00 99.00 999 1005.2  12.9 999.0 999.0 99.0 99.00
2019 10 28 02 00 307 14.0 16.5 99.00 99.00 99.00 999 1006.8  12.2 999.0 999.0 99.0 99.00
2019 10 28 03 00 311 13.4 15.1 99.00 99.00 99.00 999 1008.3  11.7 999.0 999.0 99.0 99.00
2019 10 28 04 00 319 13.2 15.3 99.00 99.00 99.00 999 1009.5  11.6 999.0 999.0 99.0 99.00
2019 10 28 05 00 325 11.5 12.6 99.00 99.00 99.00 999 1010.8  11.3 999.0 999.0 99.0 99.00
2019 10 28 06 00 341 13.0 14.5 99.00 99.00 99.00 999 1012.2  10.8 999.0 999.0 99.0 99.00
2019 10 28 07 00 343 12.1 12.9 99.00 99.00 99.00 999 1012.7  10.3 999.0 999.0 99.0 99.00
2019 10 28 08 00 347 11.8 12.5 99.00 99.00 99.00 999 1013.8  10.2 999.0 999.0 99.0 99.00
2019 10 28 09 00 352 11.1 12.0 99.00 99.00 99.00 999 1015.1  10.1 999.0 999.0 99.0 99.00
2019 10 28 10 00   1  8.9 10.0 99.00 99.00 99.00 999 1016.4  10.2 999.0 999.0 99.0 99.00
2019 10 28 11 00 355  8.5  9.3 99.00 99.00 99.00 999 1017.9  10.3 999.0 999.0 99.0 99.00
2019 10 28 12 00 354  8.6  9.5 99.00 99.00 99.00 999 1019.2  10.3 999.0 999.0 99.0 99.00
2019 10 28 13 00 358  8.5  9.6 99.00 99.00 99.00 999 1020.2  10.7 999.0 999.0 99.0 99.00
2019 10 28 14 00   5  8.1  8.9 99.00 99.00 99.00 999 1021.3  11.1 999.0 999.0 99.0 99.00
2019 10 28 15 00  19  8.3  9.3 99.00 99.00 99.00 999 1022.1  11.6 999.0 999.0 99.0 99.00
2019 10 28 16 00  24  9.5  9.9 99.00 99.00 99.00 999 1022.5  12.0 999.0 999.0 99.0 99.00
2019 10 28 17 00  36  9.4 10.7 99.00 99.00 99.00 999 1022.4  12.0 999.0 999.0 99.0 99.00
2019 10 28 18 00  32  8.1  8.9 99.00 99.00 99.00 999 1022.8  12.5 999.0 999.0 99.0 99.00
2019 10 28 19 00  40  8.8  9.4 99.00 99.00 99.00 999 1023.1  12.5 999.0 999.0 99.0 99.00
2019 10 28 20 00  51  8.3  8.8 99.00 99.00 99.00 999 1023.9  12.4 999.0 999.0 99.0 99.00
2019 10 28 21 00  44  8.2  9.3 99.00 99.00 99.00 999 1024.3  12.1 999.0 999.0 99.0 99.00
2019 10 28 22 00  39  7.3  8.2 99.00 99.00 99.00 999 1024.9  11.7 999.0 999.0 99.0 99.00
2019 10 28 23 00  57  7.8  8.3 99.00 99.00 99.00 999 1026.0  11.8 999.0 999.0 99.0 99.00
2019 10 29 00 00  50  7.5  8.4 99.00 99.00 99.00 999 1026.4  11.9 999.0 999.0 99.0 99.00
2019 10 29 01 00  60  7.4  8.8 99.00 99.00 99.00 999 1026.5  11.9 999.0 999.0 99.0 99.00
2019 10 29 02 00  65  8.0  8.9 99.00 99.00 99.00 999 1026.6  11.8 999.0 999.0 99.0 99.00
2019 10 29 03 00  68  6.8  8.1 99.00 99.00 99.00 999 1027.0  11.7 999.0 999.0 99.0 99.00
2019 10 29 04 00  69  6.2  7.1 99.00 99.00 99.00 999 1026.9  11.9 999.0 999.0 99.0 99.00
2019 10 29 05 00  83  7.8  8.4 99.00 99.00 99.00 999 1026.7  11.9 999.0 999.0 99.0 99.00
2019 10 29 06 00  98  8.2  8.9 99.00 99.00 99.00 999 1027.2  11.6 999.0 999.0 99.0 99.00
2019 10 29 07 00 100  5.5  6.2 99.00 99.00 99.00 999 1027.6  11.7 999.0 999.0 99.0 99.00
2019 10 29 08 00  79  4.6  5.3 99.00 99.00 99.00 999 1027.7  11.5 999.0 999.0 99.0 99.00
2019 10 29 09 00  82  5.6  6.2 99.00 99.00 99.00 999 1027.8  11.4 999.0 999.0 99.0 99.00
2019 10 29 10 00  97  4.5  5.6 99.00 99.00 99.00 999 1027.8  11.4 999.0 999.0 99.0 99.00
2019 10 29 11 00 103  3.6  4.3 99.00 99.00 99.00 999 1027.7  11.2 999.0 999.0 99.0 99.00
2019 10 29 12 00  82  4.4  4.8 99.00 99.00 99.00 999 1028.3  11.0 999.0 999.0 99.0 99.00
2019 10 29 13 00  87  5.0  5.7 99.00 99.00 99.00 999 1028.6  11.4 999.0 999.0 99.0 99.00
2019 10 29 14 00  89  6.0  6.6 99.00 99.00 99.00 999 1028.2  11.7 999.0 999.0 99.0 99.00
2019 10 29 15 00 100  5.2  5.8 99.00 99.00 99.00 999 1028.3  12.0 999.0 999.0 99.0 99.00
2019 10 29 16 00  97  6.2  6.6 99.00 99.00 99.00 999 1027.9  12.3 999.0 999.0 99.0 99.00
2019 10 29 17 00  94  5.3  5.9 99.00 99.00 99.00 999 1027.5  12.7 999.0 999.0 99.0 99.00
2019 10 29 18 00 101  4.4  4.8 99.00 99.00 99.00 999 1027.0  13.1 999.0 999.0 99.0 99.00
2019 10 29 19 00  94  4.3  5.1 99.00 99.00 99.00 999 1026.7  13.6 999.0 999.0 99.0 99.00
2019 10 29 20 00  96  5.5  5.9 99.00 99.00 99.00 999 1026.5  13.6 999.0 999.0 99.0 99.00
2019 10 29 21 00  96  5.6  6.0 99.00 99.00 99.00 999 1026.4  13.6 999.0 999.0 99.0 99.00
2019 10 29 22 00 111  6.3  6.8 99.00 99.00 99.00 999 1026.1  13.6 999.0 999.0 99.0 99.00
2019 10 29 23 00 114  5.8  6.2 99.00 99.00 99.00 999 1026.4  13.7 999.0 999.0 99.0 99.00
2019 10 30 00 00 118  5.6  6.0 99.00 99.00 99.00 999 1026.8  13.8 999.0 999.0 99.0 99.00
2019 10 30 01 00 113  7.7  8.2 99.00 99.00 99.00 999 1026.4  13.8 999.0 999.0 99.0 99.00
2019 10 30 02 00 107  7.3  8.0 99.00 99.00 99.00 999 1026.6  13.8 999.0 999.0 99.0 99.00
2019 10 30 03 00 119  8.3  9.0 99.00 99.00 99.00 999 1026.4  14.1 999.0 999.0 99.0 99.00
2019 10 30 04 00 129  8.4  8.8 99.00 99.00 99.00 999 1026.2  14.1 999.0 999.0 99.0 99.00
2019 10 30 05 00 122  6.0  6.5 99.00 99.00 99.00 999 1026.5  14.2 999.0 999.0 99.0 99.00
2019 10 30 06 00 124  6.2  6.4 99.00 99.00 99.00 999 1026.3  14.3 999.0 999.0 99.0 99.00
2019 10 30 07 00  78  3.7  4.0 99.00 99.00 99.00 999 1026.2  14.5 999.0 999.0 99.0 99.00
2019 10 30 08 00 103  3.6  3.9 99.00 99.00 99.00 999 1026.0  14.4 999.0 999.0 99.0 99.00
2019 10 30 09 00 100  2.8  3.1 99.00 99.00 99.00 999 1026.3  14.3 999.0 999.0 99.0 99.00
2019 10 30 10 00 109  1.8  2.3 99.00 99.00 99.00 999 1026.4  14.4 999.0 999.0 99.0 99.00
2019 10 30 11 00 117  5.5  6.0 99.00 99.00 99.00 999 1026.2  14.4 999.0 999.0 99.0 99.00
2019 10 30 12 00 117  5.8  6.0 99.00 99.00 99.00 999 1026.7  14.5 999.0 999.0 99.0 99.00
2019 10 30 13 00 129  6.7  7.4 99.00 99.00 99.00 999 1026.9  14.7 999.0 999.0 99.0 99.00
2019 10 30 14 00 119  5.8  6.5 99.00 99.00 99.00 999 1026.9  14.8 999.0 999.0 99.0 99.00
2019 10 30 15 00 109  5.6  6.3 99.00 99.00 99.00 999 1026.8  14.9 999.0 999.0 99.0 99.00
2019 10 30 16 00 105  6.9  7.7 99.00 99.00 99.00 999 1026.5  14.9 999.0 999.0 99.0 99.00
2019 10 30 17 00 104  7.3  7.9 99.00 99.00 99.00 999 1025.7  14.6 999.0 999.0 99.0 99.00
2019 10 30 18 00 103  6.3  6.8 99.00 99.00 99.00 999 1025.1  14.8 999.0 999.0 99.0 99.00
2019 10 30 19 00  97  7.6  8.1 99.00 99.00 99.00 999 1024.2  14.7 999.0 999.0 99.0 99.00
2019 10 30 20 00 109  9.0  9.9 99.00 99.00 99.00 999 1023.4  14.8 999.0 999.0 99.0 99.00
2019 10 30 21 00 106  6.3  7.0 99.00 99.00 99.00 999 1023.5  15.0 999.0 999.0 99.0 99.00
2019 10 30 22 00 110  6.8  7.6 99.00 99.00 99.00 999 1023.0  15.2 999.0 999.0 99.0 99.00
2019 10 30 23 00 114  6.3  6.7 99.00 99.00 99.00 999 1022.8  15.5 999.0 999.0 99.0 99.00
2019 10 31 00 00 136  6.5  6.7 99.00 99.00 99.00 999 1022.6  16.0 999.0 999.0 99.0 99.00
2019 10 31 01 00 153  5.9  6.2 99.00 99.00 99.00 999 1021.8  16.5 999.0 999.0 99.0 99.00
2019 10 31 02 00 173  7.1  7.5 99.00 99.00 99.00 999 1021.3  16.6 999.0 999.0 99.0 99.00
2019 10 31 03 00 190  7.7  8.0 99.00 99.00 99.00 999 1021.1  16.6 999.0 999.0 99.0 99.00
2019 10 31 04 00 198  6.8  7.4 99.00 99.00 99.00 999 1020.6  16.4 999.0 999.0 99.0 99.00
2019 10 31 05 00 206  8.8  9.5 99.00 99.00 99.00 999 1020.3  16.8 999.0 999.0 99.0 99.00
2019 10 31 06 00 213  8.1  8.6 99.00 99.00 99.00 999 1020.0  16.8 999.0 999.0 99.0 99.00
2019 10 31 07 00 211  7.9  8.2 99.00 99.00 99.00 999 1019.6  16.3 999.0 999.0 99.0 99.00
2019 10 31 08 00 227  6.4  7.4 99.00 99.00 99.00 999 1019.1  16.2 999.0 999.0 99.0 99.00
2019 10 31 09 00 200  5.0  5.2 99.00 99.00 99.00 999 1018.8  16.0 999.0 999.0 99.0 99.00
2019 10 31 10 00 176  5.9  6.0 99.00 99.00 99.00 999 1018.3  16.2 999.0 999.0 99.0 99.00
2019 10 31 11 00 177  8.6  9.5 99.00 99.00 99.00 999 1017.4  16.9 999.0 999.0 99.0 99.00
2019 10 31 12 00 174 11.3 12.1 99.00 99.00 99.00 999 1016.6  17.0 999.0 999.0 99.0 99.00
2019 10 31 13 00 186 11.6 12.5 99.00 99.00 99.00 999 1016.5  17.2 999.0 999.0 99.0 99.00
2019 10 31 14 00 186 12.9 13.8 99.00 99.00 99.00 999 1015.9  17.5 999.0 999.0 99.0 99.00
2019 10 31 15 00 186 12.3 13.1 99.00 99.00 99.00 999 1015.3  17.7 999.0 999.0 99.0 99.00
2019 10 31 16 00 185 13.3 13.9 99.00 99.00 99.00 999 1014.6  17.9 999.0 999.0 99.0 99.00
2019 10 31 17 00 189 12.5 13.2 99.00 99.00 99.00 999 1013.7  18.1 999.0 999.0 99.0 99.00
2019 10 31 18 00 192 13.0 13.7 99.00 99.00 99.00 999 1013.1  18.3 999.0 999.0 99.0 99.00
2019 10 31 19 00 184 12.8 13.6 99.00 99.00 99.00 999 1012.5  18.2 999.0 999.0 99.0 99.00
2019 10 31 20 00 184 12.6 13.4 99.00 99.00 99.00 999 1011.7  18.2 999.0 999.0 99.0 99.00
2019 10 31 21 00 181 12.3 13.6 99.00 99.00 99.00 999 1010.8  18.1 999.0 999.0 99.0 99.00
2019 10 31 22 00 178 14.4 15.5 99.00 99.00 99.00 999 1009.7  18.2 999.0 999.0 99.0 99.00
2019 10 31 23 00 183 14.1 15.0 99.00 99.00 99.00 999 1009.6  18.1 999.0 999.0 99.0 99.00
