#YY  MM DD hh mm WDIR WSPD GST  WVHT   DPD   APD MWD   PRES  ATMP  WTMP  DEWP  VIS  TIDE
#yr  mo dy hr mn degT m/s  m/s     m   sec   sec deg    hPa  degC  degC  degC  nmi    ft
2019 11 01 00 00 182 14.2 15.7 99.00 99.00 99.00 999 1009.0  18.4 999.0 999.0 99.0 99.00
2019 11 01 01 00 181 14.1 15.0 99.00 99.00 99.00 999 1008.3  18.5 999.0 999.0 99.0 99.00
2019 11 01 02 00 181 14.9 16.1 99.00 99.00 99.00 999 1006.8  18.9 999.0 999.0 99.0 99.00
2019 11 01 03 00 188 15.1 17.0 99.00 99.00 99.00 999 1006.2  19.2 999.0 999.0 99.0 99.00
2019 11 01 04 00 187 17.4 20.2 99.00 99.00 99.00 999 1004.7  19.5 999.0 999.0 99.0 99.00
2019 11 01 05 00 183 19.1 21.0 99.00 99.00 99.00 999 1002.7  19.6 999.0 999.0 99.0 99.00
2019 11 01 06 00 188 19.4 22.8 99.00 99.00 99.00 999 1001.5  19.7 999.0 999.0 99.0 99.00
2019 11 01 07 00 196 18.1 19.5 99.00 99.00 99.00 999 1000.7  19.3 999.0 999.0 99.0 99.00
2019 11 01 08 00 189 21.1 24.2 99.00 99.00 99.00 999  998.4  19.9 999.0 999.0 99.0 99.00
2019 11 01 09 00 262 22.4 26.6 99.00 99.00 99.00 999 1002.5  15.3 999.0 999.0 99.0 99.00
2019 11 01 10 00 251 19.0 21.9 99.00 99.00 99.00 999 1005.0  12.7 999.0 999.0 99.0 99.00
2019 11 01 11 00 257 18.7 21.3 99.00 99.00 99.00 999 1006.4  13.0 999.0 999.0 99.0 99.00
2019 11 01 12 00 269 18.3 21.0 99.00 99.00 99.00 999 1008.6  11.9 999.0 999.0 99.0 99.00
2019 11 01 13 00 267 16.9 18.1 99.00 99.00 99.00 999 1010.8  10.7 999.0 999.0 99.0 99.00
2019 11 01 14 00 265 14.7 16.2 99.00 99.00 99.00 999 1012.2  10.4 999.0 999.0 99.0 99.00
2019 11 01 15 00 258 13.5 14.6 99.00 99.00 99.00 999 1012.8  10.4 999.0 999.0 99.0 99.00
2019 11 01 16 00 261 11.5 12.5 99.00 99.00 99.00 999 1013.1  10.8 999.0 999.0 99.0 99.00
2019 11 01 17 00 265 12.4 14.2 99.00 99.00 99.00 999 1013.6  11.6 999.0 999.0 99.0 99.00
2019 11 01 18 00 270 11.0 13.0 99.00 99.00 99.00 999 1014.4  12.4 999.0 999.0 99.0 99.00
2019 11 01 19 00 270  9.0 10.2 99.00 99.00 99.00 999 1015.5  13.2 999.0 999.0 99.0 99.00
2019 11 01 20 00 271 10.3 11.2 99.00 99.00 99.00 999 1016.5  13.6 999.0 999.0 99.0 99.00
2019 11 01 21 00 290 10.7 11.4 99.00 99.00 99.00 999 1017.4  13.7 999.0 999.0 99.0 99.00
2019 11 01 22 00 308 10.9 11.8 99.00 99.00 99.00 999 1018.5  13.3 999.0 999.0 99.0 99.00
2019 11 01 23 00 316 11.8 12.9 99.00 99.00 99.00 999 1019.9  11.9 999.0 999.0 99.0 99.00
2019 11 02 00 00 318 10.7 11.9 99.00 99.00 99.00 999 1021.3  10.9 999.0 999.0 99.0 99.00
2019 11 02 01 00 335 10.6 12.0 99.00 99.00 99.00 999 1021.8   9.8 999.0 999.0 99.0 99.00
2019 11 02 02 00 330  9.8 10.9 99.00 99.00 99.00 999 1022.9   8.7 999.0 999.0 99.0 99.00
2019 11 02 03 00 335 11.2 12.5 99.00 99.00 99.00 999 1022.6   7.9 999.0 999.0 99.0 99.00
2019 11 02 04 00 330  9.8 10.8 99.00 99.00 99.00 999 1022.7   7.4 999.0 999.0 99.0 99.00
2019 11 02 05 00 339 10.8 12.6 99.00 99.00 99.00 999 1023.0   7.1 999.0 999.0 99.0 99.00
2019 11 02 06 00 335  9.6 10.8 99.00 99.00 99.00 999 1023.1   6.9 999.0 999.0 99.0 99.00
2019 11 02 07 00 346  8.1  9.1 99.00 99.00 99.00 999 1023.3   6.6 999.0 999.0 99.0 99.00
2019 11 02 08 00 342  6.8  7.8 99.00 99.00 99.00 999 1023.4   6.4 999.0 999.0 99.0 99.00
2019 11 02 09 00   1  7.5  8.2 99.00 99.00 99.00 999 1024.1   5.9 999.0 999.0 99.0 99.00
2019 11 02 10 00   3  6.6  7.3 99.00 99.00 99.00 999 1024.2   5.9 999.0 999.0 99.0 99.00
2019 11 02 11 00   3  6.1  6.8 99.00 99.00 99.00 999 1024.1   5.6 999.0 999.0 99.0 99.00
2019 11 02 12 00   1  4.5  5.6 99.00 99.00 99.00 999 1024.6   5.6 999.0 999.0 99.0 99.00
2019 11 02 13 00   0  3.6  4.7 99.00 99.00 99.00 999 1024.9   5.8 999.0 999.0 99.0 99.00
2019 11 02 14 00  11  3.3  4.4 99.00 99.00 99.00 999 1024.4   5.7 999.0 999.0 99.0 99.00
2019 11 02 15 00   4  1.4  1.7 99.00 99.00 99.00 999 1024.4   6.6 999.0 999.0 99.0 99.00
2019 11 02 16 00   0  0.0  0.0 99.00 99.00 99.00 999 1023.5   8.0 999.0 999.0 99.0 99.00
2019 11 02 17 00 269  0.6  0.9 99.00 99.00 99.00 999 1022.5   7.7 999.0 999.0 99.0 99.00
2019 11 02 18 00 194  0.2  0.7 99.00 99.00 99.00 999 1021.5   8.1 999.0 999.0 99.0 99.00
2019 11 02 19 00 203  1.6  2.2 99.00 99.00 99.00 999 1020.9   7.7 999.0 999.0 99.0 99.00
2019 11 02 20 00 164  0.4  0.8 99.00 99.00 99.00 999 1020.0   8.5 999.0 999.0 99.0 99.00
2019 11 02 21 00 220  0.8  1.2 99.00 99.00 99.00 999 1019.4   8.4 999.0 999.0 99.0 99.00
2019 11 02 22 00 152  2.1  2.4 99.00 99.00 99.00 999 1019.3   8.2 999.0 999.0 99.0 99.00
2019 11 02 23 00 182  2.4  3.1 99.00 99.00 99.00 999 1018.9   8.7 999.0 999.0 99.0 99.00
2019 11 03 00 00 186  1.8  2.3 99.00 99.00 99.00 999 1018.3   9.1 999.0 999.0 99.0 99.00
2019 11 03 01 00 162  1.6  2.0 99.00 99.00 99.00 999 1017.8   9.5 999.0 999.0 99.0 99.00
2019 11 03 02 00 187  0.6  0.9 99.00 99.00 99.00 999 1017.6   9.7 999.0 999.0 99.0 99.00
2019 11 03 03 00 224  1.0  1.2 99.00 99.00 99.00 999 1017.3  10.0 999.0 999.0 99.0 99.00
2019 11 03 04 00 275  4.5  6.0 99.00 99.00 99.00 999 1016.7  10.4 999.0 999.0 99.0 99.00
2019 11 03 05 00 292  6.4  7.9 99.00 99.00 99.00 999 1016.2  10.7 999.0 999.0 99.0 99.00
2019 11 03 06 00 306  8.3  9.5 99.00 99.00 99.00 999 1015.6  10.2 999.0 999.0 99.0 99.00
2019 11 03 07 00 322  9.2 11.4 99.00 99.00 99.00 999 1015.3   9.7 999.0 999.0 99.0 99.00
2019 11 03 08 00 315  9.2 10.0 99.00 99.00 99.00 999 1015.2   9.8 999.0 999.0 99.0 99.00
2019 11 03 09 00 297  7.3  8.2 99.00 99.00 99.00 999 1015.8   9.6 999.0 999.0 99.0 99.00
2019 11 03 10 00 313  6.6  7.4 99.00 99.00 99.00 999 1016.2   8.7 999.0 999.0 99.0 99.00
2019 11 03 11 00 318  6.0  6.6 99.00 99.00 99.00 999 1016.3   8.8 999.0 999.0 99.0 99.00
2019 11 03 12 00 314  4.9  5.5 99.00 99.00 99.00 999 1016.8   9.4 999.0 999.0 99.0 99.00
2019 11 03 13 00 306  6.7  7.3 99.00 99.00 99.00 999 1017.4   9.9 999.0 999.0 99.0 99.00
2019 11 03 14 00 306  7.7  8.2 99.00 99.00 99.00 999 1018.0   9.7 999.0 999.0 99.0 99.00
2019 11 03 15 00 298  6.7  8.0 99.00 99.00 99.00 999 1018.4  10.3 999.0 999.0 99.0 99.00
2019 11 03 16 00 268  5.2  6.4 99.00 99.00 99.00 999 1018.4   9.7 999.0 999.0 99.0 99.00
2019 11 03 17 00 253  4.2  4.8 99.00 99.00 99.00 999 1017.8  10.3 999.0 999.0 99.0 99.00
2019 11 03 18 00 232  7.6  8.3 99.00 99.00 99.00 999 1017.6  10.5 999.0 999.0 99.0 99.00
2019 11 03 19 00 246  7.8  8.4 99.00 99.00 99.00 999 1017.5  10.7 999.0 999.0 99.0 99.00
2019 11 03 20 00 247  7.9  8.8 99.00 99.00 99.00 999 1017.8  11.2 999.0 999.0 99.0 99.00
2019 11 03 21 00 252  8.0  9.1 99.00 99.00 99.00 999 1018.2  11.3 999.0 999.0 99.0 99.00
2019 11 03 22 00 320  8.1  9.0 99.00 99.00 99.00 999 1018.9  11.3 999.0 999.0 99.0 99.00
2019 11 03 23 00 314  6.5  6.9 99.00 99.00 99.00 999 1020.2  10.9 999.0 999.0 99.0 99.00
2019 11 04 00 00 309  7.2  8.1 99.00 99.00 99.00 999 1021.1  10.9 999.0 999.0 99.0 99.00
2019 11 04 01 00 309  4.9  5.9 99.00 99.00 99.00 999 1021.6  10.5 999.0 999.0 99.0 99.00
2019 11 04 02 00 311  5.9  6.3 99.00 99.00 99.00 999 1022.5  10.3 999.0 999.0 99.0 99.00
2019 11 04 03 00 324  5.0  5.4 99.00 99.00 99.00 999 1022.8  10.3 999.0 999.0 99.0 99.00
2019 11 04 04 00 340  6.1  6.6 99.00 99.00 99.00 999 1023.1   9.9 999.0 999.0 99.0 99.00
2019 11 04 05 00 328  8.4  9.3 99.00 99.00 99.00 999 1023.9   9.3 999.0 999.0 99.0 99.00
2019 11 04 06 00 336  8.8  9.6 99.00 99.00 99.00 999 1024.6   8.5 999.0 999.0 99.0 99.00
2019 11 04 07 00 324  9.4 10.3 99.00 99.00 99.00 999 1025.2   8.1 999.0 999.0 99.0 99.00
2019 11 04 08 00 324  7.8  9.7 99.00 99.00 99.00 999 1026.1   7.7 999.0 999.0 99.0 99.00
2019 11 04 09 00 321  9.4 10.6 99.00 99.00 99.00 999 1026.4   7.5 999.0 999.0 99.0 99.00
2019 11 04 10 00 331  7.8  8.4 99.00 99.00 99.00 999 1027.1   6.7 999.0 999.0 99.0 99.00
2019 11 04 11 00 336  4.7  5.4 99.00 99.00 99.00 999 1027.7   6.9 999.0 999.0 99.0 99.00
2019 11 04 12 00 325  3.8  4.7 99.00 99.00 99.00 999 1028.3   7.5 999.0 999.0 99.0 99.00
2019 11 04 13 00 333  4.1  4.8 99.00 99.00 99.00 999 1028.9   7.3 999.0 999.0 99.0 99.00
2019 11 04 14 00 333  4.4  5.6 99.00 99.00 99.00 999 1029.5   7.7 999.0 999.0 99.0 99.00
2019 11 04 15 00 330  1.7  3.1 99.00 99.00 99.00 999 1029.6   8.6 999.0 999.0 99.0 99.00
2019 11 04 16 00 279  1.2  1.4 99.00 99.00 99.00 999 1029.4   8.7 999.0 999.0 99.0 99.00
2019 11 04 17 00 199  2.7  3.2 99.00 99.00 99.00 999 1029.1   8.6 999.0 999.0 99.0 99.00
2019 11 04 18 00 213  4.3  4.8 99.00 99.00 99.00 999 1028.7   8.8 999.0 999.0 99.0 99.00
2019 11 04 19 00 201  5.6  6.2 99.00 99.00 99.00 999 1028.4   9.3 999.0 999.0 99.0 99.00
2019 11 04 20 00 203  4.5  5.0 99.00 99.00 99.00 999 1028.5   9.6 999.0 999.0 99.0 99.00
2019 11 04 21 00 199  5.6  7.5 99.00 99.00 99.00 999 1028.4   9.8 999.0 999.0 99.0 99.00
2019 11 04 22 00 205  7.1  8.5 99.00 99.00 99.00 999 1028.4  10.1 999.0 999.0 99.0 99.00
2019 11 04 23 00 206  6.6  7.6 99.00 99.00 99.00 999 1028.6  10.5 999.0 999.0 99.0 99.00
2019 11 05 00 00 201  8.0  9.4 99.00 99.00 99.00 999 1028.4  11.1 999.0 999.0 99.0 99.00
2019 11 05 01 00 177  7.9  8.8 99.00 99.00 99.00 999 1027.8  11.6 999.0 999.0 99.0 99.00
2019 11 05 02 00 180 10.6 11.1 99.00 99.00 99.00 999 1027.4  12.3 999.0 999.0 99.0 99.00
2019 11 05 03 00 186  8.9 10.0 99.00 99.00 99.00 999 1027.5  13.0 999.0 999.0 99.0 99.00
2019 11 05 04 00 190  9.7 10.8 99.00 99.00 99.00 999 1026.9  13.6 999.0 999.0 99.0 99.00
2019 11 05 05 00 186  9.8 10.7 99.00 99.00 99.00 999 1026.8  13.9 999.0 999.0 99.0 99.00
2019 11 05 06 00 198  8.5  9.4 99.00 99.00 99.00 999 1026.8  14.4 999.0 999.0 99.0 99.00
2019 11 05 07 00 175  8.4  9.0 99.00 99.00 99.00 999 1026.1  14.5 999.0 999.0 99.0 99.00
2019 11 05 08 00 167  9.9 10.6 99.00 99.00 99.00 999 1024.9  14.7 999.0 999.0 99.0 99.00
2019 11 05 09 00 161  9.6 10.2 99.00 99.00 99.00 999 1024.7  14.6 999.0 999.0 99.0 99.00
2019 11 05 10 00 260  7.7  8.8 99.00 99.00 99.00 999 1025.8  13.1 999.0 999.0 99.0 99.00
2019 11 05 11 00 257  4.2  4.5 99.00 99.00 99.00 999 1025.6  13.5 999.0 999.0 99.0 99.00
2019 11 05 12 00 253  2.9  3.2 99.00 99.00 99.00 999 1025.7  13.9 999.0 999.0 99.0 99.00
2019 11 05 13 00 227  0.9  1.0 99.00 99.00 99.00 999 1025.8  13.8 999.0 999.0 99.0 99.00
2019 11 05 14 00 160  3.7  3.9 99.00 99.00 99.00 999 1025.5  14.0 999.0 999.0 99.0 99.00
2019 11 05 15 00 150  5.2  5.6 99.00 99.00 99.00 999 1025.1  13.9 999.0 999.0 99.0 99.00
2019 11 05 16 00 124  5.9  6.5 99.00 99.00 99.00 999 1023.8  13.8 999.0 999.0 99.0 99.00
2019 11 05 17 00 127  4.6  5.1 99.00 99.00 99.00 999 1022.4  13.9 999.0 999.0 99.0 99.00
2019 11 05 18 00 118  6.2  6.9 99.00 99.00 99.00 999 1020.7  13.6 999.0 999.0 99.0 99.00
2019 11 05 19 00 176  6.5  7.2 99.00 99.00 99.00 999 1020.3  14.9 999.0 999.0 99.0 99.00
2019 11 05 20 00 222  8.5  9.6 99.00 99.00 99.00 999 1019.6  15.0 999.0 999.0 99.0 99.00
2019 11 05 21 00 216 10.0 11.3 99.00 99.00 99.00 999 1019.4  15.0 999.0 999.0 99.0 99.00
2019 11 05 22 00 219 10.1 11.1 99.00 99.00 99.00 999 1019.1  15.0 999.0 999.0 99.0 99.00
2019 11 05 23 00 241  9.1  9.7 99.00 99.00 99.00 999 1018.9  15.2 999.0 999.0 99.0 99.00
2019 11 06 00 00 251  7.9  8.3 99.00 99.00 99.00 999 1019.2  14.8 999.0 999.0 99.0 99.00
2019 11 06 01 00 252  7.7  8.4 99.00 99.00 99.00 999 1019.1  14.6 999.0 999.0 99.0 99.00
2019 11 06 02 00 266  9.9 10.8 99.00 99.00 99.00 999 1019.6  14.4 999.0 999.0 99.0 99.00
2019 11 06 03 00 278 10.8 12.5 99.00 99.00 99.00 999 1019.8  14.2 999.0 999.0 99.0 99.00
2019 11 06 04 00 281 10.4 11.3 99.00 99.00 99.00 999 1019.9  13.6 999.0 999.0 99.0 99.00
2019 11 06 05 00 300 10.7 11.9 99.00 99.00 99.00 999 1020.5  12.6 999.0 999.0 99.0 99.00
2019 11 06 06 00 317 10.2 11.7 99.00 99.00 99.00 999 1021.2  11.6 999.0 999.0 99.0 99.00
2019 11 06 07 00 320 10.0 10.9 99.00 99.00 99.00 999 1022.1  10.4 999.0 999.0 99.0 99.00
2019 11 06 08 00 323  8.9 10.2 99.00 99.00 99.00 999 1022.6   9.9 999.0 999.0 99.0 99.00
2019 11 06 09 00 310 10.5 11.9 99.00 99.00 99.00 999 1023.5   9.3 999.0 999.0 99.0 99.00
2019 11 06 10 00 323  8.1  9.2 99.00 99.00 99.00 999 1024.3   9.0 999.0 999.0 99.0 99.00
2019 11 06 11 00 317  9.1 10.2 99.00 99.00 99.00 999 1025.6   8.4 999.0 999.0 99.0 99.00
2019 11 06 12 00 316  9.6 10.3 99.00 99.00 99.00 999 1027.0   8.5 999.0 999.0 99.0 99.00
2019 11 06 13 00 293  8.5  9.6 99.00 99.00 99.00 999 1027.7   9.1 999.0 999.0 99.0 99.00
2019 11 06 14 00 313  7.2  8.4 99.00 99.00 99.00 999 1028.1   8.7 999.0 999.0 99.0 99.00
2019 11 06 15 00 312  7.3  8.1 99.00 99.00 99.00 999 1028.1   8.9 999.0 999.0 99.0 99.00
2019 11 06 16 00 280  6.7  7.5 99.00 99.00 99.00 999 1028.0   9.1 999.0 999.0 99.0 99.00
2019 11 06 17 00 277  9.0 10.5 99.00 99.00 99.00 999 1027.2   9.3 999.0 999.0 99.0 99.00
2019 11 06 18 00 276  7.3  7.9 99.00 99.00 99.00 999 1027.0   9.9 999.0 999.0 99.0 99.00
2019 11 06 19 00 242  6.4  7.1 99.00 99.00 99.00 999 1026.8  10.0 999.0 999.0 99.0 99.00
2019 11 06 20 00 250  7.8  8.8 99.00 99.00 99.00 999 1027.0  10.3 999.0 999.0 99.0 99.00
2019 11 06 21 00 252  6.9  7.6 99.00 99.00 99.00 999 1026.8  10.7 999.0 999.0 99.0 99.00
2019 11 06 22 00 298  4.3  5.3 99.00 99.00 99.00 999 1027.2  11.0 999.0 999.0 99.0 99.00
2019 11 06 23 00 283  5.3  5.8 99.00 99.00 99.00 999 1027.6  11.1 999.0 999.0 99.0 99.00
2019 11 07 00 00 267  6.2  7.8 99.00 99.00 99.00 999 1028.5  11.2 999.0 999.0 99.0 99.00
2019 11 07 01 00 279  5.0  5.8 99.00 99.00 99.00 999 1028.4  11.2 999.0 999.0 99.0 99.00
2019 11 07 02 00 268  4.8  5.5 99.00 99.00 99.00 999 1028.6  11.3 999.0 999.0 99.0 99.00
2019 11 07 03 00 274  5.9  6.8 99.00 99.00 99.00 999 1028.6  11.2 999.0 999.0 99.0 99.00
2019 11 07 04 00 261  5.3  5.8 99.00 99.00 99.00 999 1028.0  11.2 999.0 999.0 99.0 99.00
2019 11 07 05 00 247  3.9  4.6 99.00 99.00 99.00 999 1027.8  11.4 999.0 999.0 99.0 99.00
2019 11 07 06 00 231  5.7  6.4 99.00 99.00 99.00 999 1027.2  11.5 999.0 999.0 99.0 99.00
2019 11 07 07 00 234  8.1  8.9 99.00 99.00 99.00 999 1027.0  12.0 999.0 999.0 99.0 99.00
2019 11 07 08 00 232  7.9  9.0 99.00 99.00 99.00 999 1026.3  12.0 999.0 999.0 99.0 99.00
2019 11 07 09 00 239  7.9  9.5 99.00 99.00 99.00 999 1026.0  12.1 999.0 999.0 99.0 99.00
2019 11 07 10 00 230  7.8  8.6 99.00 99.00 99.00 999 1025.6  12.1 999.0 999.0 99.0 99.00
2019 11 07 11 00 237  4.9  5.6 99.00 99.00 99.00 999 1024.8  12.1 999.0 999.0 99.0 99.00
2019 11 07 12 00 213 10.0 10.9 99.00 99.00 99.00 999 1024.6  12.7 999.0 999.0 99.0 99.00
2019 11 07 13 00 208  9.2 10.0 99.00 99.00 99.00 999 1023.6  12.9 999.0 999.0 99.0 99.00
2019 11 07 14 00 206 10.7 11.3 99.00 99.00 99.00 999 1022.5  13.1 999.0 999.0 99.0 99.00
2019 11 07 15 00 201 12.7 13.8 99.00 99.00 99.00 999 1021.3  13.4 999.0 999.0 99.0 99.00
2019 11 07 16 00 221 13.5 15.2 99.00 99.00 99.00 999 1021.3  13.8 999.0 999.0 99.0 99.00
2019 11 07 17 00 231 12.6 14.2 99.00 99.00 99.00 999 1019.9  13.7 999.0 999.0 99.0 99.00
2019 11 07 18 00 232 11.5 12.7 99.00 99.00 99.00 999 1018.6  13.6 999.0 999.0 99.0 99.00
2019 11 07 19 00 225 10.9 12.3 99.00 99.00 99.00 999 1017.5  13.9 999.0 999.0 99.0 99.00
2019 11 07 20 00 236 10.0 11.3 99.00 99.00 99.00 999 1016.7  13.9 999.0 999.0 99.0 99.00
2019 11 07 21 00 237  9.3  9.8 99.00 99.00 99.00 999 1016.2  13.9 999.0 999.0 99.0 99.00
2019 11 07 22 00 234  8.8  9.5 99.00 99.00 99.00 999 1015.0  14.0 999.0 999.0 99.0 99.00
2019 11 07 23 00 241  9.5 10.2 99.00 99.00 99.00 999 1014.7  14.1 999.0 999.0 99.0 99.00
2019 11 08 00 00 245 11.0 11.6 99.00 99.00 99.00 999 1014.3  14.1 999.0 999.0 99.0 99.00
2019 11 08 01 00 260 11.1 12.7 99.00 99.00 99.00 999 1014.1  13.5 999.0 999.0 99.0 99.00
2019 11 08 02 00 317 10.0 10.6 99.00 99.00 99.00 999 1014.4   9.8 999.0 999.0 99.0 99.00
2019 11 08 03 00 319  6.8  7.6 99.00 99.00 99.00 999 1013.9   8.8 999.0 999.0 99.0 99.00
2019 11 08 04 00 322  7.5  8.0 99.00 99.00 99.00 999 1013.1   8.4 999.0 999.0 99.0 99.00
2019 11 08 05 00 336 10.0 10.8 99.00 99.00 99.00 999 1013.4   7.0 999.0 999.0 99.0 99.00
2019 11 08 06 00 340  9.5 10.1 99.00 99.00 99.00 999 1013.0   6.5 999.0 999.0 99.0 99.00
2019 11 08 07 00 356  9.7 10.6 99.00 99.00 99.00 999 1012.9   5.7 999.0 999.0 99.0 99.00
2019 11 08 08 00 348 11.5 12.7 99.00 99.00 99.00 999 1013.3   5.0 999.0 999.0 99.0 99.00
2019 11 08 09 00 352 11.1 12.9 99.00 99.00 99.00 999 1013.8   3.8 999.0 999.0 99.0 99.00
2019 11 08 10 00 345 10.6 12.4 99.00 99.00 99.00 999 1014.2   3.4 999.0 999.0 99.0 99.00
2019 11 08 11 00 338  9.9 11.0 99.00 99.00 99.00 999 1014.9   2.9 999.0 999.0 99.0 99.00
2019 11 08 12 00 326 13.4 14.2 99.00 99.00 99.00 999 1015.4   2.2 999.0 999.0 99.0 99.00
2019 11 08 13 00 318 12.6 13.9 99.00 99.00 99.00 999 1016.1   1.7 999.0 999.0 99.0 99.00
2019 11 08 14 00 313 16.5 18.5 99.00 99.00 99.00 999 1016.1   1.2 999.0 999.0 99.0 99.00
2019 11 08 15 00 320 12.6 14.9 99.00 99.00 99.00 999 1016.7   1.1 999.0 999.0 99.0 99.00
2019 11 08 16 00 323 14.4 15.2 99.00 99.00 99.00 999 1016.5   1.9 999.0 999.0 99.0 99.00
2019 11 08 17 00 337 13.6 15.1 99.00 99.00 99.00 999 1016.1   1.3 999.0 999.0 99.0 99.00
2019 11 08 18 00 328 15.1 17.0 99.00 99.00 99.00 999 1016.6   1.2 999.0 999.0 99.0 99.00
2019 11 08 19 00 322 14.0 16.2 99.00 99.00 99.00 999 1017.1   1.7 999.0 999.0 99.0 99.00
2019 11 08 20 00 317 14.3 16.7 99.00 99.00 99.00 999 1018.0   1.5 999.0 999.0 99.0 99.00
2019 11 08 21 00 319 11.6 14.2 99.00 99.00 99.00 999 1019.1   1.5 999.0 999.0 99.0 99.00
2019 11 08 22 00 325 12.1 14.9 99.00 99.00 99.00 999 1020.2   1.1 999.0 999.0 99.0 99.00
2019 11 08 23 00 323 11.2 13.4 99.00 99.00 99.00 999 1021.4   0.9 999.0 999.0 99.0 99.00
2019 11 09 00 00 337 11.7 13.3 99.00 99.00 99.00 999 1022.3   1.0 999.0 999.0 99.0 99.00
2019 11 09 01 00 330 12.4 15.2 99.00 99.00 99.00 999 1022.9   0.7 999.0 999.0 99.0 99.00
2019 11 09 02 00 334 11.4 13.8 99.00 99.00 99.00 999 1023.7   0.3 999.0 999.0 99.0 99.00
2019 11 09 03 00 335 12.0 13.6 99.00 99.00 99.00 999 1024.1   0.2 999.0 999.0 99.0 99.00
2019 11 09 04 00 334 11.5 14.1 99.00 99.00 99.00 999 1024.7   0.0 999.0 999.0 99.0 99.00
2019 11 09 05 00 339 11.0 13.0 99.00 99.00 99.00 999 1025.3   0.2 999.0 999.0 99.0 99.00
2019 11 09 06 00 324 10.8 11.7 99.00 99.00 99.00 999 1025.5  -0.3 999.0 999.0 99.0 99.00
2019 11 09 07 00 333 10.9 12.9 99.00 99.00 99.00 999 1025.6  -0.3 999.0 999.0 99.0 99.00
2019 11 09 08 00 343  9.7 11.0 99.00 99.00 99.00 999 1025.6  -0.4 999.0 999.0 99.0 99.00
2019 11 09 09 00 335  9.0 10.1 99.00 99.00 99.00 999 1025.8  -0.9 999.0 999.0 99.0 99.00
2019 11 09 10 00 341  7.1  8.2 99.00 99.00 99.00 999 1026.5  -0.6 999.0 999.0 99.0 99.00
2019 11 09 11 00 340  8.2  9.8 99.00 99.00 99.00 999 1027.2  -0.8 999.0 999.0 99.0 99.00
2019 11 09 12 00 345  6.5  7.6 99.00 99.00 99.00 999 1027.7  -0.6 999.0 999.0 99.0 99.00
2019 11 09 13 00 347  4.4  5.6 99.00 99.00 99.00 999 1028.3  -0.5 999.0 999.0 99.0 99.00
2019 11 09 14 00 346  4.1  5.0 99.00 99.00 99.00 999 1028.1  -0.3 999.0 999.0 99.0 99.00
2019 11 09 15 00 320  2.0  2.8 99.00 99.00 99.00 999 1028.0   0.4 999.0 999.0 99.0 99.00
2019 11 09 16 00 326  0.8  1.7 99.00 99.00 99.00 999 1027.4   1.5 999.0 999.0 99.0 99.00
2019 11 09 17 00 248  5.0  6.2 99.00 99.00 99.00 999 1026.5   1.3 999.0 999.0 99.0 99.00
2019 11 09 18 00 251  3.7  5.1 99.00 99.00 99.00 999 1026.0   1.9 999.0 999.0 99.0 99.00
2019 11 09 19 00 222  5.9  7.2 99.00 99.00 99.00 999 1025.4   2.4 999.0 999.0 99.0 99.00
2019 11 09 20 00 244  5.9  6.8 99.00 99.00 99.00 999 1025.1   3.0 999.0 999.0 99.0 99.00
2019 11 09 21 00 202  6.5  8.2 99.00 99.00 99.00 999 1024.6   3.5 999.0 999.0 99.0 99.00
2019 11 09 22 00 204  7.2  7.8 99.00 99.00 99.00 999 1024.3   4.0 999.0 999.0 99.0 99.00
2019 11 09 23 00 211  8.3  9.2 99.00 99.00 99.00 999 1024.2   4.6 999.0 999.0 99.0 99.00
2019 11 10 00 00 221  7.7  9.2 99.00 99.00 99.00 999 1024.1   5.3 999.0 999.0 99.0 99.00
2019 11 10 01 00 218  6.4  7.8 99.00 99.00 99.00 999 1023.7   5.6 999.0 999.0 99.0 99.00
2019 11 10 02 00 205  9.0 10.7 99.00 99.00 99.00 999 1023.3   6.4 999.0 999.0 99.0 99.00
2019 11 10 03 00 216  7.0  7.6 99.00 99.00 99.00 999 1023.0   6.8 999.0 999.0 99.0 99.00
2019 11 10 04 00 234  7.7  9.0 99.00 99.00 99.00 999 1022.3   7.2 999.0 999.0 99.0 99.00
2019 11 10 05 00 226  7.9  9.6 99.00 99.00 99.00 999 1022.0   7.5 999.0 999.0 99.0 99.00
2019 11 10 06 00 229 10.1 12.3 99.00 99.00 99.00 999 1021.1   7.9 999.0 999.0 99.0 99.00
2019 11 10 07 00 330  5.6  6.4 99.00 99.00 99.00 999 1020.8   6.5 999.0 999.0 99.0 99.00
2019 11 10 08 00 241  8.9 10.3 99.00 99.00 99.00 999 1020.1   8.7 999.0 999.0 99.0 99.00
2019 11 10 09 00 265 10.6 12.3 99.00 99.00 99.00 999 1019.9   8.0 999.0 999.0 99.0 99.00
2019 11 10 10 00 285  8.2  9.4 99.00 99.00 99.00 999 1020.1   7.1 999.0 999.0 99.0 99.00
2019 11 10 11 00 271  7.2  8.2 99.00 99.00 99.00 999 1020.2   6.8 999.0 999.0 99.0 99.00
2019 11 10 12 00 261  5.7  6.5 99.00 99.00 99.00 999 1020.5   7.0 999.0 999.0 99.0 99.00
2019 11 10 13 00 248  4.2  5.3 99.00 99.00 99.00 999 1020.5   7.3 999.0 999.0 99.0 99.00
2019 11 10 14 00 254  4.0  4.6 99.00 99.00 99.00 999 1020.4   7.2 999.0 999.0 99.0 99.00
2019 11 10 15 00 238  9.0 10.3 99.00 99.00 99.00 999 1019.2   8.6 999.0 999.0 99.0 99.00
2019 11 10 16 00 235  8.5 10.0 99.00 99.00 99.00 999 1018.5   8.9 999.0 999.0 99.0 99.00
2019 11 10 17 00 227 10.8 12.0 99.00 99.00 99.00 999 1017.7   9.7 999.0 999.0 99.0 99.00
2019 11 10 18 00 225 10.7 13.1 99.00 99.00 99.00 999 1016.4   9.9 999.0 999.0 99.0 99.00
2019 11 10 19 00 240 12.1 13.0 99.00 99.00 99.00 999 1016.4  10.0 999.0 999.0 99.0 99.00
2019 11 10 20 00 241 11.3 12.3 99.00 99.00 99.00 999 1016.4  10.5 999.0 999.0 99.0 99.00
2019 11 10 21 00 235 10.9 12.4 99.00 99.00 99.00 999 1016.1  10.9 999.0 999.0 99.0 99.00
2019 11 10 22 00 234 11.5 12.6 99.00 99.00 99.00 999 1016.2  11.4 999.0 999.0 99.0 99.00
2019 11 10 23 00 243 10.0 11.6 99.00 99.00 99.00 999 1016.4  11.5 999.0 999.0 99.0 99.00
2019 11 11 00 00 244 11.0 11.8 99.00 99.00 99.00 999 1016.5  11.5 999.0 999.0 99.0 99.00
2019 11 11 01 00 259 10.8 12.6 99.00 99.00 99.00 999 1016.9  11.5 999.0 999.0 99.0 99.00
2019 11 11 02 00 284  8.5  9.2 99.00 99.00 99.00 999 1017.9  10.9 999.0 999.0 99.0 99.00
2019 11 11 03 00 282  9.6 11.2 99.00 99.00 99.00 999 1018.4  10.7 999.0 999.0 99.0 99.00
2019 11 11 04 00 291  8.3  9.5 99.00 99.00 99.00 999 1018.5  10.2 999.0 999.0 99.0 99.00
2019 11 11 05 00 290  5.6  6.1 99.00 99.00 99.00 999 1018.5  10.2 999.0 999.0 99.0 99.00
2019 11 11 06 00 286  6.3  6.8 99.00 99.00 99.00 999 1019.1  10.2 999.0 999.0 99.0 99.00
2019 11 11 07 00 260  4.9  5.6 99.00 99.00 99.00 999 1019.1  10.4 999.0 999.0 99.0 99.00
2019 11 11 08 00 258  6.4  7.0 99.00 99.00 99.00 999 1018.9  10.9 999.0 999.0 99.0 99.00
2019 11 11 09 00 234  5.3  5.9 99.00 99.00 99.00 999 1019.4  11.4 999.0 999.0 99.0 99.00
2019 11 11 10 00 220  5.1  5.7 99.00 99.00 99.00 999 1019.5  11.7 999.0 999.0 99.0 99.00
2019 11 11 11 00 215  5.6  5.9 99.00 99.00 99.00 999 1019.9  12.2 999.0 999.0 99.0 99.00
2019 11 11 12 00 187  6.0  6.9 99.00 99.00 99.00 999 1020.0  12.4 999.0 999.0 99.0 99.00
2019 11 11 13 00 182  6.8  7.4 99.00 99.00 99.00 999 1020.2  12.7 999.0 999.0 99.0 99.00
2019 11 11 14 00 184  6.9  7.3 99.00 99.00 99.00 999 1020.5  13.3 999.0 999.0 99.0 99.00
2019 11 11 15 00 190  6.4  6.7 99.00 99.00 99.00 999 1020.8  13.7 999.0 999.0 99.0 99.00
2019 11 11 16 00 191  6.6  7.0 99.00 99.00 99.00 999 1020.3  14.1 999.0 999.0 99.0 99.00
2019 11 11 17 00 183  5.9  6.2 99.00 99.00 99.00 999 1019.6  14.1 999.0 999.0 99.0 99.00
2019 11 11 18 00 177  5.5  5.8 99.00 99.00 99.00 999 1019.0  14.2 999.0 999.0 99.0 99.00
2019 11 11 19 00 172  6.2  6.4 99.00 99.00 99.00 999 1018.4  14.4 999.0 999.0 99.0 99.00
2019 11 11 20 00 164  6.1  6.2 99.00 99.00 99.00 999 1018.3  14.3 999.0 999.0 99.0 99.00
2019 11 11 21 00 154  6.7  7.0 99.00 99.00 99.00 999 1017.4  14.2 999.0 999.0 99.0 99.00
2019 11 11 22 00 158  7.9  8.3 99.00 99.00 99.00 999 1016.8  14.2 999.0 999.0 99.0 99.00
2019 11 11 23 00 166  8.9  9.2 99.00 99.00 99.00 999 1016.1  14.6 999.0 999.0 99.0 99.00
2019 11 12 00 00 178  8.9  9.3 99.00 99.00 99.00 999 1015.6  14.7 999.0 999.0 99.0 99.00
2019 11 12 01 00 184  6.5  7.2 99.00 99.00 99.00 999 1015.2  14.6 999.0 999.0 99.0 99.00
2019 11 12 02 00 176  6.1  6.3 99.00 99.00 99.00 999 1014.7  14.6 999.0 999.0 99.0 99.00
2019 11 12 03 00 175  4.3  4.7 99.00 99.00 99.00 999 1013.5  14.6 999.0 999.0 99.0 99.00
2019 11 12 04 00 170  2.5  2.7 99.00 99.00 99.00 999 1012.7  14.3 999.0 999.0 99.0 99.00
2019 11 12 05 00 203  4.5  4.7 99.00 99.00 99.00 999 1012.1  14.4 999.0 999.0 99.0 99.00
2019 11 12 06 00 218 13.3 14.5 99.00 99.00 99.00 999 1010.4  16.0 999.0 999.0 99.0 99.00
2019 11 12 07 00 213 10.6 11.1 99.00 99.00 99.00 999 1009.7  15.3 999.0 999.0 99.0 99.00
2019 11 12 08 00 203 10.9 12.3 99.00 99.00 99.00 999 1007.9  15.1 999.0 999.0 99.0 99.00
2019 11 12 09 00 205 11.6 12.3 99.00 99.00 99.00 999 1007.5  15.3 999.0 999.0 99.0 99.00
2019 11 12 10 00 204 11.3 12.7 99.00 99.00 99.00 999 1006.5  15.5 999.0 999.0 99.0 99.00
2019 11 12 11 00 211 11.8 13.0 99.00 99.00 99.00 999 1006.3  15.4 999.0 999.0 99.0 99.00
2019 11 12 12 00 211 11.3 13.2 99.00 99.00 99.00 999 1005.9  15.1 999.0 999.0 99.0 99.00
2019 11 12 13 00 217 11.2 12.6 99.00 99.00 99.00 999 1005.6  14.9 999.0 999.0 99.0 99.00
2019 11 12 14 00 225 12.1 13.6 99.00 99.00 99.00 999 1005.9  14.7 999.0 999.0 99.0 99.00
2019 11 12 15 00 234 11.2 12.3 99.00 99.00 99.00 999 1005.6  14.4 999.0 999.0 99.0 99.00
2019 11 12 16 00 253 11.7 12.6 99.00 99.00 99.00 999 1005.6  14.0 999.0 999.0 99.0 99.00
2019 11 12 17 00 257 10.2 10.9 99.00 99.00 99.00 999 1005.4  12.9 999.0 999.0 99.0 99.00
2019 11 12 18 00 289 11.1 12.3 99.00 99.00 99.00 999 1006.7   9.3 999.0 999.0 99.0 99.00
2019 11 12 19 00 312 13.6 14.4 99.00 99.00 99.00 999 1007.8   5.3 999.0 999.0 99.0 99.00
2019 11 12 20 00 313 12.6 14.1 99.00 99.00 99.00 999 1009.0   3.6 999.0 999.0 99.0 99.00
2019 11 12 21 00 316 12.8 14.0 99.00 99.00 99.00 999 1010.3   2.3 999.0 999.0 99.0 99.00
2019 11 12 22 00 326 14.2 16.1 99.00 99.00 99.00 999 1011.6   0.4 999.0 999.0 99.0 99.00
2019 11 12 23 00 325 12.9 15.0 99.00 99.00 99.00 999 1013.3   0.5 999.0 999.0 99.0 99.00
2019 11 13 00 00 326 10.6 12.4 99.00 99.00 99.00 999 1013.7   0.6 999.0 999.0 99.0 99.00
2019 11 13 01 00 322 13.8 16.2 99.00 99.00 99.00 999 1014.8   0.1 999.0 999.0 99.0 99.00
2019 11 13 02 00 318 15.7 17.5 99.00 99.00 99.00 999 1015.7   0.0 999.0 999.0 99.0 99.00
2019 11 13 03 00 313 13.8 15.2 99.00 99.00 99.00 999 1016.0  -0.8 999.0 999.0 99.0 99.00
2019 11 13 04 00 322 13.0 14.7 99.00 99.00 99.00 999 1016.4  -1.9 999.0 999.0 99.0 99.00
2019 11 13 05 00 304 13.7 16.0 99.00 99.00 99.00 999 1017.1  -2.7 999.0 999.0 99.0 99.00
2019 11 13 06 00 313 13.4 16.4 99.00 99.00 99.00 999 1017.5  -3.2 999.0 999.0 99.0 99.00
2019 11 13 07 00 322 15.8 18.5 99.00 99.00 99.00 999 1017.8  -3.4 999.0 999.0 99.0 99.00
2019 11 13 08 00 312 10.4 11.8 99.00 99.00 99.00 999 1018.7  -4.0 999.0 999.0 99.0 99.00
2019 11 13 09 00 305 13.2 15.1 99.00 99.00 99.00 999 1018.9  -4.3 999.0 999.0 99.0 99.00
2019 11 13 10 00 313 13.0 15.0 99.00 99.00 99.00 999 1019.7  -4.5 999.0 999.0 99.0 99.00
2019 11 13 11 00 309 15.2 17.8 99.00 99.00 99.00 999 1020.0  -4.6 999.0 999.0 99.0 99.00
2019 11 13 12 00 307 14.8 16.5 99.00 99.00 99.00 999 1021.1  -5.0 999.0 999.0 99.0 99.00
2019 11 13 13 00 324 12.6 14.3 99.00 99.00 99.00 999 1022.2  -5.0 999.0 999.0 99.0 99.00
2019 11 13 14 00 313 12.0 14.1 99.00 99.00 99.00 999 1022.8  -4.8 999.0 999.0 99.0 99.00
2019 11 13 15 00 323 11.5 13.1 99.00 99.00 99.00 999 1023.4  -3.9 999.0 999.0 99.0 99.00
2019 11 13 16 00 319  9.9 12.6 99.00 99.00 99.00 999 1023.5  -3.8 999.0 999.0 99.0 99.00
2019 11 13 17 00 316 10.8 12.8 99.00 99.00 99.00 999 1023.6  -2.6 999.0 999.0 99.0 99.00
2019 11 13 18 00 328 10.6 11.9 99.00 99.00 99.00 999 1023.8  -1.7 999.0 999.0 99.0 99.00
2019 11 13 19 00 328  9.8 11.7 99.00 99.00 99.00 999 1024.6  -1.2 999.0 999.0 99.0 99.00
2019 11 13 20 00 326  9.4 11.8 99.00 99.00 99.00 999 1025.2  -0.5 999.0 999.0 99.0 99.00
2019 11 13 21 00 316  9.5 11.2 99.00 99.00 99.00 999 1026.2  -0.6 999.0 999.0 99.0 99.00
2019 11 13 22 00 351  9.0 10.1 99.00 99.00 99.00 999 1027.0  -0.9 999.0 999.0 99.0 99.00
2019 11 13 23 00 336  8.6  9.9 99.00 99.00 99.00 999 1028.2  -0.9 999.0 999.0 99.0 99.00
2019 11 14 00 00 347  8.5  9.9 99.00 99.00 99.00 999 1029.1  -1.2 999.0 999.0 99.0 99.00
2019 11 14 01 00 339  9.1 10.2 99.00 99.00 99.00 999 1030.1  -1.5 999.0 999.0 99.0 99.00
2019 11 14 02 00 346  9.6 11.3 99.00 99.00 99.00 999 1030.9  -2.3 999.0 999.0 99.0 99.00
2019 11 14 03 00   1  8.5  9.8 99.00 99.00 99.00 999 1030.8  -2.4 999.0 999.0 99.0 99.00
2019 11 14 04 00   5  8.8 10.5 99.00 99.00 99.00 999 1031.2  -3.1 999.0 999.0 99.0 99.00
2019 11 14 05 00   2  7.6  9.0 99.00 99.00 99.00 999 1031.3  -3.1 999.0 999.0 99.0 99.00
2019 11 14 06 00   3  6.0  8.1 99.00 99.00 99.00 999 1032.0  -3.0 999.0 999.0 99.0 99.00
2019 11 14 07 00   4  3.6  5.0 99.00 99.00 99.00 999 1032.1  -3.0 999.0 999.0 99.0 99.00
2019 11 14 08 00   1  4.7  5.5 99.00 99.00 99.00 999 1031.9  -2.8 999.0 999.0 99.0 99.00
2019 11 14 09 00   0  1.3  2.3 99.00 99.00 99.00 999 1032.4  -2.8 999.0 999.0 99.0 99.00
2019 11 14 10 00  32  3.6  3.9 99.00 99.00 99.00 999 1032.3  -2.2 999.0 999.0 99.0 99.00
2019 11 14 11 00  42  2.4  3.3 99.00 99.00 99.00 999 1032.6  -1.8 999.0 999.0 99.0 99.00
2019 11 14 12 00  21  3.7  4.3 99.00 99.00 99.00 999 1032.5  -1.3 999.0 999.0 99.0 99.00
2019 11 14 13 00  17  3.8  5.2 99.00 99.00 99.00 999 1032.7   0.0 999.0 999.0 99.0 99.00
2019 11 14 14 00 116  5.5  6.5 99.00 99.00 99.00 999 1032.7   1.4 999.0 999.0 99.0 99.00
2019 11 14 15 00 127  3.1  4.2 99.00 99.00 99.00 999 1032.7   2.2 999.0 999.0 99.0 99.00
2019 11 14 16 00 104  2.2  2.9 99.00 99.00 99.00 999 1032.0   2.9 999.0 999.0 99.0 99.00
2019 11 14 17 00  86  2.1  3.1 99.00 99.00 99.00 999 1030.9   3.9 999.0 999.0 99.0 99.00
2019 11 14 18 00 196  1.6  2.5 99.00 99.00 99.00 999 1030.1   5.2 999.0 999.0 99.0 99.00
2019 11 14 19 00 215  8.0  9.5 99.00 99.00 99.00 999 1029.2   7.1 999.0 999.0 99.0 99.00
2019 11 14 20 00 206 10.1 11.0 99.00 99.00 99.00 999 1028.5   7.9 999.0 999.0 99.0 99.00
2019 11 14 21 00 206  9.7 10.6 99.00 99.00 99.00 999 1028.0   8.5 999.0 999.0 99.0 99.00
2019 11 14 22 00 206  9.0 10.8 99.00 99.00 99.00 999 1027.8   9.1 999.0 999.0 99.0 99.00
2019 11 14 23 00 206 11.1 11.8 99.00 99.00 99.00 999 1027.0   9.6 999.0 999.0 99.0 99.00
2019 11 15 00 00 208  9.7 10.9 99.00 99.00 99.00 999 1026.4  10.1 999.0 999.0 99.0 99.00
2019 11 15 01 00 206 10.9 11.8 99.00 99.00 99.00 999 1025.9  10.6 999.0 999.0 99.0 99.00
2019 11 15 02 00 215 12.4 13.6 99.00 99.00 99.00 999 1025.1  11.4 999.0 999.0 99.0 99.00
2019 11 15 03 00 263  8.4  9.6 99.00 99.00 99.00 999 1025.6  10.2 999.0 999.0 99.0 99.00
2019 11 15 04 00 258  7.3  7.9 99.00 99.00 99.00 999 1025.4  10.3 999.0 999.0 99.0 99.00
2019 11 15 05 00 268  6.1  7.1 99.00 99.00 99.00 999 1025.0   9.7 999.0 999.0 99.0 99.00
2019 11 15 06 00 265 10.2 11.4 99.00 99.00 99.00 999 1024.5   9.7 999.0 999.0 99.0 99.00
2019 11 15 07 00 278  9.9 10.8 99.00 99.00 99.00 999 1024.4   8.8 999.0 999.0 99.0 99.00
2019 11 15 08 00 283  7.9  9.1 99.00 99.00 99.00 999 1024.0   7.9 999.0 999.0 99.0 99.00
2019 11 15 09 00 277  9.0  9.6 99.00 99.00 99.00 999 1023.8   8.4 999.0 999.0 99.0 99.00
2019 11 15 10 00 289  5.5  6.4 99.00 99.00 99.00 999 1023.8   7.0 999.0 999.0 99.0 99.00
2019 11 15 11 00 279  6.5  7.1 99.00 99.00 99.00 999 1023.6   7.8 999.0 999.0 99.0 99.00
2019 11 15 12 00 259  7.1  7.8 99.00 99.00 99.00 999 1023.7   7.8 999.0 999.0 99.0 99.00
2019 11 15 13 00 257  7.4  7.7 99.00 99.00 99.00 999 1024.0   8.1 999.0 999.0 99.0 99.00
2019 11 15 14 00 251  6.6  7.3 99.00 99.00 99.00 999 1023.4   8.7 999.0 999.0 99.0 99.00
2019 11 15 15 00 249  6.4  7.2 99.00 99.00 99.00 999 1022.9   8.9 999.0 999.0 99.0 99.00
2019 11 15 16 00 245  9.7 10.7 99.00 99.00 99.00 999 1022.0   9.1 999.0 999.0 99.0 99.00
2019 11 15 17 00 241 11.5 12.0 99.00 99.00 99.00 999 1020.5   9.2 999.0 999.0 99.0 99.00
2019 11 15 18 00 228 10.1 10.9 99.00 99.00 99.00 999 1019.6   9.5 999.0 999.0 99.0 99.00
2019 11 15 19 00 231 10.8 11.7 99.00 99.00 99.00 999 1019.0   9.8 999.0 999.0 99.0 99.00
2019 11 15 20 00 244 11.4 12.3 99.00 99.00 99.00 999 1018.5  10.1 999.0 999.0 99.0 99.00
2019 11 15 21 00 241 10.8 11.8 99.00 99.00 99.00 999 1018.6  10.1 999.0 999.0 99.0 99.00
2019 11 15 22 00 252 10.9 12.1 99.00 99.00 99.00 999 1018.8   9.8 999.0 999.0 99.0 99.00
2019 11 15 23 00 262 11.2 12.6 99.00 99.00 99.00 999 1019.5  10.3 999.0 999.0 99.0 99.00
2019 11 16 00 00 278  9.3 10.3 99.00 99.00 99.00 999 1020.0   9.7 999.0 999.0 99.0 99.00
2019 11 16 01 00 285  9.2  9.9 99.00 99.00 99.00 999 1019.9   9.7 999.0 999.0 99.0 99.00
2019 11 16 02 00 301  8.8 10.1 99.00 99.00 99.00 999 1020.7   9.2 999.0 999.0 99.0 99.00
2019 11 16 03 00 315 10.8 12.2 99.00 99.00 99.00 999 1021.4   8.1 999.0 999.0 99.0 99.00
2019 11 16 04 00 338 12.9 14.3 99.00 99.00 99.00 999 1021.7   6.7 999.0 999.0 99.0 99.00
2019 11 16 05 00 337 11.9 13.1 99.00 99.00 99.00 999 1022.4   6.0 999.0 999.0 99.0 99.00
2019 11 16 06 00 334 12.5 14.6 99.00 99.00 99.00 999 1022.9   5.7 999.0 999.0 99.0 99.00
2019 11 16 07 00 341 11.4 12.6 99.00 99.00 99.00 999 1023.3   5.2 999.0 999.0 99.0 99.00
2019 11 16 08 00   1 14.5 16.3 99.00 99.00 99.00 999 1024.1   3.4 999.0 999.0 99.0 99.00
2019 11 16 09 00   8 13.3 15.6 99.00 99.00 99.00 999 1025.7   2.4 999.0 999.0 99.0 99.00
2019 11 16 10 00 357 14.0 16.7 99.00 99.00 99.00 999 1026.6   0.9 999.0 999.0 99.0 99.00
2019 11 16 11 00   9 13.8 15.5 99.00 99.00 99.00 999 1027.9   0.0 999.0 999.0 99.0 99.00
2019 11 16 12 00   8 13.5 14.7 99.00 99.00 99.00 999 1029.8  -0.8 999.0 999.0 99.0 99.00
2019 11 16 13 00  13 11.5 14.0 99.00 99.00 99.00 999 1030.3  -0.8 999.0 999.0 99.0 99.00
2019 11 16 14 00  10 12.6 15.1 99.00 99.00 99.00 999 1030.6  -0.3 999.0 999.0 99.0 99.00
2019 11 16 15 00  10 12.6 14.0 99.00 99.00 99.00 999 1030.6   0.3 999.0 999.0 99.0 99.00
2019 11 16 16 00  21 13.0 14.3 99.00 99.00 99.00 999 1030.5   1.6 999.0 999.0 99.0 99.00
2019 11 16 17 00  25 12.3 15.5 99.00 99.00 99.00 999 1030.5   1.7 999.0 999.0 99.0 99.00
2019 11 16 18 00  25 12.6 14.2 99.00 99.00 99.00 999 1030.3   2.0 999.0 999.0 99.0 99.00
2019 11 16 19 00  19 12.9 14.8 99.00 99.00 99.00 999 1029.8   1.8 999.0 999.0 99.0 99.00
2019 11 16 20 00  32 11.1 12.8 99.00 99.00 99.00 999 1030.5   1.9 999.0 999.0 99.0 99.00
2019 11 16 21 00  13  9.4 10.2 99.00 99.00 99.00 999 1031.1   1.8 999.0 999.0 99.0 99.00
2019 11 16 22 00  37  9.3 10.9 99.00 99.00 99.00 999 1031.3   1.9 999.0 999.0 99.0 99.00
2019 11 16 23 00   7  8.6 10.0 99.00 99.00 99.00 999 1031.9   1.9 999.0 999.0 99.0 99.00
2019 11 17 00 00   7  8.6  9.5 99.00 99.00 99.00 999 1032.1   1.7 999.0 999.0 99.0 99.00
2019 11 17 01 00   1  9.7 11.0 99.00 99.00 99.00 999 1032.0   0.9 999.0 999.0 99.0 99.00
2019 11 17 02 00   6 11.2 12.6 99.00 99.00 99.00 999 1031.6   0.2 999.0 999.0 99.0 99.00
2019 11 17 03 00   7  9.7 10.9 99.00 99.00 99.00 999 1031.7   0.2 999.0 999.0 99.0 99.00
2019 11 17 04 00  10 10.1 11.2 99.00 99.00 99.00 999 1031.4  -0.3 999.0 999.0 99.0 99.00
2019 11 17 05 00  10  9.1  9.9 99.00 99.00 99.00 999 1030.9  -0.4 999.0 999.0 99.0 99.00
2019 11 17 06 00   3  9.1  9.7 99.00 99.00 99.00 999 1030.5  -0.6 999.0 999.0 99.0 99.00
2019 11 17 07 00   3  9.0  9.8 99.00 99.00 99.00 999 1030.0  -0.5 999.0 999.0 99.0 99.00
2019 11 17 08 00  11  8.8  9.7 99.00 99.00 99.00 999 1029.3   0.4 999.0 999.0 99.0 99.00
2019 11 17 09 00  14  8.0  9.1 99.00 99.00 99.00 999 1029.6   0.9 999.0 999.0 99.0 99.00
2019 11 17 10 00  14  9.1  9.7 99.00 99.00 99.00 999 1029.0   1.2 999.0 999.0 99.0 99.00
2019 11 17 11 00  21 10.5 11.6 99.00 99.00 99.00 999 1028.4   2.2 999.0 999.0 99.0 99.00
2019 11 17 12 00  47 13.8 15.6 99.00 99.00 99.00 999 1028.5   4.5 999.0 999.0 99.0 99.00
2019 11 17 13 00  62 13.0 14.0 99.00 99.00 99.00 999 1029.0   4.4 999.0 999.0 99.0 99.00
2019 11 17 14 00  57 11.9 14.2 99.00 99.00 99.00 999 1029.2   5.0 999.0 999.0 99.0 99.00
2019 11 17 15 00  59 12.4 13.7 99.00 99.00 99.00 999 1028.4   4.9 999.0 999.0 99.0 99.00
2019 11 17 16 00  61 11.5 13.1 99.00 99.00 99.00 999 1027.7   5.4 999.0 999.0 99.0 99.00
2019 11 17 17 00  63 10.6 12.4 99.00 99.00 99.00 999 1026.7   5.8 999.0 999.0 99.0 99.00
2019 11 17 18 00  67 12.1 13.8 99.00 99.00 99.00 999 1025.6   6.1 999.0 999.0 99.0 99.00
2019 11 17 19 00  58 12.1 13.3 99.00 99.00 99.00 999 1024.7   6.1 999.0 999.0 99.0 99.00
2019 11 17 20 00  60 11.5 12.1 99.00 99.00 99.00 999 1024.4   5.7 999.0 999.0 99.0 99.00
2019 11 17 21 00  56 13.4 14.8 99.00 99.00 99.00 999 1023.7   6.0 999.0 999.0 99.0 99.00
2019 11 17 22 00  46 14.8 16.3 99.00 99.00 99.00 999 1022.3   6.0 999.0 999.0 99.0 99.00
2019 11 17 23 00  46 14.8 17.4 99.00 99.00 99.00 999 1021.7   6.3 999.0 999.0 99.0 99.00
2019 11 18 00 00  50 15.8 18.3 99.00 99.00 99.00 999 1020.6   6.4 999.0 999.0 99.0 99.00
2019 11 18 01 00  45 15.1 16.6 99.00 99.00 99.00 999 1019.9   6.6 999.0 999.0 99.0 99.00
2019 11 18 02 00  45 16.0 17.0 99.00 99.00 99.00 999 1018.4   7.0 999.0 999.0 99.0 99.00
2019 11 18 03 00  50 14.6 16.0 99.00 99.00 99.00 999 1017.8   7.3 999.0 999.0 99.0 99.00
2019 11 18 04 00  44 14.8 17.5 99.00 99.00 99.00 999 1016.6   7.5 999.0 999.0 99.0 99.00
2019 11 18 05 00  39 16.1 17.8 99.00 99.00 99.00 999 1015.6   7.5 999.0 999.0 99.0 99.00
2019 11 18 06 00  32 15.4 17.3 99.00 99.00 99.00 999 1014.3   7.6 999.0 999.0 99.0 99.00
2019 11 18 07 00  37 15.7 17.6 99.00 99.00 99.00 999 1013.5   7.1 999.0 999.0 99.0 99.00
2019 11 18 08 00  32 16.1 17.9 99.00 99.00 99.00 999 1012.0   7.0 999.0 999.0 99.0 99.00
2019 11 18 09 00  28 16.2 18.2 99.00 99.00 99.00 999 1011.6   7.0 999.0 999.0 99.0 99.00
2019 11 18 10 00  26 14.8 16.1 99.00 99.00 99.00 999 1010.7   7.3 999.0 999.0 99.0 99.00
2019 11 18 11 00  24 13.8 15.8 99.00 99.00 99.00 999 1010.4   7.7 999.0 999.0 99.0 99.00
2019 11 18 12 00  24 14.4 16.0 99.00 99.00 99.00 999 1009.9   7.6 999.0 999.0 99.0 99.00
2019 11 18 13 00  19 13.4 15.4 99.00 99.00 99.00 999 1008.9   7.8 999.0 999.0 99.0 99.00
2019 11 18 14 00  18 15.3 16.5 99.00 99.00 99.00 999 1007.6   8.3 999.0 999.0 99.0 99.00
2019 11 18 15 00  15 14.3 16.2 99.00 99.00 99.00 999 1006.9   8.6 999.0 999.0 99.0 99.00
2019 11 18 16 00 348 12.7 13.7 99.00 99.00 99.00 999 1006.3   5.0 999.0 999.0 99.0 99.00
2019 11 18 17 00 356 13.5 15.3 99.00 99.00 99.00 999 1004.7   5.4 999.0 999.0 99.0 99.00
2019 11 18 18 00   5 15.5 17.6 99.00 99.00 99.00 999 1003.5   5.8 999.0 999.0 99.0 99.00
2019 11 18 19 00   2 15.8 18.1 99.00 99.00 99.00 999 1002.5   5.3 999.0 999.0 99.0 99.00
2019 11 18 20 00   2 13.3 15.0 99.00 99.00 99.00 999 1002.7   5.8 999.0 999.0 99.0 99.00
2019 11 18 21 00 359 11.6 13.5 99.00 99.00 99.00 999 1003.1   5.7 999.0 999.0 99.0 99.00
2019 11 18 22 00   0 12.7 14.3 99.00 99.00 99.00 999 1003.0   5.1 999.0 999.0 99.0 99.00
2019 11 18 23 00   0 11.5 12.9 99.00 99.00 99.00 999 1003.4   5.1 999.0 999.0 99.0 99.00
2019 11 19 00 00   0 12.3 14.3 99.00 99.00 99.00 999 1002.7   5.0 999.0 999.0 99.0 99.00
2019 11 19 01 00 348  7.9  8.6 99.00 99.00 99.00 999 1004.7   5.0 999.0 999.0 99.0 99.00
2019 11 19 02 00 354  9.9 10.6 99.00 99.00 99.00 999 1004.1   4.7 999.0 999.0 99.0 99.00
2019 11 19 03 00 357  8.9  9.7 99.00 99.00 99.00 999 1003.6   4.6 999.0 999.0 99.0 99.00
2019 11 19 04 00 359  6.6  7.6 99.00 99.00 99.00 999 1004.3   4.7 999.0 999.0 99.0 99.00
2019 11 19 05 00 331  6.4  7.4 99.00 99.00 99.00 999 1005.4   4.7 999.0 999.0 99.0 99.00
2019 11 19 06 00 324  6.2  7.3 99.00 99.00 99.00 999 1005.6   4.7 999.0 999.0 99.0 99.00
2019 11 19 07 00 319  5.4  6.5 99.00 99.00 99.00 999 1006.0   4.8 999.0 999.0 99.0 99.00
2019 11 19 08 00 324  5.5  6.2 99.00 99.00 99.00 999 1006.2   5.0 999.0 999.0 99.0 99.00
2019 11 19 09 00 313  3.7  4.0 99.00 99.00 99.00 999 1006.7   5.1 999.0 999.0 99.0 99.00
2019 11 19 10 00 344  3.1  3.7 99.00 99.00 99.00 999 1006.8   5.4 999.0 999.0 99.0 99.00
2019 11 19 11 00   6  2.4  2.9 99.00 99.00 99.00 999 1007.2   5.1 999.0 999.0 99.0 99.00
2019 11 19 12 00  73  2.6  2.9 99.00 99.00 99.00 999 1007.9   5.5 999.0 999.0 99.0 99.00
2019 11 19 13 00  74  2.4  2.9 99.00 99.00 99.00 999 1007.9   5.9 999.0 999.0 99.0 99.00
2019 11 19 14 00  86  2.7  3.2 99.00 99.00 99.00 999 1007.9   6.0 999.0 999.0 99.0 99.00
2019 11 19 15 00  76  1.8  2.4 99.00 99.00 99.00 999 1008.1   6.8 999.0 999.0 99.0 99.00
2019 11 19 16 00 257  7.9  8.7 99.00 99.00 99.00 999 1007.8   8.4 999.0 999.0 99.0 99.00
2019 11 19 17 00 252  7.7  8.2 99.00 99.00 99.00 999 1007.8   8.5 999.0 999.0 99.0 99.00
2019 11 19 18 00 257  7.8  9.2 99.00 99.00 99.00 999 1007.6   8.0 999.0 999.0 99.0 99.00
2019 11 19 19 00 250  6.5  7.7 99.00 99.00 99.00 999 1007.8   8.1 999.0 999.0 99.0 99.00
2019 11 19 20 00 247  6.0  6.6 99.00 99.00 99.00 999 1008.2   8.3 999.0 999.0 99.0 99.00
2019 11 19 21 00 267  5.5  6.5 99.00 99.00 99.00 999 1008.9   8.6 999.0 999.0 99.0 99.00
2019 11 19 22 00 342  4.8  5.5 99.00 99.00 99.00 999 1009.7   8.1 999.0 999.0 99.0 99.00
2019 11 19 23 00   1  5.1  5.6 99.00 99.00 99.00 999 1010.2   7.8 999.0 999.0 99.0 99.00
2019 11 20 00 00 349  3.8  4.2 99.00 99.00 99.00 999 1010.9   7.5 999.0 999.0 99.0 99.00
2019 11 20 01 00   8  4.4  4.6 99.00 99.00 99.00 999 1010.9   7.3 999.0 999.0 99.0 99.00
2019 11 20 02 00 358  5.9  6.5 99.00 99.00 99.00 999 1010.7   7.3 999.0 999.0 99.0 99.00
2019 11 20 03 00   0  5.4  6.0 99.00 99.00 99.00 999 1010.7   7.0 999.0 999.0 99.0 99.00
2019 11 20 04 00 359  4.5  5.1 99.00 99.00 99.00 999 1010.6   6.8 999.0 999.0 99.0 99.00
2019 11 20 05 00 355  7.0  7.6 99.00 99.00 99.00 999 1009.8   6.5 999.0 999.0 99.0 99.00
2019 11 20 06 00  21  8.5  8.9 99.00 99.00 99.00 999 1009.4   6.5 999.0 999.0 99.0 99.00
2019 11 20 07 00  14  9.6 10.2 99.00 99.00 99.00 999 1009.3   5.6 999.0 999.0 99.0 99.00
2019 11 20 08 00   8  7.1  7.8 99.00 99.00 99.00 999 1009.3   6.2 999.0 999.0 99.0 99.00
2019 11 20 09 00   9  7.5  8.3 99.00 99.00 99.00 999 1009.7   5.9 999.0 999.0 99.0 99.00
2019 11 20 10 00 355  7.4  8.0 99.00 99.00 99.00 999 1010.3   5.4 999.0 999.0 99.0 99.00
2019 11 20 11 00 344  6.4  6.8 99.00 99.00 99.00 999 1010.7   4.9 999.0 999.0 99.0 99.00
2019 11 20 12 00 341  6.3  7.5 99.00 99.00 99.00 999 1010.9   5.2 999.0 999.0 99.0 99.00
2019 11 20 13 00 348  8.3  9.5 99.00 99.00 99.00 999 1011.1   5.1 999.0 999.0 99.0 99.00
2019 11 20 14 00   0  7.6  8.6 99.00 99.00 99.00 999 1011.1   5.4 999.0 999.0 99.0 99.00
2019 11 20 15 00   7  8.0  9.0 99.00 99.00 99.00 999 1011.3   5.9 999.0 999.0 99.0 99.00
2019 11 20 16 00 359  7.4  7.9 99.00 99.00 99.00 999 1011.1   6.1 999.0 999.0 99.0 99.00
2019 11 20 17 00 355  9.4 10.2 99.00 99.00 99.00 999 1011.1   5.8 999.0 999.0 99.0 99.00
2019 11 20 18 00 358  8.8  9.9 99.00 99.00 99.00 999 1011.3   5.2 999.0 999.0 99.0 99.00
2019 11 20 19 00 345  9.3 10.2 99.00 99.00 99.00 999 1011.6   4.6 999.0 999.0 99.0 99.00
2019 11 20 20 00   0  7.1  8.0 99.00 99.00 99.00 999 1012.1   4.1 999.0 999.0 99.0 99.00
2019 11 20 21 00   2  9.1 10.0 99.00 99.00 99.00 999 1012.7   4.0 999.0 999.0 99.0 99.00
2019 11 20 22 00 358  8.0  9.0 99.00 99.00 99.00 999 1013.2   4.0 999.0 999.0 99.0 99.00
2019 11 20 23 00 357  8.1  9.9 99.00 99.00 99.00 999 1014.0   3.9 999.0 999.0 99.0 99.00
2019 11 21 00 00 355  7.5  8.6 99.00 99.00 99.00 999 1014.4   3.9 999.0 999.0 99.0 99.00
2019 11 21 01 00 350  7.4  8.0 99.00 99.00 99.00 999 1015.1   3.9 999.0 999.0 99.0 99.00
2019 11 21 02 00 345  9.2 10.7 99.00 99.00 99.00 999 1015.4   4.2 999.0 999.0 99.0 99.00
2019 11 21 03 00 341  9.6 10.4 99.00 99.00 99.00 999 1015.7   3.9 999.0 999.0 99.0 99.00
2019 11 21 04 00 337 10.2 11.1 99.00 99.00 99.00 999 1015.8   4.1 999.0 999.0 99.0 99.00
2019 11 21 05 00 347  9.7 11.4 99.00 99.00 99.00 999 1016.1   4.0 999.0 999.0 99.0 99.00
2019 11 21 06 00 339  9.0 10.6 99.00 99.00 99.00 999 1016.3   4.1 999.0 999.0 99.0 99.00
2019 11 21 07 00 329 12.5 13.5 99.00 99.00 99.00 999 1016.9   3.7 999.0 999.0 99.0 99.00
2019 11 21 08 00 340 11.1 12.1 99.00 99.00 99.00 999 1017.2   3.6 999.0 999.0 99.0 99.00
2019 11 21 09 00 343  9.6 10.2 99.00 99.00 99.00 999 1017.7   3.5 999.0 999.0 99.0 99.00
2019 11 21 10 00 340 10.9 12.0 99.00 99.00 99.00 999 1018.3   3.2 999.0 999.0 99.0 99.00
2019 11 21 11 00 337  8.9  9.9 99.00 99.00 99.00 999 1019.2   3.4 999.0 999.0 99.0 99.00
2019 11 21 12 00 333 11.3 12.4 99.00 99.00 99.00 999 1020.0   3.2 999.0 999.0 99.0 99.00
2019 11 21 13 00 353 10.0 11.0 99.00 99.00 99.00 999 1020.1   3.6 999.0 999.0 99.0 99.00
2019 11 21 14 00 357  9.0  9.6 99.00 99.00 99.00 999 1020.4   3.8 999.0 999.0 99.0 99.00
2019 11 21 15 00 342  5.7  6.3 99.00 99.00 99.00 999 1020.6   4.7 999.0 999.0 99.0 99.00
2019 11 21 16 00 346  5.0  6.0 99.00 99.00 99.00 999 1020.2   5.8 999.0 999.0 99.0 99.00
2019 11 21 17 00 327  2.7  3.1 99.00 99.00 99.00 999 1019.7   7.0 999.0 999.0 99.0 99.00
2019 11 21 18 00 342  3.3  4.0 99.00 99.00 99.00 999 1019.1   7.4 999.0 999.0 99.0 99.00
2019 11 21 19 00 327  1.9  2.3 99.00 99.00 99.00 999 1019.0   8.2 999.0 999.0 99.0 99.00
2019 11 21 20 00 261  2.7  2.9 99.00 99.00 99.00 999 1018.9   8.0 999.0 999.0 99.0 99.00
2019 11 21 21 00 263  3.3  3.7 99.00 99.00 99.00 999 1019.2   8.0 999.0 999.0 99.0 99.00
2019 11 21 22 00 255  4.0  4.3 99.00 99.00 99.00 999 1019.5   8.0 999.0 999.0 99.0 99.00
2019 11 21 23 00 218  2.4  2.7 99.00 99.00 99.00 999 1019.4   8.1 999.0 999.0 99.0 99.00
2019 11 22 00 00 234  4.8  5.5 99.00 99.00 99.00 999 1019.3   8.6 999.0 999.0 99.0 99.00
2019 11 22 01 00 240  4.4  5.1 99.00 99.00 99.00 999 1019.0   8.9 999.0 999.0 99.0 99.00
2019 11 22 02 00 232  5.0  5.5 99.00 99.00 99.00 999 1018.3   8.7 999.0 999.0 99.0 99.00
2019 11 22 03 00 223  5.7  6.1 99.00 99.00 99.00 999 1017.6   8.9 999.0 999.0 99.0 99.00
2019 11 22 04 00 222  6.8  7.3 99.00 99.00 99.00 999 1017.2   9.4 999.0 999.0 99.0 99.00
2019 11 22 05 00 214  6.4  6.8 99.00 99.00 99.00 999 1016.1   9.8 999.0 999.0 99.0 99.00
2019 11 22 06 00 214  7.9  8.5 99.00 99.00 99.00 999 1015.1  10.2 999.0 999.0 99.0 99.00
2019 11 22 07 00 215  9.4 10.1 99.00 99.00 99.00 999 1014.6  10.5 999.0 999.0 99.0 99.00
2019 11 22 08 00 215 11.0 11.6 99.00 99.00 99.00 999 1013.6  10.9 999.0 999.0 99.0 99.00
2019 11 22 09 00 223 11.6 12.4 99.00 99.00 99.00 999 1012.6  11.4 999.0 999.0 99.0 99.00
2019 11 22 10 00 218 11.9 13.2 99.00 99.00 99.00 999 1011.8  11.5 999.0 999.0 99.0 99.00
2019 11 22 11 00 217 11.8 12.6 99.00 99.00 99.00 999 1010.8  11.6 999.0 999.0 99.0 99.00
2019 11 22 12 00 222 11.1 12.4 99.00 99.00 99.00 999 1010.6  11.9 999.0 999.0 99.0 99.00
2019 11 22 13 00 223 11.9 13.5 99.00 99.00 99.00 999 1009.2  12.1 999.0 999.0 99.0 99.00
2019 11 22 14 00 228 11.8 13.1 99.00 99.00 99.00 999 1008.5  12.1 999.0 999.0 99.0 99.00
2019 11 22 15 00 224 12.0 13.1 99.00 99.00 99.00 999 1007.0  12.1 999.0 999.0 99.0 99.00
2019 11 22 16 00 233 12.1 13.0 99.00 99.00 99.00 999 1006.1  12.1 999.0 999.0 99.0 99.00
2019 11 22 17 00 236 13.7 15.1 99.00 99.00 99.00 999 1004.7  11.9 999.0 999.0 99.0 99.00
2019 11 22 18 00 225 11.3 12.0 99.00 99.00 99.00 999 1003.1  11.8 999.0 999.0 99.0 99.00
2019 11 22 19 00 234 13.1 14.4 99.00 99.00 99.00 999 1002.2  11.7 999.0 999.0 99.0 99.00
2019 11 22 20 00 247 15.9 17.8 99.00 99.00 99.00 999 1001.9  10.8 999.0 999.0 99.0 99.00
2019 11 22 21 00 306 17.2 21.7 99.00 99.00 99.00 999 1002.9   9.3 999.0 999.0 99.0 99.00
2019 11 22 22 00 306 11.1 13.0 99.00 99.00 99.00 999 1004.0   7.6 999.0 999.0 99.0 99.00
2019 11 22 23 00 293 16.5 19.5 99.00 99.00 99.00 999 1005.1   7.2 999.0 999.0 99.0 99.00
2019 11 23 00 00 302 18.1 21.2 99.00 99.00 99.00 999 1006.6   6.5 999.0 999.0 99.0 99.00
2019 11 23 01 00 302 18.7 21.1 99.00 99.00 99.00 999 1007.8   5.9 999.0 999.0 99.0 99.00
2019 11 23 02 00 287 18.9 21.7 99.00 99.00 99.00 999 1008.5   5.1 999.0 999.0 99.0 99.00
2019 11 23 03 00 291 17.8 20.6 99.00 99.00 99.00 999 1009.2   4.5 999.0 999.0 99.0 99.00
2019 11 23 04 00 292 15.2 16.7 99.00 99.00 99.00 999 1010.5   4.3 999.0 999.0 99.0 99.00
2019 11 23 05 00 283 14.1 15.5 99.00 99.00 99.00 999 1011.4   4.2 999.0 999.0 99.0 99.00
2019 11 23 06 00 303 14.4 15.5 99.00 99.00 99.00 999 1012.0   3.5 999.0 999.0 99.0 99.00
2019 11 23 07 00 297 11.7 13.4 99.00 99.00 99.00 999 1012.8   2.9 999.0 999.0 99.0 99.00
2019 11 23 08 00 290 12.4 13.7 99.00 99.00 99.00 999 1013.0   2.6 999.0 999.0 99.0 99.00
2019 11 23 09 00 292 12.2 13.7 99.00 99.00 99.00 999 1013.2   2.4 999.0 999.0 99.0 99.00
2019 11 23 10 00 311 10.0 11.0 99.00 99.00 99.00 999 1014.2   2.5 999.0 999.0 99.0 99.00
2019 11 23 11 00 308  8.6 10.0 99.00 99.00 99.00 999 1014.9   2.4 999.0 999.0 99.0 99.00
2019 11 23 12 00 307 10.7 12.7 99.00 99.00 99.00 999 1015.3   2.5 999.0 999.0 99.0 99.00
2019 11 23 13 00 290  7.1  9.0 99.00 99.00 99.00 999 1016.1   2.8 999.0 999.0 99.0 99.00
2019 11 23 14 00 289  7.9  9.0 99.00 99.00 99.00 999 1016.3   3.0 999.0 999.0 99.0 99.00
2019 11 23 15 00 298  6.9  7.5 99.00 99.00 99.00 999 1016.0   3.4 999.0 999.0 99.0 99.00
2019 11 23 16 00 282  6.6  7.2 99.00 99.00 99.00 999 1015.6   3.6 999.0 999.0 99.0 99.00
2019 11 23 17 00 276  5.4  6.3 99.00 99.00 99.00 999 1014.5   4.4 999.0 999.0 99.0 99.00
2019 11 23 18 00 272  4.0  4.6 99.00 99.00 99.00 999 1013.7   4.9 999.0 999.0 99.0 99.00
2019 11 23 19 00 259  6.5  7.4 99.00 99.00 99.00 999 1013.8   5.8 999.0 999.0 99.0 99.00
2019 11 23 20 00 268  4.7  5.4 99.00 99.00 99.00 999 1013.1   6.1 999.0 999.0 99.0 99.00
2019 11 23 21 00 236  7.9  8.5 99.00 99.00 99.00 999 1013.2   6.6 999.0 999.0 99.0 99.00
2019 11 23 22 00 245  8.3  9.0 99.00 99.00 99.00 999 1013.1   6.7 999.0 999.0 99.0 99.00
2019 11 23 23 00 261  8.0  8.4 99.00 99.00 99.00 999 1012.9   7.0 999.0 999.0 99.0 99.00
2019 11 24 00 00 243  6.0  6.4 99.00 99.00 99.00 999 1012.7   7.2 999.0 999.0 99.0 99.00
2019 11 24 01 00 228  4.0  4.6 99.00 99.00 99.00 999 1012.0   7.4 999.0 999.0 99.0 99.00
2019 11 24 02 00 217  6.4  6.9 99.00 99.00 99.00 999 1011.5   8.0 999.0 999.0 99.0 99.00
2019 11 24 03 00 206  5.8  6.5 99.00 99.00 99.00 999 1010.8   8.4 999.0 999.0 99.0 99.00
2019 11 24 04 00 205  6.1  6.8 99.00 99.00 99.00 999 1009.5   8.7 999.0 999.0 99.0 99.00
2019 11 24 05 00 206  5.7  6.2 99.00 99.00 99.00 999 1008.5   9.0 999.0 999.0 99.0 99.00
2019 11 24 06 00 178  7.1  7.9 99.00 99.00 99.00 999 1007.5   9.4 999.0 999.0 99.0 99.00
2019 11 24 07 00 169  6.1  6.5 99.00 99.00 99.00 999 1006.5   9.6 999.0 999.0 99.0 99.00
2019 11 24 08 00 157  6.1  6.8 99.00 99.00 99.00 999 1005.9   9.3 999.0 999.0 99.0 99.00
2019 11 24 09 00 120  5.5  5.9 99.00 99.00 99.00 999 1004.2   9.3 999.0 999.0 99.0 99.00
2019 11 24 10 00  75  7.6  8.2 99.00 99.00 99.00 999 1002.2   9.0 999.0 999.0 99.0 99.00
2019 11 24 11 00  65  8.5  9.6 99.00 99.00 99.00 999 1000.5   8.4 999.0 999.0 99.0 99.00
2019 11 24 12 00  72  9.7 10.9 99.00 99.00 99.00 999  999.0   8.7 999.0 999.0 99.0 99.00
2019 11 24 13 00  67 11.0 12.3 99.00 99.00 99.00 999  996.8   9.1 999.0 999.0 99.0 99.00
2019 11 24 14 00  79 10.7 11.5 99.00 99.00 99.00 999  995.3   9.9 999.0 999.0 99.0 99.00
2019 11 24 15 00  79  8.8  9.3 99.00 99.00 99.00 999  993.3  10.7 999.0 999.0 99.0 99.00
2019 11 24 16 00 119 11.5 12.5 99.00 99.00 99.00 999  989.7  12.5 999.0 999.0 99.0 99.00
2019 11 24 17 00 106 13.2 14.4 99.00 99.00 99.00 999  985.1  12.4 999.0 999.0 99.0 99.00
2019 11 24 18 00 132  9.7 11.0 99.00 99.00 99.00 999  984.0  12.1 999.0 999.0 99.0 99.00
2019 11 24 19 00 214 14.0 15.5 99.00 99.00 99.00 999  982.9  12.8 999.0 999.0 99.0 99.00
2019 11 24 20 00 276  6.8  7.4 99.00 99.00 99.00 999  983.5  11.0 999.0 999.0 99.0 99.00
2019 11 24 21 00 335  8.2  9.2 99.00 99.00 99.00 999  984.3   8.5 999.0 999.0 99.0 99.00
2019 11 24 22 00 332 13.8 16.0 99.00 99.00 99.00 999  985.1   5.6 999.0 999.0 99.0 99.00
2019 11 24 23 00 322 14.8 16.6 99.00 99.00 99.00 999  986.9   5.1 999.0 999.0 99.0 99.00
2019 11 25 00 00 312 14.6 16.3 99.00 99.00 99.00 999  988.8   4.6 999.0 999.0 99.0 99.00
2019 11 25 01 00 307 14.2 16.2 99.00 99.00 99.00 999  990.5   5.6 999.0 999.0 99.0 99.00
2019 11 25 02 00 293 13.7 16.2 99.00 99.00 99.00 999  991.7   6.4 999.0 999.0 99.0 99.00
2019 11 25 03 00 287 17.6 18.9 99.00 99.00 99.00 999  993.1   6.1 999.0 999.0 99.0 99.00
2019 11 25 04 00 296 17.1 19.6 99.00 99.00 99.00 999  994.9   6.3 999.0 999.0 99.0 99.00
2019 11 25 05 00 293 15.9 17.5 99.00 99.00 99.00 999  996.6   6.3 999.0 999.0 99.0 99.00
2019 11 25 06 00 294 15.5 16.8 99.00 99.00 99.00 999  997.8   6.2 999.0 999.0 99.0 99.00
2019 11 25 07 00 288 13.5 14.9 99.00 99.00 99.00 999  999.9   5.9 999.0 999.0 99.0 99.00
2019 11 25 08 00 292 14.2 15.6 99.00 99.00 99.00 999 1001.0   5.8 999.0 999.0 99.0 99.00
2019 11 25 09 00 301 12.5 13.6 99.00 99.00 99.00 999 1002.6   6.0 999.0 999.0 99.0 99.00
2019 11 25 10 00 291 12.8 14.2 99.00 99.00 99.00 999 1003.3   6.3 999.0 999.0 99.0 99.00
2019 11 25 11 00 292 12.8 14.5 99.00 99.00 99.00 999 1004.2   6.4 999.0 999.0 99.0 99.00
2019 11 25 12 00 295 12.4 13.8 99.00 99.00 99.00 999 1005.6   6.6 999.0 999.0 99.0 99.00
2019 11 25 13 00 293 11.2 12.6 99.00 99.00 99.00 999 1007.0   7.0 999.0 999.0 99.0 99.00
2019 11 25 14 00 285  9.2 10.5 99.00 99.00 99.00 999 1008.2   7.5 999.0 999.0 99.0 99.00
2019 11 25 15 00 279  7.4  8.3 99.00 99.00 99.00 999 1008.6   7.3 999.0 999.0 99.0 99.00
2019 11 25 16 00 312  9.1  9.7 99.00 99.00 99.00 999 1008.3   8.6 999.0 999.0 99.0 99.00
2019 11 25 17 00 274  5.1  5.8 99.00 99.00 99.00 999 1008.3   8.7 999.0 999.0 99.0 99.00
2019 11 25 18 00 240  6.4  7.0 99.00 99.00 99.00 999 1008.5   8.8 999.0 999.0 99.0 99.00
2019 11 25 19 00 251  7.1  7.8 99.00 99.00 99.00 999 1008.9   9.5 999.0 999.0 99.0 99.00
2019 11 25 20 00 261  8.3  9.2 99.00 99.00 99.00 999 1009.4   9.5 999.0 999.0 99.0 99.00
2019 11 25 21 00 257  9.8 10.5 99.00 99.00 99.00 999 1010.2   9.6 999.0 999.0 99.0 99.00
2019 11 25 22 00 256  8.3  8.9 99.00 99.00 99.00 999 1011.0   9.7 999.0 999.0 99.0 99.00
2019 11 25 23 00 262  8.4  8.8 99.00 99.00 99.00 999 1011.6   9.5 999.0 999.0 99.0 99.00
2019 11 26 00 00 259  7.8  8.3 99.00 99.00 99.00 999 1012.4   9.8 999.0 999.0 99.0 99.00
2019 11 26 01 00 259  8.5  9.3 99.00 99.00 99.00 999 1012.8  10.1 999.0 999.0 99.0 99.00
2019 11 26 02 00 250  6.5  7.1 99.00 99.00 99.00 999 1013.3  10.1 999.0 999.0 99.0 99.00
2019 11 26 03 00 248  7.8  8.3 99.00 99.00 99.00 999 1013.9   9.9 999.0 999.0 99.0 99.00
2019 11 26 04 00 259  7.8  8.3 99.00 99.00 99.00 999 1014.0  10.0 999.0 999.0 99.0 99.00
2019 11 26 05 00 244  8.7  9.0 99.00 99.00 99.00 999 1013.8  10.2 999.0 999.0 99.0 99.00
2019 11 26 06 00 250  7.6  8.1 99.00 99.00 99.00 999 1013.9  10.2 999.0 999.0 99.0 99.00
2019 11 26 07 00 261  6.8  7.2 99.00 99.00 99.00 999 1014.8  10.3 999.0 999.0 99.0 99.00
2019 11 26 08 00 248  5.6  6.0 99.00 99.00 99.00 999 1014.9  10.3 999.0 999.0 99.0 99.00
2019 11 26 09 00 250  6.7  7.3 99.00 99.00 99.00 999 1015.0  10.5 999.0 999.0 99.0 99.00
2019 11 26 10 00 252  6.7  7.2 99.00 99.00 99.00 999 1015.6  10.4 999.0 999.0 99.0 99.00
2019 11 26 11 00 242  6.3  6.8 99.00 99.00 99.00 999 1016.0  10.4 999.0 999.0 99.0 99.00
2019 11 26 12 00 238  6.1  6.4 99.00 99.00 99.00 999 1016.1  10.6 999.0 999.0 99.0 99.00
2019 11 26 13 00 223  7.1  7.4 99.00 99.00 99.00 999 1016.6  10.8 999.0 999.0 99.0 99.00
2019 11 26 14 00 225  7.8  8.3 99.00 99.00 99.00 999 1016.6  11.1 999.0 999.0 99.0 99.00
2019 11 26 15 00 228  7.1  7.7 99.00 99.00 99.00 999 1017.4  11.3 999.0 999.0 99.0 99.00
2019 11 26 16 00 227  8.0  8.5 99.00 99.00 99.00 999 1017.4  11.8 999.0 999.0 99.0 99.00
2019 11 26 17 00 239  7.9  8.4 99.00 99.00 99.00 999 1017.2  11.7 999.0 999.0 99.0 99.00
2019 11 26 18 00 233  9.7 10.6 99.00 99.00 99.00 999 1016.8  11.8 999.0 999.0 99.0 99.00
2019 11 26 19 00 228  9.0  9.5 99.00 99.00 99.00 999 1016.2  11.9 999.0 999.0 99.0 99.00
2019 11 26 20 00 227  8.1  8.6 99.00 99.00 99.00 999 1016.3  11.9 999.0 999.0 99.0 99.00
2019 11 26 21 00 224  8.0  8.3 99.00 99.00 99.00 999 1016.3  11.8 999.0 999.0 99.0 99.00
2019 11 26 22 00 218  8.0  8.7 99.00 99.00 99.00 999 1016.4  11.8 999.0 999.0 99.0 99.00
2019 11 26 23 00 221  7.8  8.3 99.00 99.00 99.00 999 1016.8  11.8 999.0 999.0 99.0 99.00
2019 11 27 00 00 230  8.3  8.6 99.00 99.00 99.00 999 1017.3  12.0 999.0 999.0 99.0 99.00
2019 11 27 01 00 233  6.6  6.9 99.00 99.00 99.00 999 1017.6  11.8 999.0 999.0 99.0 99.00
2019 11 27 02 00 252  5.6  6.0 99.00 99.00 99.00 999 1018.2  11.9 999.0 999.0 99.0 99.00
2019 11 27 03 00 253  5.1  5.5 99.00 99.00 99.00 999 1018.3  11.7 999.0 999.0 99.0 99.00
2019 11 27 04 00 253  6.3  6.6 99.00 99.00 99.00 999 1018.7  11.5 999.0 999.0 99.0 99.00
2019 11 27 05 00 250  4.7  5.0 99.00 99.00 99.00 999 1018.5  11.2 999.0 999.0 99.0 99.00
2019 11 27 06 00 245  4.4  4.5 99.00 99.00 99.00 999 1018.3  11.1 999.0 999.0 99.0 99.00
2019 11 27 07 00 228  3.2  3.4 99.00 99.00 99.00 999 1018.5  11.1 999.0 999.0 99.0 99.00
2019 11 27 08 00 239  3.5  3.6 99.00 99.00 99.00 999 1018.8  11.1 999.0 999.0 99.0 99.00
2019 11 27 09 00 241  2.1  2.2 99.00 99.00 99.00 999 1018.8  10.8 999.0 999.0 99.0 99.00
2019 11 27 10 00 228  1.6  1.7 99.00 99.00 99.00 999 1018.7  10.8 999.0 999.0 99.0 99.00
2019 11 27 11 00 212  1.0  1.0 99.00 99.00 99.00 999 1018.6  10.9 999.0 999.0 99.0 99.00
2019 11 27 12 00 154  2.9  2.9 99.00 99.00 99.00 999 1018.4  10.9 999.0 999.0 99.0 99.00
2019 11 27 13 00 140  4.2  4.3 99.00 99.00 99.00 999 1017.8  11.3 999.0 999.0 99.0 99.00
2019 11 27 14 00 121  4.1  4.2 99.00 99.00 99.00 999 1017.5  10.5 999.0 999.0 99.0 99.00
2019 11 27 15 00 128  4.1  4.3 99.00 99.00 99.00 999 1016.7  10.8 999.0 999.0 99.0 99.00
2019 11 27 16 00 121  6.0  6.3 99.00 99.00 99.00 999 1014.4  11.3 999.0 999.0 99.0 99.00
2019 11 27 17 00 118  3.3  3.6 99.00 99.00 99.00 999 1014.0  11.1 999.0 999.0 99.0 99.00
2019 11 27 18 00 114  6.0  6.2 99.00 99.00 99.00 999 1012.2  11.7 999.0 999.0 99.0 99.00
2019 11 27 19 00 119  6.0  6.2 99.00 99.00 99.00 999 1010.0  11.8 999.0 999.0 99.0 99.00
2019 11 27 20 00 175  6.1  6.4 99.00 99.00 99.00 999 1008.8  13.0 999.0 999.0 99.0 99.00
2019 11 27 21 00 184  8.7  8.9 99.00 99.00 99.00 999 1007.5  13.0 999.0 999.0 99.0 99.00
2019 11 27 22 00 181  9.3  9.9 99.00 99.00 99.00 999 1005.8  13.0 999.0 999.0 99.0 99.00
2019 11 27 23 00 167  7.9  8.3 99.00 99.00 99.00 999 1003.6  13.0 999.0 999.0 99.0 99.00
2019 11 28 00 00 194 12.3 14.5 99.00 99.00 99.00 999 1001.8  12.5 999.0 999.0 99.0 99.00
2019 11 28 01 00 237 13.3 15.5 99.00 99.00 99.00 999 1001.3  12.7 999.0 999.0 99.0 99.00
2019 11 28 02 00 234 12.4 13.4 99.00 99.00 99.00 999 1000.1  12.5 999.0 999.0 99.0 99.00
2019 11 28 03 00 245 12.5 13.3 99.00 99.00 99.00 999  999.9  12.3 999.0 999.0 99.0 99.00
2019 11 28 04 00 241 11.7 12.8 99.00 99.00 99.00 999  999.1  12.2 999.0 999.0 99.0 99.00
2019 11 28 05 00 256 11.0 11.9 99.00 99.00 99.00 999  998.2  11.8 999.0 999.0 99.0 99.00
2019 11 28 06 00 307 11.9 13.4 99.00 99.00 99.00 999  998.7  10.8 999.0 999.0 99.0 99.00
2019 11 28 07 00 301  8.4 10.3 99.00 99.00 99.00 999  999.4   9.9 999.0 999.0 99.0 99.00
2019 11 28 08 00 307 11.8 13.2 99.00 99.00 99.00 999  998.9   9.6 999.0 999.0 99.0 99.00
2019 11 28 09 00 296 15.1 18.0 99.00 99.00 99.00 999  999.0   9.2 999.0 999.0 99.0 99.00
2019 11 28 10 00 294 13.8 16.5 99.00 99.00 99.00 999  999.7   8.5 999.0 999.0 99.0 99.00
2019 11 28 11 00 293 15.2 16.7 99.00 99.00 99.00 999  999.9   8.1 999.0 999.0 99.0 99.00
2019 11 28 12 00 297 16.6 18.2 99.00 99.00 99.00 999 1000.7   6.6 999.0 999.0 99.0 99.00
2019 11 28 13 00 299 14.1 16.4 99.00 99.00 99.00 999 1001.1   7.3 999.0 999.0 99.0 99.00
2019 11 28 14 00 302 13.2 15.2 99.00 99.00 99.00 999 1001.5   7.5 999.0 999.0 99.0 99.00
2019 11 28 15 00 312 13.9 16.0 99.00 99.00 99.00 999 1001.9   8.0 999.0 999.0 99.0 99.00
2019 11 28 16 00 323 14.1 15.9 99.00 99.00 99.00 999 1001.9   8.4 999.0 999.0 99.0 99.00
2019 11 28 17 00 332 14.9 15.9 99.00 99.00 99.00 999 1002.6   7.9 999.0 999.0 99.0 99.00
2019 11 28 18 00 341 14.9 17.0 99.00 99.00 99.00 999 1003.6   7.6 999.0 999.0 99.0 99.00
2019 11 28 19 00 342 14.4 16.0 99.00 99.00 99.00 999 1005.7   6.9 999.0 999.0 99.0 99.00
2019 11 28 20 00 340 13.2 15.5 99.00 99.00 99.00 999 1007.3   7.0 999.0 999.0 99.0 99.00
2019 11 28 21 00 342 13.5 15.2 99.00 99.00 99.00 999 1008.6   6.5 999.0 999.0 99.0 99.00
2019 11 28 22 00 338 14.9 16.5 99.00 99.00 99.00 999 1010.0   6.0 999.0 999.0 99.0 99.00
2019 11 28 23 00 336 15.9 17.5 99.00 99.00 99.00 999 1011.4   5.7 999.0 999.0 99.0 99.00
2019 11 29 00 00 341 15.2 16.6 99.00 99.00 99.00 999 1012.9   4.9 999.0 999.0 99.0 99.00
2019 11 29 01 00 336 14.2 16.0 99.00 99.00 99.00 999 1014.4   4.4 999.0 999.0 99.0 99.00
2019 11 29 02 00 336 14.2 15.8 99.00 99.00 99.00 999 1015.3   3.9 999.0 999.0 99.0 99.00
2019 11 29 03 00 343 14.2 16.6 99.00 99.00 99.00 999 1016.3   3.3 999.0 999.0 99.0 99.00
2019 11 29 04 00 340 14.2 16.2 99.00 99.00 99.00 999 1016.9   2.8 999.0 999.0 99.0 99.00
2019 11 29 05 00 337 13.3 15.8 99.00 99.00 99.00 999 1017.4   2.5 999.0 999.0 99.0 99.00
2019 11 29 06 00 340 12.6 13.8 99.00 99.00 99.00 999 1017.6   1.9 999.0 999.0 99.0 99.00
2019 11 29 07 00 335 15.2 17.0 99.00 99.00 99.00 999 1017.8   1.6 999.0 999.0 99.0 99.00
2019 11 29 08 00 344 13.6 16.5 99.00 99.00 99.00 999 1017.5   1.4 999.0 999.0 99.0 99.00
2019 11 29 09 00 343 12.9 14.3 99.00 99.00 99.00 999 1017.8   1.2 999.0 999.0 99.0 99.00
2019 11 29 10 00 333 12.5 14.6 99.00 99.00 99.00 999 1018.9   1.3 999.0 999.0 99.0 99.00
2019 11 29 11 00 342 14.0 16.0 99.00 99.00 99.00 999 1018.5   1.4 999.0 999.0 99.0 99.00
2019 11 29 12 00 343 14.8 15.9 99.00 99.00 99.00 999 1018.9   1.1 999.0 999.0 99.0 99.00
2019 11 29 13 00 349 13.7 14.8 99.00 99.00 99.00 999 1018.9   1.4 999.0 999.0 99.0 99.00
2019 11 29 14 00 353 12.1 13.6 99.00 99.00 99.00 999 1018.9   2.0 999.0 999.0 99.0 99.00
2019 11 29 15 00 353  9.2 11.0 99.00 99.00 99.00 999 1019.4   2.7 999.0 999.0 99.0 99.00
2019 11 29 16 00 336  9.7 10.7 99.00 99.00 99.00 999 1018.9   3.2 999.0 999.0 99.0 99.00
2019 11 29 17 00 340  8.8  9.8 99.00 99.00 99.00 999 1018.2   3.9 999.0 999.0 99.0 99.00
2019 11 29 18 00 330  8.5  9.4 99.00 99.00 99.00 999 1017.7   4.4 999.0 999.0 99.0 99.00
2019 11 29 19 00 326 10.6 11.4 99.00 99.00 99.00 999 1016.9   5.1 999.0 999.0 99.0 99.00
2019 11 29 20 00 323 10.3 11.5 99.00 99.00 99.00 999 1016.9   5.2 999.0 999.0 99.0 99.00
2019 11 29 21 00 328 12.0 13.0 99.00 99.00 99.00 999 1016.8   5.1 999.0 999.0 99.0 99.00
2019 11 29 22 00 324 13.0 14.1 99.00 99.00 99.00 999 1017.1   4.3 999.0 999.0 99.0 99.00
2019 11 29 23 00 333 12.8 14.7 99.00 99.00 99.00 999 1016.7   3.9 999.0 999.0 99.0 99.00
2019 11 30 00 00 341 11.6 12.9 99.00 99.00 99.00 999 1016.5   3.4 999.0 999.0 99.0 99.00
2019 11 30 01 00 334 12.5 14.2 99.00 99.00 99.00 999 1016.4   2.8 999.0 999.0 99.0 99.00
2019 11 30 02 00 341 12.5 13.7 99.00 99.00 99.00 999 1016.6   2.0 999.0 999.0 99.0 99.00
2019 11 30 03 00 350 10.9 12.1 99.00 99.00 99.00 999 1016.5   1.4 999.0 999.0 99.0 99.00
2019 11 30 04 00 334 11.9 13.1 99.00 99.00 99.00 999 1016.2   1.1 999.0 999.0 99.0 99.00
2019 11 30 05 00 332 10.8 11.8 99.00 99.00 99.00 999 1015.7   0.8 999.0 999.0 99.0 99.00
2019 11 30 06 00 327  9.9 11.1 99.00 99.00 99.00 999 1015.4   1.0 999.0 999.0 99.0 99.00
2019 11 30 07 00 328  9.4 11.1 99.00 99.00 99.00 999 1015.1   1.0 999.0 999.0 99.0 99.00
2019 11 30 08 00 338 13.8 17.2 99.00 99.00 99.00 999 1014.4   0.9 999.0 999.0 99.0 99.00
2019 11 30 09 00 334 15.0 16.6 99.00 99.00 99.00 999 1014.4   0.4 999.0 999.0 99.0 99.00
2019 11 30 10 00 338 14.8 15.8 99.00 99.00 99.00 999 1014.3   0.2 999.0 999.0 99.0 99.00
2019 11 30 11 00 343 14.2 16.0 99.00 99.00 99.00 999 1014.2   0.0 999.0 999.0 99.0 99.00
2019 11 30 12 00 333 12.5 14.0 99.00 99.00 99.00 999 1015.0  -0.1 999.0 999.0 99.0 99.00
2019 11 30 13 00 345 12.8 15.0 99.00 99.00 99.00 999 1014.6  -0.1 999.0 999.0 99.0 99.00
2019 11 30 14 00 337 13.8 14.9 99.00 99.00 99.00 999 1014.5   0.0 999.0 999.0 99.0 99.00
2019 11 30 15 00 329 14.5 15.6 99.00 99.00 99.00 999 1014.8   0.6 999.0 999.0 99.0 99.00
2019 11 30 16 00 330 11.4 14.0 99.00 99.00 99.00 999 1014.4   1.7 999.0 999.0 99.0 99.00
2019 11 30 17 00 331 11.6 12.7 99.00 99.00 99.00 999 1013.7   2.4 999.0 999.0 99.0 99.00
2019 11 30 18 00 324 11.9 13.1 99.00 99.00 99.00 999 1012.7   2.7 999.0 999.0 99.0 99.00
2019 11 30 19 00 326 10.9 11.7 99.00 99.00 99.00 999 1012.6   3.3 999.0 999.0 99.0 99.00
2019 11 30 20 00 327  8.1  9.3 99.00 99.00 99.00 999 1013.0   3.5 999.0 999.0 99.0 99.00
2019 11 30 21 00 324  9.4 10.5 99.00 99.00 99.00 999 1012.9   3.4 999.0 999.0 99.0 99.00
2019 11 30 22 00 331 10.1 11.0 99.00 99.00 99.00 999 1013.3   3.1 999.0 999.0 99.0 99.00
2019 11 30 23 00 321  9.7 11.2 99.00 99.00 99.00 999 1014.2   2.7 999.0 999.0 99.0 99.00
