#YY  MM DD hh mm WDIR WSPD GST  WVHT   DPD   APD MWD   PRES  ATMP  WTMP  DEWP  VIS  TIDE
#yr  mo dy hr mn degT m/s  m/s     m   sec   sec deg    hPa  degC  degC  degC  nmi    ft
2019 03 01 00 00   8  4.2  4.9 99.00 99.00 99.00 999 1025.0  -1.7 999.0 999.0 99.0 99.00
2019 03 01 01 00   8  2.7  3.1 99.00 99.00 99.00 999 1025.8  -1.7 999.0 999.0 99.0 99.00
2019 03 01 02 00  59  1.0  1.3 99.00 99.00 99.00 999 1026.1  -1.8 999.0 999.0 99.0 99.00
2019 03 01 03 00  76  0.9  1.7 99.00 99.00 99.00 999 1026.2  -1.9 999.0 999.0 99.0 99.00
2019 03 01 04 00  70  1.4  2.4 99.00 99.00 99.00 999 1026.3  -1.9 999.0 999.0 99.0 99.00
2019 03 01 05 00  47  2.3  2.7 99.00 99.00 99.00 999 1026.2  -1.8 999.0 999.0 99.0 99.00
2019 03 01 06 00   0  3.8  4.4 99.00 99.00 99.00 999 1026.7  -1.8 999.0 999.0 99.0 99.00
2019 03 01 07 00   1  3.7  4.2 99.00 99.00 99.00 999 1026.8  -2.1 999.0 999.0 99.0 99.00
2019 03 01 08 00   4  4.6  4.9 99.00 99.00 99.00 999 1026.8  -2.4 999.0 999.0 99.0 99.00
2019 03 01 09 00  16  4.6  5.1 99.00 99.00 99.00 999 1027.2  -2.7 999.0 999.0 99.0 99.00
2019 03 01 10 00  29  4.7  5.6 99.00 99.00 99.00 999 1027.6  -2.9 999.0 999.0 99.0 99.00
2019 03 01 11 00  23  4.0  4.2 99.00 99.00 99.00 999 1028.2  -2.9 999.0 999.0 99.0 99.00
2019 03 01 12 00   8  3.1  3.6 99.00 99.00 99.00 999 1028.8  -2.7 999.0 999.0 99.0 99.00
2019 03 01 13 00  14  2.1  2.4 99.00 99.00 99.00 999 1029.7  -2.4 999.0 999.0 99.0 99.00
2019 03 01 14 00 146  1.6  2.2 99.00 99.00 99.00 999 1030.1  -1.9 999.0 999.0 99.0 99.00
2019 03 01 15 00 122  1.5  2.1 99.00 99.00 99.00 999 1029.5  -1.6 999.0 999.0 99.0 99.00
2019 03 01 16 00 106  1.5  1.7 99.00 99.00 99.00 999 1029.2  -1.5 999.0 999.0 99.0 99.00
2019 03 01 17 00  92  1.8  2.2 99.00 99.00 99.00 999 1028.8  -1.3 999.0 999.0 99.0 99.00
2019 03 01 18 00  53  1.5  1.8 99.00 99.00 99.00 999 1028.3  -1.1 999.0 999.0 99.0 99.00
2019 03 01 19 00  54  1.2  1.3 99.00 99.00 99.00 999 1028.0  -0.7 999.0 999.0 99.0 99.00
2019 03 01 20 00  68  0.9  1.2 99.00 99.00 99.00 999 1027.6  -0.4 999.0 999.0 99.0 99.00
2019 03 01 21 00 154  3.1  3.8 99.00 99.00 99.00 999 1027.7  -0.1 999.0 999.0 99.0 99.00
2019 03 01 22 00 138  2.7  3.0 99.00 99.00 99.00 999 1027.2   0.0 999.0 999.0 99.0 99.00
2019 03 01 23 00 108  2.9  3.1 99.00 99.00 99.00 999 1026.9   0.2 999.0 999.0 99.0 99.00
2019 03 02 00 00 103  3.9  4.3 99.00 99.00 99.00 999 1027.1   0.3 999.0 999.0 99.0 99.00
2019 03 02 01 00  71  4.4  5.0 99.00 99.00 99.00 999 1026.4   0.4 999.0 999.0 99.0 99.00
2019 03 02 02 00  65  5.4  5.9 99.00 99.00 99.00 999 1026.0   0.4 999.0 999.0 99.0 99.00
2019 03 02 03 00  49  5.8  6.2 99.00 99.00 99.00 999 1025.3   0.5 999.0 999.0 99.0 99.00
2019 03 02 04 00  60  5.2  5.8 99.00 99.00 99.00 999 1024.6   0.7 999.0 999.0 99.0 99.00
2019 03 02 05 00  53  7.1  7.6 99.00 99.00 99.00 999 1023.2   0.5 999.0 999.0 99.0 99.00
2019 03 02 06 00  52  7.9  8.3 99.00 99.00 99.00 999 1022.4   0.8 999.0 999.0 99.0 99.00
2019 03 02 07 00  51  8.4  9.0 99.00 99.00 99.00 999 1021.1   0.8 999.0 999.0 99.0 99.00
2019 03 02 08 00  44 10.5 10.9 99.00 99.00 99.00 999 1019.5   0.7 999.0 999.0 99.0 99.00
2019 03 02 09 00  41 10.5 11.2 99.00 99.00 99.00 999 1018.2   0.7 999.0 999.0 99.0 99.00
2019 03 02 10 00  28 10.0 10.7 99.00 99.00 99.00 999 1017.2   0.8 999.0 999.0 99.0 99.00
2019 03 02 11 00  23 12.1 13.5 99.00 99.00 99.00 999 1016.0   0.9 999.0 999.0 99.0 99.00
2019 03 02 12 00  22 13.8 14.8 99.00 99.00 99.00 999 1015.0   0.8 999.0 999.0 99.0 99.00
2019 03 02 13 00  22 11.9 12.9 99.00 99.00 99.00 999 1015.0   0.4 999.0 999.0 99.0 99.00
2019 03 02 14 00  15 11.8 12.9 99.00 99.00 99.00 999 1014.7   0.2 999.0 999.0 99.0 99.00
2019 03 02 15 00  10 10.8 11.8 99.00 99.00 99.00 999 1014.4   0.5 999.0 999.0 99.0 99.00
2019 03 02 16 00  11 11.6 12.8 99.00 99.00 99.00 999 1013.0   0.5 999.0 999.0 99.0 99.00
2019 03 02 17 00   8 11.9 13.0 99.00 99.00 99.00 999 1012.7   0.8 999.0 999.0 99.0 99.00
2019 03 02 18 00  12 12.5 13.7 99.00 99.00 99.00 999 1012.2   1.3 999.0 999.0 99.0 99.00
2019 03 02 19 00 359 10.0 10.5 99.00 99.00 99.00 999 1013.1   1.8 999.0 999.0 99.0 99.00
2019 03 02 20 00 340 11.5 12.5 99.00 99.00 99.00 999 1013.8   0.6 999.0 999.0 99.0 99.00
2019 03 02 21 00 351 10.1 11.1 99.00 99.00 99.00 999 1014.7   0.5 999.0 999.0 99.0 99.00
2019 03 02 22 00 347  8.0  9.0 99.00 99.00 99.00 999 1015.2   0.6 999.0 999.0 99.0 99.00
2019 03 02 23 00 354  7.4  7.9 99.00 99.00 99.00 999 1015.7   0.3 999.0 999.0 99.0 99.00
2019 03 03 00 00 352  4.8  5.4 99.00 99.00 99.00 999 1016.7   0.2 999.0 999.0 99.0 99.00
2019 03 03 01 00 333  4.8  5.9 99.00 99.00 99.00 999 1018.0   0.3 999.0 999.0 99.0 99.00
2019 03 03 02 00 354  4.6  5.2 99.00 99.00 99.00 999 1017.6   0.3 999.0 999.0 99.0 99.00
2019 03 03 03 00 341  3.3  3.6 99.00 99.00 99.00 999 1018.0   0.3 999.0 999.0 99.0 99.00
2019 03 03 04 00  11  1.9  2.2 99.00 99.00 99.00 999 1017.9   0.5 999.0 999.0 99.0 99.00
2019 03 03 05 00   0  0.0  0.1 99.00 99.00 99.00 999 1018.0   0.5 999.0 999.0 99.0 99.00
2019 03 03 06 00 197  2.9  3.4 99.00 99.00 99.00 999 1018.1   0.8 999.0 999.0 99.0 99.00
2019 03 03 07 00 218  2.8  3.0 99.00 99.00 99.00 999 1018.2   1.2 999.0 999.0 99.0 99.00
2019 03 03 08 00 202  2.2  2.4 99.00 99.00 99.00 999 1017.8   1.6 999.0 999.0 99.0 99.00
2019 03 03 09 00 211  1.9  2.1 99.00 99.00 99.00 999 1017.9   1.9 999.0 999.0 99.0 99.00
2019 03 03 10 00 287  5.8  6.3 99.00 99.00 99.00 999 1018.6   2.3 999.0 999.0 99.0 99.00
2019 03 03 11 00 310  6.3  7.1 99.00 99.00 99.00 999 1019.2   1.3 999.0 999.0 99.0 99.00
2019 03 03 12 00 308  7.4  7.9 99.00 99.00 99.00 999 1019.9   1.4 999.0 999.0 99.0 99.00
2019 03 03 13 00 320  7.2  7.5 99.00 99.00 99.00 999 1020.3   1.1 999.0 999.0 99.0 99.00
2019 03 03 14 00 324  5.7  6.5 99.00 99.00 99.00 999 1020.9   1.6 999.0 999.0 99.0 99.00
2019 03 03 15 00 323  3.1  3.2 99.00 99.00 99.00 999 1020.9   2.0 999.0 999.0 99.0 99.00
2019 03 03 16 00 343  0.6  0.7 99.00 99.00 99.00 999 1020.8   2.5 999.0 999.0 99.0 99.00
2019 03 03 17 00 180  2.1  2.2 99.00 99.00 99.00 999 1020.9   2.4 999.0 999.0 99.0 99.00
2019 03 03 18 00 168  1.2  1.4 99.00 99.00 99.00 999 1019.7   2.8 999.0 999.0 99.0 99.00
2019 03 03 19 00 176  2.6  2.7 99.00 99.00 99.00 999 1019.3   2.6 999.0 999.0 99.0 99.00
2019 03 03 20 00 179  3.6  3.9 99.00 99.00 99.00 999 1019.0   2.7 999.0 999.0 99.0 99.00
2019 03 03 21 00 171  4.6  5.0 99.00 99.00 99.00 999 1018.4   2.5 999.0 999.0 99.0 99.00
2019 03 03 22 00 162  4.7  5.0 99.00 99.00 99.00 999 1018.2   2.6 999.0 999.0 99.0 99.00
2019 03 03 23 00 183  5.4  5.9 99.00 99.00 99.00 999 1018.8   3.1 999.0 999.0 99.0 99.00
2019 03 04 00 00 181  6.0  6.2 99.00 99.00 99.00 999 1018.0   3.2 999.0 999.0 99.0 99.00
2019 03 04 01 00 179  2.7  2.9 99.00 99.00 99.00 999 1016.7   1.4 999.0 999.0 99.0 99.00
2019 03 04 02 00 121  2.1  2.5 99.00 99.00 99.00 999 1016.4   1.2 999.0 999.0 99.0 99.00
2019 03 04 03 00  54  2.2  2.4 99.00 99.00 99.00 999 1015.8   0.2 999.0 999.0 99.0 99.00
2019 03 04 04 00  41  4.0  4.2 99.00 99.00 99.00 999 1014.8   0.0 999.0 999.0 99.0 99.00
2019 03 04 05 00  38  7.1  7.7 99.00 99.00 99.00 999 1012.2   0.0 999.0 999.0 99.0 99.00
2019 03 04 06 00  36 11.4 12.3 99.00 99.00 99.00 999 1008.8   0.1 999.0 999.0 99.0 99.00
2019 03 04 07 00  14 13.2 14.3 99.00 99.00 99.00 999 1006.4   0.4 999.0 999.0 99.0 99.00
2019 03 04 08 00  10 13.7 14.7 99.00 99.00 99.00 999 1003.3   0.6 999.0 999.0 99.0 99.00
2019 03 04 09 00  18 14.6 16.8 99.00 99.00 99.00 999 1000.6   0.8 999.0 999.0 99.0 99.00
2019 03 04 10 00   7 14.0 15.0 99.00 99.00 99.00 999 1000.1   1.2 999.0 999.0 99.0 99.00
2019 03 04 11 00   3 14.2 15.2 99.00 99.00 99.00 999  999.1   1.3 999.0 999.0 99.0 99.00
2019 03 04 12 00   2 12.4 13.2 99.00 99.00 99.00 999  999.0   1.3 999.0 999.0 99.0 99.00
2019 03 04 13 00 351 11.5 12.6 99.00 99.00 99.00 999 1001.2   1.3 999.0 999.0 99.0 99.00
2019 03 04 14 00 335 11.4 12.8 99.00 99.00 99.00 999 1001.5   1.4 999.0 999.0 99.0 99.00
2019 03 04 15 00 334 12.6 13.7 99.00 99.00 99.00 999 1002.0   1.5 999.0 999.0 99.0 99.00
2019 03 04 16 00 343 10.6 12.4 99.00 99.00 99.00 999 1002.6   1.9 999.0 999.0 99.0 99.00
2019 03 04 17 00 318  8.6  9.3 99.00 99.00 99.00 999 1003.9   2.2 999.0 999.0 99.0 99.00
2019 03 04 18 00 313  9.5 10.6 99.00 99.00 99.00 999 1004.6   2.9 999.0 999.0 99.0 99.00
2019 03 04 19 00 313  7.5  8.2 99.00 99.00 99.00 999 1004.9   3.5 999.0 999.0 99.0 99.00
2019 03 04 20 00 299  8.5  9.7 99.00 99.00 99.00 999 1005.8   3.2 999.0 999.0 99.0 99.00
2019 03 04 21 00 286  8.8  9.4 99.00 99.00 99.00 999 1006.7   3.3 999.0 999.0 99.0 99.00
2019 03 04 22 00 290  8.2  8.8 99.00 99.00 99.00 999 1007.6   3.1 999.0 999.0 99.0 99.00
2019 03 04 23 00 303  5.7  6.2 99.00 99.00 99.00 999 1008.7   2.9 999.0 999.0 99.0 99.00
2019 03 05 00 00 298  8.6  9.2 99.00 99.00 99.00 999 1009.9   2.4 999.0 999.0 99.0 99.00
2019 03 05 01 00 300  8.6  9.1 99.00 99.00 99.00 999 1010.6   1.9 999.0 999.0 99.0 99.00
2019 03 05 02 00 303  8.8  9.9 99.00 99.00 99.00 999 1011.7   1.1 999.0 999.0 99.0 99.00
2019 03 05 03 00 309 12.8 14.2 99.00 99.00 99.00 999 1012.9  -0.1 999.0 999.0 99.0 99.00
2019 03 05 04 00 315 14.1 16.2 99.00 99.00 99.00 999 1013.6  -1.8 999.0 999.0 99.0 99.00
2019 03 05 05 00 312 11.8 13.3 99.00 99.00 99.00 999 1014.6  -2.5 999.0 999.0 99.0 99.00
2019 03 05 06 00 329 13.6 14.7 99.00 99.00 99.00 999 1014.9  -3.5 999.0 999.0 99.0 99.00
2019 03 05 07 00 307 10.8 11.8 99.00 99.00 99.00 999 1016.1  -4.0 999.0 999.0 99.0 99.00
2019 03 05 08 00 324  9.9 11.1 99.00 99.00 99.00 999 1016.5  -5.0 999.0 999.0 99.0 99.00
2019 03 05 09 00 311 12.5 14.0 99.00 99.00 99.00 999 1016.6  -5.2 999.0 999.0 99.0 99.00
2019 03 05 10 00 300 11.2 12.5 99.00 99.00 99.00 999 1017.6  -5.7 999.0 999.0 99.0 99.00
2019 03 05 11 00 302  9.8 11.5 99.00 99.00 99.00 999 1018.4  -5.9 999.0 999.0 99.0 99.00
2019 03 05 12 00 309  8.5  9.9 99.00 99.00 99.00 999 1019.1  -5.9 999.0 999.0 99.0 99.00
2019 03 05 13 00 319  7.4  8.8 99.00 99.00 99.00 999 1019.2  -6.4 999.0 999.0 99.0 99.00
2019 03 05 14 00 329  5.8  7.0 99.00 99.00 99.00 999 1019.3  -6.2 999.0 999.0 99.0 99.00
2019 03 05 15 00 288  3.6  5.2 99.00 99.00 99.00 999 1018.9  -5.4 999.0 999.0 99.0 99.00
2019 03 05 16 00 272  3.3  4.1 99.00 99.00 99.00 999 1018.4  -5.2 999.0 999.0 99.0 99.00
2019 03 05 17 00 229  6.0  7.5 99.00 99.00 99.00 999 1017.5  -5.2 999.0 999.0 99.0 99.00
2019 03 05 18 00 239  7.9  8.9 99.00 99.00 99.00 999 1016.7  -4.6 999.0 999.0 99.0 99.00
2019 03 05 19 00 233  8.5  9.1 99.00 99.00 99.00 999 1015.9  -4.0 999.0 999.0 99.0 99.00
2019 03 05 20 00 231  9.2 10.6 99.00 99.00 99.00 999 1015.2  -3.3 999.0 999.0 99.0 99.00
2019 03 05 21 00 226  7.7  9.1 99.00 99.00 99.00 999 1014.5  -3.0 999.0 999.0 99.0 99.00
2019 03 05 22 00 224  9.6 11.4 99.00 99.00 99.00 999 1013.9  -2.4 999.0 999.0 99.0 99.00
2019 03 05 23 00 230  9.5 10.6 99.00 99.00 99.00 999 1013.7  -2.0 999.0 999.0 99.0 99.00
2019 03 06 00 00 237  9.7 10.8 99.00 99.00 99.00 999 1014.0  -1.8 999.0 999.0 99.0 99.00
2019 03 06 01 00 246  8.3  9.5 99.00 99.00 99.00 999 1013.8  -1.7 999.0 999.0 99.0 99.00
2019 03 06 02 00 277  9.5 10.0 99.00 99.00 99.00 999 1013.7  -1.5 999.0 999.0 99.0 99.00
2019 03 06 03 00 272  8.4  9.5 99.00 99.00 99.00 999 1013.7  -1.3 999.0 999.0 99.0 99.00
2019 03 06 04 00 270  9.4 10.1 99.00 99.00 99.00 999 1013.2  -1.2 999.0 999.0 99.0 99.00
2019 03 06 05 00 287  9.5 10.5 99.00 99.00 99.00 999 1012.7  -1.2 999.0 999.0 99.0 99.00
2019 03 06 06 00 306 11.5 12.7 99.00 99.00 99.00 999 1012.8  -2.2 999.0 999.0 99.0 99.00
2019 03 06 07 00 348 14.2 15.4 99.00 99.00 99.00 999 1012.6  -4.5 999.0 999.0 99.0 99.00
2019 03 06 08 00 328 12.1 14.6 99.00 99.00 99.00 999 1013.5  -5.2 999.0 999.0 99.0 99.00
2019 03 06 09 00 326  9.9 10.9 99.00 99.00 99.00 999 1014.2  -5.3 999.0 999.0 99.0 99.00
2019 03 06 10 00 316 12.4 13.7 99.00 99.00 99.00 999 1015.3  -6.0 999.0 999.0 99.0 99.00
2019 03 06 11 00 307  9.5 11.7 99.00 99.00 99.00 999 1016.1  -6.7 999.0 999.0 99.0 99.00
2019 03 06 12 00 307  9.8 11.2 99.00 99.00 99.00 999 1016.8  -7.0 999.0 999.0 99.0 99.00
2019 03 06 13 00 300 10.7 11.8 99.00 99.00 99.00 999 1017.9  -7.0 999.0 999.0 99.0 99.00
2019 03 06 14 00 310  9.7 11.3 99.00 99.00 99.00 999 1018.0  -6.5 999.0 999.0 99.0 99.00
2019 03 06 15 00 307 12.8 15.3 99.00 99.00 99.00 999 1017.9  -6.3 999.0 999.0 99.0 99.00
2019 03 06 16 00 293 10.2 11.8 99.00 99.00 99.00 999 1018.0  -5.8 999.0 999.0 99.0 99.00
2019 03 06 17 00 283 10.2 12.1 99.00 99.00 99.00 999 1017.6  -5.5 999.0 999.0 99.0 99.00
2019 03 06 18 00 301  9.9 10.8 99.00 99.00 99.00 999 1017.1  -5.1 999.0 999.0 99.0 99.00
2019 03 06 19 00 308  8.3  9.3 99.00 99.00 99.00 999 1016.7  -4.8 999.0 999.0 99.0 99.00
2019 03 06 20 00 297  9.3 10.1 99.00 99.00 99.00 999 1017.2  -4.5 999.0 999.0 99.0 99.00
2019 03 06 21 00 292  9.5 11.4 99.00 99.00 99.00 999 1017.7  -4.1 999.0 999.0 99.0 99.00
2019 03 06 22 00 305 10.7 12.0 99.00 99.00 99.00 999 1018.2  -4.3 999.0 999.0 99.0 99.00
2019 03 06 23 00 288  9.9 11.2 99.00 99.00 99.00 999 1019.6  -4.8 999.0 999.0 99.0 99.00
2019 03 07 00 00 282 10.8 12.3 99.00 99.00 99.00 999 1020.4  -4.7 999.0 999.0 99.0 99.00
2019 03 07 01 00 299  8.7  9.5 99.00 99.00 99.00 999 1021.2  -4.9 999.0 999.0 99.0 99.00
2019 03 07 02 00 304  9.9 11.2 99.00 99.00 99.00 999 1021.8  -5.2 999.0 999.0 99.0 99.00
2019 03 07 03 00 309 10.6 12.4 99.00 99.00 99.00 999 1022.7  -5.5 999.0 999.0 99.0 99.00
2019 03 07 04 00 312 10.8 12.1 99.00 99.00 99.00 999 1023.2  -6.0 999.0 999.0 99.0 99.00
2019 03 07 05 00 313 11.7 13.3 99.00 99.00 99.00 999 1023.3  -6.6 999.0 999.0 99.0 99.00
2019 03 07 06 00 297 10.4 11.4 99.00 99.00 99.00 999 1024.0  -7.0 999.0 999.0 99.0 99.00
2019 03 07 07 00 319  9.8 11.6 99.00 99.00 99.00 999 1023.7  -7.3 999.0 999.0 99.0 99.00
2019 03 07 08 00 314  8.2 10.4 99.00 99.00 99.00 999 1023.7  -7.6 999.0 999.0 99.0 99.00
2019 03 07 09 00 306  8.9 10.1 99.00 99.00 99.00 999 1023.7  -8.0 999.0 999.0 99.0 99.00
2019 03 07 10 00 308  7.2  8.5 99.00 99.00 99.00 999 1024.1  -8.2 999.0 999.0 99.0 99.00
2019 03 07 11 00 309  7.2  8.8 99.00 99.00 99.00 999 1024.7  -8.3 999.0 999.0 99.0 99.00
2019 03 07 12 00 286  8.2  9.6 99.00 99.00 99.00 999 1024.9  -7.7 999.0 999.0 99.0 99.00
2019 03 07 13 00 302 11.5 12.5 99.00 99.00 99.00 999 1025.4  -7.6 999.0 999.0 99.0 99.00
2019 03 07 14 00 287  9.9 11.5 99.00 99.00 99.00 999 1025.5  -7.4 999.0 999.0 99.0 99.00
2019 03 07 15 00 276  9.5 10.4 99.00 99.00 99.00 999 1025.4  -6.9 999.0 999.0 99.0 99.00
2019 03 07 16 00 265  7.4  8.7 99.00 99.00 99.00 999 1025.3  -6.5 999.0 999.0 99.0 99.00
2019 03 07 17 00 260  9.2 10.7 99.00 99.00 99.00 999 1024.6  -5.8 999.0 999.0 99.0 99.00
2019 03 07 18 00 251 10.1 11.1 99.00 99.00 99.00 999 1023.8  -5.0 999.0 999.0 99.0 99.00
2019 03 07 19 00 243  6.2  7.6 99.00 99.00 99.00 999 1023.5  -4.5 999.0 999.0 99.0 99.00
2019 03 07 20 00 256  8.9 11.2 99.00 99.00 99.00 999 1023.3  -3.5 999.0 999.0 99.0 99.00
2019 03 07 21 00 251  8.1 11.3 99.00 99.00 99.00 999 1023.4  -3.1 999.0 999.0 99.0 99.00
2019 03 07 22 00 272  8.8 10.1 99.00 99.00 99.00 999 1023.6  -2.3 999.0 999.0 99.0 99.00
2019 03 07 23 00 272  9.6 10.7 99.00 99.00 99.00 999 1024.4  -2.0 999.0 999.0 99.0 99.00
2019 03 08 00 00 289  9.5 10.7 99.00 99.00 99.00 999 1025.2  -1.9 999.0 999.0 99.0 99.00
2019 03 08 01 00 275  9.6 10.7 99.00 99.00 99.00 999 1025.8  -1.9 999.0 999.0 99.0 99.00
2019 03 08 02 00 292 11.0 12.3 99.00 99.00 99.00 999 1026.6  -2.1 999.0 999.0 99.0 99.00
2019 03 08 03 00 304 10.7 11.6 99.00 99.00 99.00 999 1027.7  -3.1 999.0 999.0 99.0 99.00
2019 03 08 04 00 309 11.1 12.2 99.00 99.00 99.00 999 1028.4  -3.6 999.0 999.0 99.0 99.00
2019 03 08 05 00 314 12.4 13.7 99.00 99.00 99.00 999 1028.6  -4.3 999.0 999.0 99.0 99.00
2019 03 08 06 00 322 10.6 12.3 99.00 99.00 99.00 999 1029.2  -4.6 999.0 999.0 99.0 99.00
2019 03 08 07 00 314  7.8  8.8 99.00 99.00 99.00 999 1029.6  -4.6 999.0 999.0 99.0 99.00
2019 03 08 08 00 317  7.4  8.4 99.00 99.00 99.00 999 1029.6  -4.9 999.0 999.0 99.0 99.00
2019 03 08 09 00 313  6.5  8.1 99.00 99.00 99.00 999 1029.7  -4.8 999.0 999.0 99.0 99.00
2019 03 08 10 00 299  5.7  7.1 99.00 99.00 99.00 999 1030.1  -4.6 999.0 999.0 99.0 99.00
2019 03 08 11 00 305  6.0  6.5 99.00 99.00 99.00 999 1030.4  -4.2 999.0 999.0 99.0 99.00
2019 03 08 12 00 278  5.7  7.6 99.00 99.00 99.00 999 1030.4  -3.5 999.0 999.0 99.0 99.00
2019 03 08 13 00 265  5.1  6.4 99.00 99.00 99.00 999 1030.8  -3.3 999.0 999.0 99.0 99.00
2019 03 08 14 00 271  5.2  6.0 99.00 99.00 99.00 999 1031.0  -3.1 999.0 999.0 99.0 99.00
2019 03 08 15 00 264  5.3  6.1 99.00 99.00 99.00 999 1030.6  -2.8 999.0 999.0 99.0 99.00
2019 03 08 16 00 222  6.9  7.5 99.00 99.00 99.00 999 1030.0  -2.1 999.0 999.0 99.0 99.00
2019 03 08 17 00 242  7.8  8.6 99.00 99.00 99.00 999 1029.1  -1.5 999.0 999.0 99.0 99.00
2019 03 08 18 00 243 11.4 12.6 99.00 99.00 99.00 999 1028.1  -1.1 999.0 999.0 99.0 99.00
2019 03 08 19 00 235  8.5  9.6 99.00 99.00 99.00 999 1027.1  -0.8 999.0 999.0 99.0 99.00
2019 03 08 20 00 234 11.0 11.8 99.00 99.00 99.00 999 1026.8  -0.4 999.0 999.0 99.0 99.00
2019 03 08 21 00 234 10.5 11.5 99.00 99.00 99.00 999 1025.9   0.1 999.0 999.0 99.0 99.00
2019 03 08 22 00 230 10.5 11.5 99.00 99.00 99.00 999 1025.6   0.5 999.0 999.0 99.0 99.00
2019 03 08 23 00 231 11.0 11.6 99.00 99.00 99.00 999 1025.3   1.0 999.0 999.0 99.0 99.00
2019 03 09 00 00 226  9.6 10.9 99.00 99.00 99.00 999 1025.5   1.7 999.0 999.0 99.0 99.00
2019 03 09 01 00 240  8.3  9.6 99.00 99.00 99.00 999 1025.0   1.8 999.0 999.0 99.0 99.00
2019 03 09 02 00 246  8.6  9.3 99.00 99.00 99.00 999 1024.5   1.8 999.0 999.0 99.0 99.00
2019 03 09 03 00 257  8.2  8.9 99.00 99.00 99.00 999 1024.2   1.9 999.0 999.0 99.0 99.00
2019 03 09 04 00 242  6.9  7.4 99.00 99.00 99.00 999 1024.2   2.1 999.0 999.0 99.0 99.00
2019 03 09 05 00 242  7.1  7.6 99.00 99.00 99.00 999 1024.1   2.2 999.0 999.0 99.0 99.00
2019 03 09 06 00 242  6.5  7.8 99.00 99.00 99.00 999 1024.0   2.5 999.0 999.0 99.0 99.00
2019 03 09 07 00 253  6.4  7.2 99.00 99.00 99.00 999 1023.7   2.6 999.0 999.0 99.0 99.00
2019 03 09 08 00 254  6.0  6.4 99.00 99.00 99.00 999 1023.4   2.6 999.0 999.0 99.0 99.00
2019 03 09 09 00 269  5.9  6.6 99.00 99.00 99.00 999 1023.6   2.3 999.0 999.0 99.0 99.00
2019 03 09 10 00 286  5.9  6.3 99.00 99.00 99.00 999 1024.0   1.9 999.0 999.0 99.0 99.00
2019 03 09 11 00 287  5.5  6.0 99.00 99.00 99.00 999 1024.5   1.8 999.0 999.0 99.0 99.00
2019 03 09 12 00 294  5.1  5.7 99.00 99.00 99.00 999 1025.1   1.8 999.0 999.0 99.0 99.00
2019 03 09 13 00 296  4.7  5.3 99.00 99.00 99.00 999 1025.8   1.8 999.0 999.0 99.0 99.00
2019 03 09 14 00 310  3.5  3.9 99.00 99.00 99.00 999 1026.4   1.5 999.0 999.0 99.0 99.00
2019 03 09 15 00 271  2.6  2.8 99.00 99.00 99.00 999 1026.4   1.6 999.0 999.0 99.0 99.00
2019 03 09 16 00 250  2.8  3.0 99.00 99.00 99.00 999 1026.3   2.4 999.0 999.0 99.0 99.00
2019 03 09 17 00 277  3.9  4.1 99.00 99.00 99.00 999 1026.5   3.2 999.0 999.0 99.0 99.00
2019 03 09 18 00 274  3.5  3.6 99.00 99.00 99.00 999 1026.2   3.5 999.0 999.0 99.0 99.00
2019 03 09 19 00 220  2.7  2.8 99.00 99.00 99.00 999 1026.0   3.3 999.0 999.0 99.0 99.00
2019 03 09 20 00 223  2.9  3.1 99.00 99.00 99.00 999 1026.5   3.4 999.0 999.0 99.0 99.00
2019 03 09 21 00 205  3.0  3.1 99.00 99.00 99.00 999 1027.0   3.7 999.0 999.0 99.0 99.00
2019 03 09 22 00 202  2.6  2.7 99.00 99.00 99.00 999 1027.8   3.7 999.0 999.0 99.0 99.00
2019 03 09 23 00 117  5.3  5.7 99.00 99.00 99.00 999 1028.8   3.0 999.0 999.0 99.0 99.00
2019 03 10 00 00 106  6.0  6.6 99.00 99.00 99.00 999 1029.6   2.6 999.0 999.0 99.0 99.00
2019 03 10 01 00  88  6.0  6.6 99.00 99.00 99.00 999 1029.5   2.1 999.0 999.0 99.0 99.00
2019 03 10 02 00  98  6.9  7.3 99.00 99.00 99.00 999 1029.6   1.9 999.0 999.0 99.0 99.00
2019 03 10 03 00 109  6.0  7.2 99.00 99.00 99.00 999 1030.7   2.0 999.0 999.0 99.0 99.00
2019 03 10 04 00 106  7.1  7.7 99.00 99.00 99.00 999 1031.3   2.4 999.0 999.0 99.0 99.00
2019 03 10 05 00 109  6.8  7.4 99.00 99.00 99.00 999 1031.7   2.4 999.0 999.0 99.0 99.00
2019 03 10 06 00 108  8.2  9.2 99.00 99.00 99.00 999 1030.9   2.3 999.0 999.0 99.0 99.00
2019 03 10 07 00  99 10.1 11.3 99.00 99.00 99.00 999 1030.2   2.3 999.0 999.0 99.0 99.00
2019 03 10 08 00 107  9.1 10.0 99.00 99.00 99.00 999 1030.4   2.4 999.0 999.0 99.0 99.00
2019 03 10 09 00  92 10.7 11.5 99.00 99.00 99.00 999 1029.7   2.1 999.0 999.0 99.0 99.00
2019 03 10 10 00 103 11.3 12.0 99.00 99.00 99.00 999 1029.4   2.2 999.0 999.0 99.0 99.00
2019 03 10 11 00 101  9.3 10.1 99.00 99.00 99.00 999 1029.9   2.2 999.0 999.0 99.0 99.00
2019 03 10 12 00 111 12.8 13.5 99.00 99.00 99.00 999 1029.4   2.0 999.0 999.0 99.0 99.00
2019 03 10 13 00 106 12.6 14.6 99.00 99.00 99.00 999 1027.9   1.7 999.0 999.0 99.0 99.00
2019 03 10 14 00 109 13.1 15.3 99.00 99.00 99.00 999 1026.4   1.7 999.0 999.0 99.0 99.00
2019 03 10 15 00 104 14.2 15.3 99.00 99.00 99.00 999 1024.3   1.6 999.0 999.0 99.0 99.00
2019 03 10 16 00 105 13.2 14.3 99.00 99.00 99.00 999 1022.2   2.1 999.0 999.0 99.0 99.00
2019 03 10 17 00 107 11.2 14.3 99.00 99.00 99.00 999 1020.0   3.4 999.0 999.0 99.0 99.00
2019 03 10 18 00 124 17.8 20.7 99.00 99.00 99.00 999 1015.7   4.8 999.0 999.0 99.0 99.00
2019 03 10 19 00 137 17.2 19.4 99.00 99.00 99.00 999 1014.2   5.5 999.0 999.0 99.0 99.00
2019 03 10 20 00 148 18.7 20.7 99.00 99.00 99.00 999 1013.2   6.1 999.0 999.0 99.0 99.00
2019 03 10 21 00 146 15.9 19.9 99.00 99.00 99.00 999 1011.8   5.9 999.0 999.0 99.0 99.00
2019 03 10 22 00 166 12.3 12.9 99.00 99.00 99.00 999 1011.8   7.0 999.0 999.0 99.0 99.00
2019 03 10 23 00 202  9.3  9.6 99.00 99.00 99.00 999 1012.0   6.7 999.0 999.0 99.0 99.00
2019 03 11 00 00 224  9.7 10.4 99.00 99.00 99.00 999 1012.1   5.9 999.0 999.0 99.0 99.00
2019 03 11 01 00 225  9.5 10.0 99.00 99.00 99.00 999 1012.0   5.2 999.0 999.0 99.0 99.00
2019 03 11 02 00 239  8.3  8.8 99.00 99.00 99.00 999 1012.6   4.8 999.0 999.0 99.0 99.00
2019 03 11 03 00 253  8.8  9.0 99.00 99.00 99.00 999 1013.1   4.9 999.0 999.0 99.0 99.00
2019 03 11 04 00 248  8.7  9.6 99.00 99.00 99.00 999 1013.2   4.8 999.0 999.0 99.0 99.00
2019 03 11 05 00 266  5.4  5.7 99.00 99.00 99.00 999 1012.9   4.3 999.0 999.0 99.0 99.00
2019 03 11 06 00 238  5.8  6.0 99.00 99.00 99.00 999 1013.2   4.2 999.0 999.0 99.0 99.00
2019 03 11 07 00 259  5.7  6.2 99.00 99.00 99.00 999 1013.3   3.8 999.0 999.0 99.0 99.00
2019 03 11 08 00 222  8.3  8.7 99.00 99.00 99.00 999 1013.4   3.8 999.0 999.0 99.0 99.00
2019 03 11 09 00 223  4.4  4.9 99.00 99.00 99.00 999 1013.7   4.2 999.0 999.0 99.0 99.00
2019 03 11 10 00 207  5.0  5.6 99.00 99.00 99.00 999 1015.0   4.6 999.0 999.0 99.0 99.00
2019 03 11 11 00 220  6.8  7.0 99.00 99.00 99.00 999 1015.0   4.6 999.0 999.0 99.0 99.00
2019 03 11 12 00 230  6.4  6.6 99.00 99.00 99.00 999 1015.8   4.6 999.0 999.0 99.0 99.00
2019 03 11 13 00 223  6.3  6.5 99.00 99.00 99.00 999 1016.2   4.5 999.0 999.0 99.0 99.00
2019 03 11 14 00 231  6.1  6.6 99.00 99.00 99.00 999 1016.8   4.4 999.0 999.0 99.0 99.00
2019 03 11 15 00 235  7.2  7.5 99.00 99.00 99.00 999 1016.4   4.4 999.0 999.0 99.0 99.00
2019 03 11 16 00 238  8.0  8.8 99.00 99.00 99.00 999 1016.0   4.7 999.0 999.0 99.0 99.00
2019 03 11 17 00 243 10.1 11.0 99.00 99.00 99.00 999 1015.0   4.8 999.0 999.0 99.0 99.00
2019 03 11 18 00 244 10.5 11.4 99.00 99.00 99.00 999 1014.1   5.0 999.0 999.0 99.0 99.00
2019 03 11 19 00 234 10.7 11.6 99.00 99.00 99.00 999 1013.8   5.3 999.0 999.0 99.0 99.00
2019 03 11 20 00 224 11.6 12.3 99.00 99.00 99.00 999 1013.7   5.0 999.0 999.0 99.0 99.00
2019 03 11 21 00 233 12.8 14.0 99.00 99.00 99.00 999 1013.3   6.0 999.0 999.0 99.0 99.00
2019 03 11 22 00 237 11.5 12.4 99.00 99.00 99.00 999 1013.4   5.8 999.0 999.0 99.0 99.00
2019 03 11 23 00 233 10.1 10.5 99.00 99.00 99.00 999 1013.4   5.4 999.0 999.0 99.0 99.00
2019 03 12 00 00 240 10.4 11.2 99.00 99.00 99.00 999 1014.2   5.9 999.0 999.0 99.0 99.00
2019 03 12 01 00 256 11.7 12.5 99.00 99.00 99.00 999 1014.5   5.8 999.0 999.0 99.0 99.00
2019 03 12 02 00 302  6.0  6.3 99.00 99.00 99.00 999 1015.4   4.9 999.0 999.0 99.0 99.00
2019 03 12 03 00 326  8.9 10.1 99.00 99.00 99.00 999 1016.1   5.1 999.0 999.0 99.0 99.00
2019 03 12 04 00 319  8.8  9.4 99.00 99.00 99.00 999 1015.9   4.2 999.0 999.0 99.0 99.00
2019 03 12 05 00 318  8.8  9.7 99.00 99.00 99.00 999 1015.8   3.6 999.0 999.0 99.0 99.00
2019 03 12 06 00 310  9.3 11.0 99.00 99.00 99.00 999 1016.0   3.2 999.0 999.0 99.0 99.00
2019 03 12 07 00 308 10.0 11.5 99.00 99.00 99.00 999 1015.9   2.9 999.0 999.0 99.0 99.00
2019 03 12 08 00 302 10.5 11.6 99.00 99.00 99.00 999 1016.0   2.1 999.0 999.0 99.0 99.00
2019 03 12 09 00 307 10.5 11.7 99.00 99.00 99.00 999 1016.4   1.6 999.0 999.0 99.0 99.00
2019 03 12 10 00 308  9.1 10.5 99.00 99.00 99.00 999 1017.3   1.4 999.0 999.0 99.0 99.00
2019 03 12 11 00 296  7.8  9.0 99.00 99.00 99.00 999 1017.9   1.1 999.0 999.0 99.0 99.00
2019 03 12 12 00 305  9.5 10.1 99.00 99.00 99.00 999 1018.4   1.4 999.0 999.0 99.0 99.00
2019 03 12 13 00 288  8.1  9.0 99.00 99.00 99.00 999 1019.0   1.5 999.0 999.0 99.0 99.00
2019 03 12 14 00 305  8.8  9.6 99.00 99.00 99.00 999 1019.4   2.4 999.0 999.0 99.0 99.00
2019 03 12 15 00 312 11.3 13.2 99.00 99.00 99.00 999 1019.4   2.6 999.0 999.0 99.0 99.00
2019 03 12 16 00 304  9.3 11.4 99.00 99.00 99.00 999 1019.6   3.3 999.0 999.0 99.0 99.00
2019 03 12 17 00 302  8.3  8.9 99.00 99.00 99.00 999 1019.8   3.5 999.0 999.0 99.0 99.00
2019 03 12 18 00 314  7.6  8.5 99.00 99.00 99.00 999 1019.4   3.6 999.0 999.0 99.0 99.00
2019 03 12 19 00 308  7.3  7.9 99.00 99.00 99.00 999 1019.3   4.0 999.0 999.0 99.0 99.00
2019 03 12 20 00 307  7.4  8.2 99.00 99.00 99.00 999 1019.3   4.6 999.0 999.0 99.0 99.00
2019 03 12 21 00 319  7.7  8.0 99.00 99.00 99.00 999 1019.6   4.8 999.0 999.0 99.0 99.00
2019 03 12 22 00 308  8.3  9.2 99.00 99.00 99.00 999 1020.5   5.1 999.0 999.0 99.0 99.00
2019 03 12 23 00 304  7.7  8.0 99.00 99.00 99.00 999 1021.5   4.4 999.0 999.0 99.0 99.00
2019 03 13 00 00 306  7.1  8.2 99.00 99.00 99.00 999 1022.4   4.1 999.0 999.0 99.0 99.00
2019 03 13 01 00 296  8.2  9.1 99.00 99.00 99.00 999 1023.2   3.7 999.0 999.0 99.0 99.00
2019 03 13 02 00 294  8.5  9.2 99.00 99.00 99.00 999 1023.7   3.2 999.0 999.0 99.0 99.00
2019 03 13 03 00 304  7.5  8.4 99.00 99.00 99.00 999 1024.2   2.6 999.0 999.0 99.0 99.00
2019 03 13 04 00 310  8.4  9.0 99.00 99.00 99.00 999 1024.8   2.2 999.0 999.0 99.0 99.00
2019 03 13 05 00 324  7.4  8.3 99.00 99.00 99.00 999 1025.0   1.7 999.0 999.0 99.0 99.00
2019 03 13 06 00 332  7.6  8.6 99.00 99.00 99.00 999 1025.8   1.5 999.0 999.0 99.0 99.00
2019 03 13 07 00 322  7.8  8.4 99.00 99.00 99.00 999 1026.3   1.1 999.0 999.0 99.0 99.00
2019 03 13 08 00 342  5.6  6.4 99.00 99.00 99.00 999 1026.9   0.8 999.0 999.0 99.0 99.00
2019 03 13 09 00 348  7.2  7.6 99.00 99.00 99.00 999 1026.7   0.4 999.0 999.0 99.0 99.00
2019 03 13 10 00   2  4.9  5.5 99.00 99.00 99.00 999 1026.6   0.2 999.0 999.0 99.0 99.00
2019 03 13 11 00 357  5.4  6.0 99.00 99.00 99.00 999 1027.4   0.1 999.0 999.0 99.0 99.00
2019 03 13 12 00   1  6.0  6.8 99.00 99.00 99.00 999 1028.1   0.0 999.0 999.0 99.0 99.00
2019 03 13 13 00   0  5.7  6.1 99.00 99.00 99.00 999 1028.8  -0.1 999.0 999.0 99.0 99.00
2019 03 13 14 00   8  2.6  2.8 99.00 99.00 99.00 999 1029.7   0.3 999.0 999.0 99.0 99.00
2019 03 13 15 00  35  1.4  1.6 99.00 99.00 99.00 999 1029.5   0.7 999.0 999.0 99.0 99.00
2019 03 13 16 00  90  0.8  1.2 99.00 99.00 99.00 999 1029.7 999.0 999.0 999.0 99.0 99.00
2019 03 13 17 00 160  1.9  2.1 99.00 99.00 99.00 999 1029.3 999.0 999.0 999.0 99.0 99.00
2019 03 13 18 00 189  3.2  3.8 99.00 99.00 99.00 999 1028.4 999.0 999.0 999.0 99.0 99.00
2019 03 13 19 00 210  4.5  4.9 99.00 99.00 99.00 999 1028.1 999.0 999.0 999.0 99.0 99.00
2019 03 13 20 00 206  4.9  5.3 99.00 99.00 99.00 999 1028.1 999.0 999.0 999.0 99.0 99.00
2019 03 13 21 00 207  4.5  4.8 99.00 99.00 99.00 999 1027.4 999.0 999.0 999.0 99.0 99.00
2019 03 13 22 00 210  5.8  6.1 99.00 99.00 99.00 999 1027.1 999.0 999.0 999.0 99.0 99.00
2019 03 13 23 00 215  6.1  6.6 99.00 99.00 99.00 999 1027.7 999.0 999.0 999.0 99.0 99.00
2019 03 14 00 00 226  6.9  7.3 99.00 99.00 99.00 999 1028.1 999.0 999.0 999.0 99.0 99.00
2019 03 14 01 00 197  6.2  6.6 99.00 99.00 99.00 999 1027.2 999.0 999.0 999.0 99.0 99.00
2019 03 14 02 00 230  7.4  7.9 99.00 99.00 99.00 999 1027.8 999.0 999.0 999.0 99.0 99.00
2019 03 14 03 00 222  6.1  6.7 99.00 99.00 99.00 999 1027.6 999.0 999.0 999.0 99.0 99.00
2019 03 14 04 00 219  4.8  5.1 99.00 99.00 99.00 999 1027.0 999.0 999.0 999.0 99.0 99.00
2019 03 14 05 00 234  3.9  4.1 99.00 99.00 99.00 999 1027.2 999.0 999.0 999.0 99.0 99.00
2019 03 14 06 00 222  2.4  2.5 99.00 99.00 99.00 999 1027.6 999.0 999.0 999.0 99.0 99.00
2019 03 14 07 00 186  3.2  3.2 99.00 99.00 99.00 999 1027.1 999.0 999.0 999.0 99.0 99.00
2019 03 14 08 00 178  2.8  2.9 99.00 99.00 99.00 999 1026.4 999.0 999.0 999.0 99.0 99.00
2019 03 14 09 00 171  3.4  3.6 99.00 99.00 99.00 999 1026.4 999.0 999.0 999.0 99.0 99.00
2019 03 14 10 00 191  5.3  5.4 99.00 99.00 99.00 999 1026.8 999.0 999.0 999.0 99.0 99.00
2019 03 14 11 00 174  4.1  4.2 99.00 99.00 99.00 999 1027.1 999.0 999.0 999.0 99.0 99.00
2019 03 14 12 00 157  4.4  4.6 99.00 99.00 99.00 999 1027.2 999.0 999.0 999.0 99.0 99.00
2019 03 14 13 00 156  4.3  4.4 99.00 99.00 99.00 999 1027.5 999.0 999.0 999.0 99.0 99.00
2019 03 14 14 00 143  4.8  5.0 99.00 99.00 99.00 999 1027.0 999.0 999.0 999.0 99.0 99.00
2019 03 14 15 00 149  4.4  4.6 99.00 99.00 99.00 999 1026.7 999.0 999.0 999.0 99.0 99.00
2019 03 14 16 00 156  4.6  4.7 99.00 99.00 99.00 999 1026.7 999.0 999.0 999.0 99.0 99.00
2019 03 14 17 00 153  4.8  5.0 99.00 99.00 99.00 999 1026.3 999.0 999.0 999.0 99.0 99.00
2019 03 14 20 00 145  5.3  5.6 99.00 99.00 99.00 999 1024.8 999.0 999.0 999.0 99.0 99.00
2019 03 14 21 00 157  5.7  6.1 99.00 99.00 99.00 999 1024.6 999.0 999.0 999.0 99.0 99.00
2019 03 14 22 00 153  6.9  7.2 99.00 99.00 99.00 999 1023.9 999.0 999.0 999.0 99.0 99.00
2019 03 14 23 00 145  6.7  7.1 99.00 99.00 99.00 999 1023.5 999.0 999.0 999.0 99.0 99.00
2019 03 15 00 00 154  7.4  8.0 99.00 99.00 99.00 999 1022.8 999.0 999.0 999.0 99.0 99.00
2019 03 15 01 00 153  6.8  6.9 99.00 99.00 99.00 999 1022.6 999.0 999.0 999.0 99.0 99.00
2019 03 15 02 00 164  8.2  8.4 99.00 99.00 99.00 999 1022.1 999.0 999.0 999.0 99.0 99.00
2019 03 15 03 00 169  8.2  8.5 99.00 99.00 99.00 999 1021.9 999.0 999.0 999.0 99.0 99.00
2019 03 15 04 00 170  8.6  9.2 99.00 99.00 99.00 999 1021.3 999.0 999.0 999.0 99.0 99.00
2019 03 15 05 00 165  9.6 10.0 99.00 99.00 99.00 999 1020.3 999.0 999.0 999.0 99.0 99.00
2019 03 15 06 00 166 11.9 12.6 99.00 99.00 99.00 999 1019.4 999.0 999.0 999.0 99.0 99.00
2019 03 15 07 00 166 10.9 11.4 99.00 99.00 99.00 999 1018.4 999.0 999.0 999.0 99.0 99.00
2019 03 15 08 00 161 13.0 13.7 99.00 99.00 99.00 999 1016.9 999.0 999.0 999.0 99.0 99.00
2019 03 15 09 00 175 11.6 12.5 99.00 99.00 99.00 999 1016.2 999.0 999.0 999.0 99.0 99.00
2019 03 15 10 00 180 12.7 13.6 99.00 99.00 99.00 999 1015.9 999.0 999.0 999.0 99.0 99.00
2019 03 15 11 00 179 14.1 15.0 99.00 99.00 99.00 999 1015.2 999.0 999.0 999.0 99.0 99.00
2019 03 15 12 00 186 14.0 14.9 99.00 99.00 99.00 999 1014.9 999.0 999.0 999.0 99.0 99.00
2019 03 15 13 00 183 14.2 14.9 99.00 99.00 99.00 999 1014.7 999.0 999.0 999.0 99.0 99.00
2019 03 15 14 00 193 11.2 11.7 99.00 99.00 99.00 999 1014.5 999.0 999.0 999.0 99.0 99.00
2019 03 15 15 00 206 12.4 13.5 99.00 99.00 99.00 999 1013.7 999.0 999.0 999.0 99.0 99.00
2019 03 15 16 00 201 12.5 13.5 99.00 99.00 99.00 999 1012.6 999.0 999.0 999.0 99.0 99.00
2019 03 15 17 00 212 12.6 13.0 99.00 99.00 99.00 999 1012.2 999.0 999.0 999.0 99.0 99.00
2019 03 15 18 00 217  8.0  8.6 99.00 99.00 99.00 999 1011.8 999.0 999.0 999.0 99.0 99.00
2019 03 15 19 00 211  5.4  5.8 99.00 99.00 99.00 999 1011.2 999.0 999.0 999.0 99.0 99.00
2019 03 15 20 00 202  8.1  8.6 99.00 99.00 99.00 999 1010.2 999.0 999.0 999.0 99.0 99.00
2019 03 15 21 00 195  9.7 10.1 99.00 99.00 99.00 999 1009.6 999.0 999.0 999.0 99.0 99.00
2019 03 15 22 00 189  7.9  8.1 99.00 99.00 99.00 999 1008.9 999.0 999.0 999.0 99.0 99.00
2019 03 15 23 00 198  7.1  7.4 99.00 99.00 99.00 999 1008.3 999.0 999.0 999.0 99.0 99.00
2019 03 16 00 00 204  9.4 10.3 99.00 99.00 99.00 999 1007.9 999.0 999.0 999.0 99.0 99.00
2019 03 16 01 00 206  4.3  4.8 99.00 99.00 99.00 999 1006.9 999.0 999.0 999.0 99.0 99.00
2019 03 16 02 00 213 13.2 14.7 99.00 99.00 99.00 999 1006.2 999.0 999.0 999.0 99.0 99.00
2019 03 16 03 00 248  8.8  9.7 99.00 99.00 99.00 999 1005.9 999.0 999.0 999.0 99.0 99.00
2019 03 16 04 00 235  8.8  9.2 99.00 99.00 99.00 999 1005.6 999.0 999.0 999.0 99.0 99.00
2019 03 16 05 00 228 10.6 11.3 99.00 99.00 99.00 999 1004.2 999.0 999.0 999.0 99.0 99.00
2019 03 16 06 00 226  9.8 10.3 99.00 99.00 99.00 999 1005.0 999.0 999.0 999.0 99.0 99.00
2019 03 16 07 00 242  7.9  8.2 99.00 99.00 99.00 999 1005.2 999.0 999.0 999.0 99.0 99.00
2019 03 16 08 00 291  8.1  8.7 99.00 99.00 99.00 999 1006.1 999.0 999.0 999.0 99.0 99.00
2019 03 16 09 00 300  7.1  7.4 99.00 99.00 99.00 999 1007.5 999.0 999.0 999.0 99.0 99.00
2019 03 16 10 00 289  7.5  7.7 99.00 99.00 99.00 999 1008.7 999.0 999.0 999.0 99.0 99.00
2019 03 16 11 00 297  8.4  8.8 99.00 99.00 99.00 999 1009.5 999.0 999.0 999.0 99.0 99.00
2019 03 16 12 00 286  7.3  7.8 99.00 99.00 99.00 999 1010.5 999.0 999.0 999.0 99.0 99.00
2019 03 16 13 00 277  6.1  6.5 99.00 99.00 99.00 999 1011.1 999.0 999.0 999.0 99.0 99.00
2019 03 16 14 00 253  6.1  6.5 99.00 99.00 99.00 999 1011.7 999.0 999.0 999.0 99.0 99.00
2019 03 16 15 00 243  8.4  8.8 99.00 99.00 99.00 999 1011.5 999.0 999.0 999.0 99.0 99.00
2019 03 16 16 00 245 12.1 13.0 99.00 99.00 99.00 999 1011.5 999.0 999.0 999.0 99.0 99.00
2019 03 16 17 00 243 12.0 13.2 99.00 99.00 99.00 999 1011.5 999.0 999.0 999.0 99.0 99.00
2019 03 16 18 00 246 10.5 11.3 99.00 99.00 99.00 999 1011.5 999.0 999.0 999.0 99.0 99.00
2019 03 16 19 00 251 11.3 11.8 99.00 99.00 99.00 999 1011.2 999.0 999.0 999.0 99.0 99.00
2019 03 16 20 00 293 10.5 11.1 99.00 99.00 99.00 999 1012.2 999.0 999.0 999.0 99.0 99.00
2019 03 16 21 00 308 10.5 11.4 99.00 99.00 99.00 999 1013.0 999.0 999.0 999.0 99.0 99.00
2019 03 16 22 00 308 11.9 12.7 99.00 99.00 99.00 999 1013.9 999.0 999.0 999.0 99.0 99.00
2019 03 16 23 00 312 10.2 11.7 99.00 99.00 99.00 999 1015.0 999.0 999.0 999.0 99.0 99.00
2019 03 17 00 00 311 10.1 11.4 99.00 99.00 99.00 999 1016.1 999.0 999.0 999.0 99.0 99.00
2019 03 17 01 00 307 10.7 12.0 99.00 99.00 99.00 999 1017.1 999.0 999.0 999.0 99.0 99.00
2019 03 17 02 00 319 12.8 13.9 99.00 99.00 99.00 999 1017.6 999.0 999.0 999.0 99.0 99.00
2019 03 17 03 00 307 10.9 12.3 99.00 99.00 99.00 999 1018.2 999.0 999.0 999.0 99.0 99.00
2019 03 17 04 00 299 10.9 12.0 99.00 99.00 99.00 999 1018.5 999.0 999.0 999.0 99.0 99.00
2019 03 17 05 00 286 12.9 14.4 99.00 99.00 99.00 999 1018.3 999.0 999.0 999.0 99.0 99.00
2019 03 17 06 00 283 11.9 13.3 99.00 99.00 99.00 999 1018.7 999.0 999.0 999.0 99.0 99.00
2019 03 17 07 00 287 12.0 13.9 99.00 99.00 99.00 999 1018.7 999.0 999.0 999.0 99.0 99.00
2019 03 17 08 00 281 11.0 12.8 99.00 99.00 99.00 999 1018.5 999.0 999.0 999.0 99.0 99.00
2019 03 17 09 00 290 10.9 11.8 99.00 99.00 99.00 999 1019.1 999.0 999.0 999.0 99.0 99.00
2019 03 17 10 00 288 10.3 11.2 99.00 99.00 99.00 999 1019.9 999.0 999.0 999.0 99.0 99.00
2019 03 17 11 00 285  9.9 11.8 99.00 99.00 99.00 999 1020.4 999.0 999.0 999.0 99.0 99.00
2019 03 17 12 00 291 10.3 11.7 99.00 99.00 99.00 999 1020.8 999.0 999.0 999.0 99.0 99.00
2019 03 17 13 00 298 10.4 11.5 99.00 99.00 99.00 999 1021.5 999.0 999.0 999.0 99.0 99.00
2019 03 17 14 00 302 10.6 12.4 99.00 99.00 99.00 999 1021.7 999.0 999.0 999.0 99.0 99.00
2019 03 17 15 00 289  8.1  8.6 99.00 99.00 99.00 999 1021.7 999.0 999.0 999.0 99.0 99.00
2019 03 17 16 00 278  7.1  8.5 99.00 99.00 99.00 999 1021.7 999.0 999.0 999.0 99.0 99.00
2019 03 17 17 00 259  7.2  7.9 99.00 99.00 99.00 999 1021.3 999.0 999.0 999.0 99.0 99.00
2019 03 17 18 00 258  8.0  8.8 99.00 99.00 99.00 999 1020.4 999.0 999.0 999.0 99.0 99.00
2019 03 17 19 00 236  9.3 10.1 99.00 99.00 99.00 999 1020.2 999.0 999.0 999.0 99.0 99.00
2019 03 17 20 00 239 10.7 11.9 99.00 99.00 99.00 999 1019.8 999.0 999.0 999.0 99.0 99.00
2019 03 17 21 00 251 11.6 12.7 99.00 99.00 99.00 999 1019.7 999.0 999.0 999.0 99.0 99.00
2019 03 17 22 00 257 10.6 11.2 99.00 99.00 99.00 999 1019.7 999.0 999.0 999.0 99.0 99.00
2019 03 17 23 00 274  8.1  8.9 99.00 99.00 99.00 999 1020.6 999.0 999.0 999.0 99.0 99.00
2019 03 18 00 00 307  6.9  7.7 99.00 99.00 99.00 999 1021.3 999.0 999.0 999.0 99.0 99.00
2019 03 18 01 00 310  5.1  5.6 99.00 99.00 99.00 999 1022.0 999.0 999.0 999.0 99.0 99.00
2019 03 18 02 00 302  6.2  6.5 99.00 99.00 99.00 999 1022.4 999.0 999.0 999.0 99.0 99.00
2019 03 18 03 00 330  7.3  7.8 99.00 99.00 99.00 999 1022.7 999.0 999.0 999.0 99.0 99.00
2019 03 18 04 00 313  9.7 11.4 99.00 99.00 99.00 999 1023.5 999.0 999.0 999.0 99.0 99.00
2019 03 18 05 00 317 13.2 14.5 99.00 99.00 99.00 999 1023.6 999.0 999.0 999.0 99.0 99.00
2019 03 18 06 00 326  9.9 11.5 99.00 99.00 99.00 999 1023.9 999.0 999.0 999.0 99.0 99.00
2019 03 18 07 00 329  9.4 10.4 99.00 99.00 99.00 999 1023.8 999.0 999.0 999.0 99.0 99.00
2019 03 18 08 00 321  6.1  6.9 99.00 99.00 99.00 999 1024.3 999.0 999.0 999.0 99.0 99.00
2019 03 18 09 00 305  6.1  7.1 99.00 99.00 99.00 999 1024.5 999.0 999.0 999.0 99.0 99.00
2019 03 18 10 00 321  4.9  5.8 99.00 99.00 99.00 999 1024.6 999.0 999.0 999.0 99.0 99.00
2019 03 18 11 00 299  2.9  3.6 99.00 99.00 99.00 999 1024.8 999.0 999.0 999.0 99.0 99.00
2019 03 18 12 00 307  6.5  7.0 99.00 99.00 99.00 999 1025.1 999.0 999.0 999.0 99.0 99.00
2019 03 18 13 00 301  8.1  9.0 99.00 99.00 99.00 999 1025.4 999.0 999.0 999.0 99.0 99.00
2019 03 18 14 00 307  7.4  8.2 99.00 99.00 99.00 999 1025.8 999.0 999.0 999.0 99.0 99.00
2019 03 18 15 00 286  6.5  7.9 99.00 99.00 99.00 999 1025.7 999.0 999.0 999.0 99.0 99.00
2019 03 18 16 00 280  5.5  6.0 99.00 99.00 99.00 999 1025.8 999.0 999.0 999.0 99.0 99.00
2019 03 18 17 00 251  4.0  4.5 99.00 99.00 99.00 999 1025.7 999.0 999.0 999.0 99.0 99.00
2019 03 18 18 00 233  8.7  9.6 99.00 99.00 99.00 999 1024.9 999.0 999.0 999.0 99.0 99.00
2019 03 18 19 00 233  9.3 10.3 99.00 99.00 99.00 999 1024.6 999.0 999.0 999.0 99.0 99.00
2019 03 18 20 00 235  9.8 10.6 99.00 99.00 99.00 999 1024.3 999.0 999.0 999.0 99.0 99.00
2019 03 18 21 00 231  9.9 10.5 99.00 99.00 99.00 999 1024.5 999.0 999.0 999.0 99.0 99.00
2019 03 18 22 00 243 10.3 11.9 99.00 99.00 99.00 999 1024.9 999.0 999.0 999.0 99.0 99.00
2019 03 18 23 00 255 10.6 11.4 99.00 99.00 99.00 999 1025.1 999.0 999.0 999.0 99.0 99.00
2019 03 19 00 00 268  9.1  9.9 99.00 99.00 99.00 999 1026.0 999.0 999.0 999.0 99.0 99.00
2019 03 19 01 00 277  6.7  7.2 99.00 99.00 99.00 999 1027.0 999.0 999.0 999.0 99.0 99.00
2019 03 19 02 00 282  5.4  5.6 99.00 99.00 99.00 999 1027.6 999.0 999.0 999.0 99.0 99.00
2019 03 19 03 00 306  3.7  3.8 99.00 99.00 99.00 999 1027.7 999.0 999.0 999.0 99.0 99.00
2019 03 19 04 00 324  3.3  3.5 99.00 99.00 99.00 999 1027.8 999.0 999.0 999.0 99.0 99.00
2019 03 19 05 00 311  1.4  1.6 99.00 99.00 99.00 999 1027.8 999.0 999.0 999.0 99.0 99.00
2019 03 19 06 00 285  2.0  2.2 99.00 99.00 99.00 999 1028.1 999.0 999.0 999.0 99.0 99.00
2019 03 19 07 00 258  3.2  3.5 99.00 99.00 99.00 999 1028.0 999.0 999.0 999.0 99.0 99.00
2019 03 19 08 00 270  4.4  4.9 99.00 99.00 99.00 999 1028.0 999.0 999.0 999.0 99.0 99.00
2019 03 19 09 00 282  6.4  6.9 99.00 99.00 99.00 999 1028.2 999.0 999.0 999.0 99.0 99.00
2019 03 19 10 00 281  7.7  8.4 99.00 99.00 99.00 999 1028.6 999.0 999.0 999.0 99.0 99.00
2019 03 19 11 00 287  6.9  7.4 99.00 99.00 99.00 999 1029.5 999.0 999.0 999.0 99.0 99.00
2019 03 19 12 00 314  8.4  9.1 99.00 99.00 99.00 999 1029.7 999.0 999.0 999.0 99.0 99.00
2019 03 19 13 00 284  6.9  7.9 99.00 99.00 99.00 999 1030.2 999.0 999.0 999.0 99.0 99.00
2019 03 19 14 00 280  5.8  6.5 99.00 99.00 99.00 999 1030.5 999.0 999.0 999.0 99.0 99.00
2019 03 19 15 00 280  6.2  6.6 99.00 99.00 99.00 999 1030.3 999.0 999.0 999.0 99.0 99.00
2019 03 19 16 00 251  5.4  5.8 99.00 99.00 99.00 999 1030.1 999.0 999.0 999.0 99.0 99.00
2019 03 19 17 00 216  4.1  4.5 99.00 99.00 99.00 999 1030.1 999.0 999.0 999.0 99.0 99.00
2019 03 19 18 00 241  8.0  8.7 99.00 99.00 99.00 999 1029.3 999.0 999.0 999.0 99.0 99.00
2019 03 19 19 00 246  9.8 10.7 99.00 99.00 99.00 999 1028.6 999.0 999.0 999.0 99.0 99.00
2019 03 19 20 00 243  9.8 11.1 99.00 99.00 99.00 999 1028.5 999.0 999.0 999.0 99.0 99.00
2019 03 19 21 00 239 10.6 11.8 99.00 99.00 99.00 999 1028.5 999.0 999.0 999.0 99.0 99.00
2019 03 19 22 00 235  9.1  9.8 99.00 99.00 99.00 999 1028.8 999.0 999.0 999.0 99.0 99.00
2019 03 19 23 00 233  7.9  8.5 99.00 99.00 99.00 999 1029.0 999.0 999.0 999.0 99.0 99.00
2019 03 20 00 00 242  9.4  9.9 99.00 99.00 99.00 999 1029.7 999.0 999.0 999.0 99.0 99.00
2019 03 20 01 00 248  7.7  8.2 99.00 99.00 99.00 999 1030.3 999.0 999.0 999.0 99.0 99.00
2019 03 20 02 00 244  6.2  6.5 99.00 99.00 99.00 999 1030.7 999.0 999.0 999.0 99.0 99.00
2019 03 20 03 00 265  5.8  6.3 99.00 99.00 99.00 999 1030.9 999.0 999.0 999.0 99.0 99.00
2019 03 20 04 00 285  5.5  6.4 99.00 99.00 99.00 999 1031.0 999.0 999.0 999.0 99.0 99.00
2019 03 20 05 00 289  5.0  5.5 99.00 99.00 99.00 999 1030.9 999.0 999.0 999.0 99.0 99.00
2019 03 20 06 00 287  3.4  3.8 99.00 99.00 99.00 999 1031.1 999.0 999.0 999.0 99.0 99.00
2019 03 20 07 00 293  3.4  3.7 99.00 99.00 99.00 999 1031.1 999.0 999.0 999.0 99.0 99.00
2019 03 20 08 00 254  4.2  4.7 99.00 99.00 99.00 999 1030.9 999.0 999.0 999.0 99.0 99.00
2019 03 20 09 00 264  2.9  3.1 99.00 99.00 99.00 999 1030.8 999.0 999.0 999.0 99.0 99.00
2019 03 20 10 00 327  2.4  2.5 99.00 99.00 99.00 999 1030.9 999.0 999.0 999.0 99.0 99.00
2019 03 20 11 00 311  1.4  1.5 99.00 99.00 99.00 999 1031.5 999.0 999.0 999.0 99.0 99.00
2019 03 20 12 00  90  1.1  1.2 99.00 99.00 99.00 999 1031.5 999.0 999.0 999.0 99.0 99.00
2019 03 20 13 00 104  1.8  2.0 99.00 99.00 99.00 999 1031.8 999.0 999.0 999.0 99.0 99.00
2019 03 20 14 00 123  1.9  2.0 99.00 99.00 99.00 999 1031.9 999.0 999.0 999.0 99.0 99.00
2019 03 20 15 00 158  3.3  3.4 99.00 99.00 99.00 999 1031.7 999.0 999.0 999.0 99.0 99.00
2019 03 20 16 00 172  5.1  5.5 99.00 99.00 99.00 999 1031.2 999.0 999.0 999.0 99.0 99.00
2019 03 20 17 00 179  6.0  6.5 99.00 99.00 99.00 999 1030.8 999.0 999.0 999.0 99.0 99.00
2019 03 20 18 00 194  6.8  7.4 99.00 99.00 99.00 999 1030.0 999.0 999.0 999.0 99.0 99.00
2019 03 20 19 00 191  7.0  7.4 99.00 99.00 99.00 999 1029.5 999.0 999.0 999.0 99.0 99.00
2019 03 20 20 00 196  7.4  8.0 99.00 99.00 99.00 999 1029.1 999.0 999.0 999.0 99.0 99.00
2019 03 20 21 00 191  8.1  8.9 99.00 99.00 99.00 999 1028.7 999.0 999.0 999.0 99.0 99.00
2019 03 20 22 00 190  9.7 10.3 99.00 99.00 99.00 999 1028.4 999.0 999.0 999.0 99.0 99.00
2019 03 20 23 00 188  8.5  9.0 99.00 99.00 99.00 999 1028.7 999.0 999.0 999.0 99.0 99.00
2019 03 21 00 00 183  8.0  8.6 99.00 99.00 99.00 999 1028.7 999.0 999.0 999.0 99.0 99.00
2019 03 21 01 00 175  7.7  8.4 99.00 99.00 99.00 999 1028.9 999.0 999.0 999.0 99.0 99.00
2019 03 21 02 00 181  8.6  9.2 99.00 99.00 99.00 999 1028.6 999.0 999.0 999.0 99.0 99.00
2019 03 21 03 00 178  7.9  8.4 99.00 99.00 99.00 999 1028.4 999.0 999.0 999.0 99.0 99.00
2019 03 21 04 00 180  8.6  9.5 99.00 99.00 99.00 999 1028.1 999.0 999.0 999.0 99.0 99.00
2019 03 21 05 00 175  7.3  7.8 99.00 99.00 99.00 999 1027.6 999.0 999.0 999.0 99.0 99.00
2019 03 21 06 00 168  7.6  8.1 99.00 99.00 99.00 999 1027.3 999.0 999.0 999.0 99.0 99.00
2019 03 21 07 00 167  7.0  7.3 99.00 99.00 99.00 999 1027.0 999.0 999.0 999.0 99.0 99.00
2019 03 21 08 00 146  5.7  6.3 99.00 99.00 99.00 999 1026.1 999.0 999.0 999.0 99.0 99.00
2019 03 21 09 00 136  6.3  6.8 99.00 99.00 99.00 999 1025.4 999.0 999.0 999.0 99.0 99.00
2019 03 21 10 00 138  6.5  6.9 99.00 99.00 99.00 999 1025.5 999.0 999.0 999.0 99.0 99.00
2019 03 21 11 00 126  5.8  6.4 99.00 99.00 99.00 999 1025.3 999.0 999.0 999.0 99.0 99.00
2019 03 21 12 00 117  5.7  6.2 99.00 99.00 99.00 999 1024.7 999.0 999.0 999.0 99.0 99.00
2019 03 21 13 00 123  7.0  7.6 99.00 99.00 99.00 999 1024.3 999.0 999.0 999.0 99.0 99.00
2019 03 21 14 00 128  7.1  8.1 99.00 99.00 99.00 999 1024.1 999.0 999.0 999.0 99.0 99.00
2019 03 21 15 00 128  7.5  8.6 99.00 99.00 99.00 999 1023.6 999.0 999.0 999.0 99.0 99.00
2019 03 21 16 00 123  8.2  9.0 99.00 99.00 99.00 999 1022.4 999.0 999.0 999.0 99.0 99.00
2019 03 21 17 00 113  8.9  9.6 99.00 99.00 99.00 999 1021.5 999.0 999.0 999.0 99.0 99.00
2019 03 21 18 00 107  8.8  9.4 99.00 99.00 99.00 999 1020.2 999.0 999.0 999.0 99.0 99.00
2019 03 21 19 00 101  7.1  7.9 99.00 99.00 99.00 999 1020.2 999.0 999.0 999.0 99.0 99.00
2019 03 21 20 00  91  9.7 10.5 99.00 99.00 99.00 999 1018.5 999.0 999.0 999.0 99.0 99.00
2019 03 21 21 00  89  9.3  9.8 99.00 99.00 99.00 999 1017.7 999.0 999.0 999.0 99.0 99.00
2019 03 21 22 00  89  8.8  9.9 99.00 99.00 99.00 999 1017.3 999.0 999.0 999.0 99.0 99.00
2019 03 21 23 00  78 10.1 11.4 99.00 99.00 99.00 999 1015.6 999.0 999.0 999.0 99.0 99.00
2019 03 22 00 00  90  7.7  8.2 99.00 99.00 99.00 999 1014.5 999.0 999.0 999.0 99.0 99.00
2019 03 22 01 00  78 10.2 10.9 99.00 99.00 99.00 999 1013.2 999.0 999.0 999.0 99.0 99.00
2019 03 22 02 00  79  9.2  9.7 99.00 99.00 99.00 999 1011.4 999.0 999.0 999.0 99.0 99.00
2019 03 22 03 00  63 10.8 11.6 99.00 99.00 99.00 999 1009.1 999.0 999.0 999.0 99.0 99.00
2019 03 22 04 00  65 10.0 11.2 99.00 99.00 99.00 999 1007.7 999.0 999.0 999.0 99.0 99.00
2019 03 22 05 00  65 11.1 12.4 99.00 99.00 99.00 999 1005.0 999.0 999.0 999.0 99.0 99.00
2019 03 22 06 00  74 11.5 12.3 99.00 99.00 99.00 999 1003.1 999.0 999.0 999.0 99.0 99.00
2019 03 22 07 00  63  9.8 10.6 99.00 99.00 99.00 999 1001.2 999.0 999.0 999.0 99.0 99.00
2019 03 22 08 00  64 12.8 13.9 99.00 99.00 99.00 999  997.9 999.0 999.0 999.0 99.0 99.00
2019 03 22 09 00  39 11.0 12.0 99.00 99.00 99.00 999  995.4 999.0 999.0 999.0 99.0 99.00
2019 03 22 10 00  53 13.1 14.3 99.00 99.00 99.00 999  993.0 999.0 999.0 999.0 99.0 99.00
2019 03 22 11 00  37 15.0 17.8 99.00 99.00 99.00 999  991.2 999.0 999.0 999.0 99.0 99.00
2019 03 22 12 00  27 13.9 16.4 99.00 99.00 99.00 999  990.1 999.0 999.0 999.0 99.0 99.00
2019 03 22 13 00  16 10.7 11.9 99.00 99.00 99.00 999  989.7 999.0 999.0 999.0 99.0 99.00
2019 03 22 14 00   4  9.0  9.9 99.00 99.00 99.00 999  988.5 999.0 999.0 999.0 99.0 99.00
2019 03 22 15 00 359  7.8  8.5 99.00 99.00 99.00 999  988.1 999.0 999.0 999.0 99.0 99.00
2019 03 22 16 00 346  8.6  9.2 99.00 99.00 99.00 999  987.6 999.0 999.0 999.0 99.0 99.00
2019 03 22 17 00 315  8.6  9.6 99.00 99.00 99.00 999  987.1 999.0 999.0 999.0 99.0 99.00
2019 03 22 18 00 293 13.3 14.3 99.00 99.00 99.00 999  987.3 999.0 999.0 999.0 99.0 99.00
2019 03 22 19 00 290 11.7 13.4 99.00 99.00 99.00 999  987.4 999.0 999.0 999.0 99.0 99.00
2019 03 22 20 00 273 11.3 12.4 99.00 99.00 99.00 999  987.5 999.0 999.0 999.0 99.0 99.00
2019 03 22 21 00 264 13.2 14.6 99.00 99.00 99.00 999  988.0 999.0 999.0 999.0 99.0 99.00
2019 03 22 22 00 264 14.1 15.6 99.00 99.00 99.00 999  988.5 999.0 999.0 999.0 99.0 99.00
2019 03 22 23 00 270 14.6 16.2 99.00 99.00 99.00 999  989.7 999.0 999.0 999.0 99.0 99.00
2019 03 23 00 00 267 14.5 16.3 99.00 99.00 99.00 999  991.1 999.0 999.0 999.0 99.0 99.00
2019 03 23 01 00 257 16.1 17.3 99.00 99.00 99.00 999  991.7 999.0 999.0 999.0 99.0 99.00
2019 03 23 02 00 259 17.5 19.4 99.00 99.00 99.00 999  992.1 999.0 999.0 999.0 99.0 99.00
2019 03 23 03 00 266 15.2 17.1 99.00 99.00 99.00 999  992.6 999.0 999.0 999.0 99.0 99.00
2019 03 23 04 00 261 15.2 17.1 99.00 99.00 99.00 999  992.9 999.0 999.0 999.0 99.0 99.00
2019 03 23 05 00 264 17.1 18.5 99.00 99.00 99.00 999  992.9 999.0 999.0 999.0 99.0 99.00
2019 03 23 06 00 275 17.9 21.2 99.00 99.00 99.00 999  993.3 999.0 999.0 999.0 99.0 99.00
2019 03 23 07 00 278 15.3 17.3 99.00 99.00 99.00 999  993.9 999.0 999.0 999.0 99.0 99.00
2019 03 23 08 00 277 17.4 19.0 99.00 99.00 99.00 999  994.3 999.0 999.0 999.0 99.0 99.00
2019 03 23 09 00 280 17.0 19.6 99.00 99.00 99.00 999  995.3 999.0 999.0 999.0 99.0 99.00
2019 03 23 10 00 284 19.2 21.8 99.00 99.00 99.00 999  996.3 999.0 999.0 999.0 99.0 99.00
2019 03 23 11 00 279 16.0 19.1 99.00 99.00 99.00 999  998.0 999.0 999.0 999.0 99.0 99.00
2019 03 23 12 00 284 17.3 19.2 99.00 99.00 99.00 999  999.3 999.0 999.0 999.0 99.0 99.00
2019 03 23 13 00 288 15.4 17.8 99.00 99.00 99.00 999 1000.9 999.0 999.0 999.0 99.0 99.00
2019 03 23 14 00 291 15.3 16.9 99.00 99.00 99.00 999 1002.1 999.0 999.0 999.0 99.0 99.00
2019 03 23 15 00 287 14.2 16.5 99.00 99.00 99.00 999 1003.2 999.0 999.0 999.0 99.0 99.00
2019 03 23 16 00 288 13.9 15.4 99.00 99.00 99.00 999 1004.0 999.0 999.0 999.0 99.0 99.00
2019 03 23 17 00 287 11.8 14.3 99.00 99.00 99.00 999 1005.3 999.0 999.0 999.0 99.0 99.00
2019 03 23 18 00 287 11.6 13.7 99.00 99.00 99.00 999 1006.1 999.0 999.0 999.0 99.0 99.00
2019 03 23 19 00 287 13.8 15.4 99.00 99.00 99.00 999 1007.0 999.0 999.0 999.0 99.0 99.00
2019 03 23 20 00 297 12.5 14.1 99.00 99.00 99.00 999 1007.8 999.0 999.0 999.0 99.0 99.00
2019 03 23 21 00 292 13.5 15.2 99.00 99.00 99.00 999 1008.5 999.0 999.0 999.0 99.0 99.00
2019 03 23 22 00 293 12.5 13.7 99.00 99.00 99.00 999 1010.0 999.0 999.0 999.0 99.0 99.00
2019 03 23 23 00 291 11.1 12.3 99.00 99.00 99.00 999 1011.3 999.0 999.0 999.0 99.0 99.00
2019 03 24 00 00 296 12.1 12.9 99.00 99.00 99.00 999 1013.0 999.0 999.0 999.0 99.0 99.00
2019 03 24 01 00 292 14.2 15.5 99.00 99.00 99.00 999 1014.3 999.0 999.0 999.0 99.0 99.00
2019 03 24 02 00 293 14.3 15.2 99.00 99.00 99.00 999 1015.0 999.0 999.0 999.0 99.0 99.00
2019 03 24 03 00 302 12.0 14.2 99.00 99.00 99.00 999 1016.3 999.0 999.0 999.0 99.0 99.00
2019 03 24 04 00 295 13.6 15.0 99.00 99.00 99.00 999 1016.6 999.0 999.0 999.0 99.0 99.00
2019 03 24 05 00 301 11.5 12.9 99.00 99.00 99.00 999 1017.5 999.0 999.0 999.0 99.0 99.00
2019 03 24 06 00 308 13.1 14.2 99.00 99.00 99.00 999 1017.8 999.0 999.0 999.0 99.0 99.00
2019 03 24 07 00 296 12.7 14.2 99.00 99.00 99.00 999 1018.2 999.0 999.0 999.0 99.0 99.00
2019 03 24 08 00 284  9.7 10.8 99.00 99.00 99.00 999 1018.5 999.0 999.0 999.0 99.0 99.00
2019 03 24 09 00 264  7.4  8.1 99.00 99.00 99.00 999 1019.6 999.0 999.0 999.0 99.0 99.00
2019 03 24 10 00 280  7.9  8.8 99.00 99.00 99.00 999 1019.7 999.0 999.0 999.0 99.0 99.00
2019 03 24 11 00 281  6.8  7.5 99.00 99.00 99.00 999 1020.1 999.0 999.0 999.0 99.0 99.00
2019 03 24 12 00 262  6.8  7.7 99.00 99.00 99.00 999 1020.8 999.0 999.0 999.0 99.0 99.00
2019 03 24 13 00 259  6.2  6.6 99.00 99.00 99.00 999 1020.8 999.0 999.0 999.0 99.0 99.00
2019 03 24 14 00 259  9.2  9.6 99.00 99.00 99.00 999 1020.9 999.0 999.0 999.0 99.0 99.00
2019 03 24 15 00 237  7.3  7.7 99.00 99.00 99.00 999 1020.6 999.0 999.0 999.0 99.0 99.00
2019 03 24 16 00 242 11.8 12.6 99.00 99.00 99.00 999 1019.6 999.0 999.0 999.0 99.0 99.00
2019 03 24 17 00 236 12.5 13.6 99.00 99.00 99.00 999 1019.4 999.0 999.0 999.0 99.0 99.00
2019 03 24 18 00 230 12.0 13.5 99.00 99.00 99.00 999 1018.5 999.0 999.0 999.0 99.0 99.00
2019 03 24 19 00 221 11.9 13.2 99.00 99.00 99.00 999 1018.1 999.0 999.0 999.0 99.0 99.00
2019 03 24 20 00 221 13.1 14.9 99.00 99.00 99.00 999 1017.4 999.0 999.0 999.0 99.0 99.00
2019 03 24 21 00 224 12.5 14.0 99.00 99.00 99.00 999 1016.9 999.0 999.0 999.0 99.0 99.00
2019 03 24 22 00 224 12.6 13.7 99.00 99.00 99.00 999 1016.4 999.0 999.0 999.0 99.0 99.00
2019 03 24 23 00 232 12.8 13.9 99.00 99.00 99.00 999 1016.6 999.0 999.0 999.0 99.0 99.00
2019 03 25 00 00 228 11.3 12.6 99.00 99.00 99.00 999 1016.7 999.0 999.0 999.0 99.0 99.00
2019 03 25 01 00 227 13.4 14.8 99.00 99.00 99.00 999 1016.7 999.0 999.0 999.0 99.0 99.00
2019 03 25 02 00 236 13.7 15.1 99.00 99.00 99.00 999 1016.5 999.0 999.0 999.0 99.0 99.00
2019 03 25 03 00 258  9.4 10.1 99.00 99.00 99.00 999 1016.8 999.0 999.0 999.0 99.0 99.00
2019 03 25 04 00 241  8.8  9.3 99.00 99.00 99.00 999 1016.9 999.0 999.0 999.0 99.0 99.00
2019 03 25 05 00 227  8.8  9.4 99.00 99.00 99.00 999 1016.7 999.0 999.0 999.0 99.0 99.00
2019 03 25 06 00 242 10.4 11.0 99.00 99.00 99.00 999 1016.8 999.0 999.0 999.0 99.0 99.00
2019 03 25 07 00 240  8.0  8.5 99.00 99.00 99.00 999 1016.6 999.0 999.0 999.0 99.0 99.00
2019 03 25 08 00 246  7.1  7.5 99.00 99.00 99.00 999 1016.4 999.0 999.0 999.0 99.0 99.00
2019 03 25 09 00 254  6.8  7.1 99.00 99.00 99.00 999 1016.0 999.0 999.0 999.0 99.0 99.00
2019 03 25 10 00 269  6.3  6.6 99.00 99.00 99.00 999 1016.2 999.0 999.0 999.0 99.0 99.00
2019 03 25 11 00 284  4.1  4.7 99.00 99.00 99.00 999 1017.4 999.0 999.0 999.0 99.0 99.00
2019 03 25 12 00 310  4.5  4.9 99.00 99.00 99.00 999 1017.6 999.0 999.0 999.0 99.0 99.00
2019 03 25 13 00 327  4.7  5.0 99.00 99.00 99.00 999 1018.1 999.0 999.0 999.0 99.0 99.00
2019 03 25 14 00 350  5.4  5.7 99.00 99.00 99.00 999 1018.4 999.0 999.0 999.0 99.0 99.00
2019 03 25 15 00  51  7.3  8.4 99.00 99.00 99.00 999 1018.7 999.0 999.0 999.0 99.0 99.00
2019 03 25 16 00  58  7.1  7.7 99.00 99.00 99.00 999 1019.2 999.0 999.0 999.0 99.0 99.00
2019 03 25 17 00  54  6.5  6.9 99.00 99.00 99.00 999 1019.2 999.0 999.0 999.0 99.0 99.00
2019 03 25 18 00  58  7.5  7.9 99.00 99.00 99.00 999 1019.0 999.0 999.0 999.0 99.0 99.00
2019 03 25 19 00  91  4.1  4.5 99.00 99.00 99.00 999 1018.3 999.0 999.0 999.0 99.0 99.00
2019 03 25 20 00 109  4.7  5.0 99.00 99.00 99.00 999 1017.8 999.0 999.0 999.0 99.0 99.00
2019 03 25 21 00 142  7.6  8.7 99.00 99.00 99.00 999 1017.6 999.0 999.0 999.0 99.0 99.00
2019 03 25 22 00 141  6.8  8.0 99.00 99.00 99.00 999 1017.9 999.0 999.0 999.0 99.0 99.00
2019 03 25 23 00 131  7.4  7.6 99.00 99.00 99.00 999 1018.0 999.0 999.0 999.0 99.0 99.00
2019 03 26 00 00 135  7.1  7.6 99.00 99.00 99.00 999 1018.5 999.0 999.0 999.0 99.0 99.00
2019 03 26 01 00 147  5.9  6.1 99.00 99.00 99.00 999 1019.5 999.0 999.0 999.0 99.0 99.00
2019 03 26 02 00 151  4.6  4.8 99.00 99.00 99.00 999 1020.2 999.0 999.0 999.0 99.0 99.00
2019 03 26 03 00 149  4.0  4.2 99.00 99.00 99.00 999 1019.8 999.0 999.0 999.0 99.0 99.00
2019 03 26 04 00 131  3.2  3.4 99.00 99.00 99.00 999 1019.5 999.0 999.0 999.0 99.0 99.00
2019 03 26 05 00 153  2.7  2.9 99.00 99.00 99.00 999 1020.2 999.0 999.0 999.0 99.0 99.00
2019 03 26 06 00 129  0.9  1.1 99.00 99.00 99.00 999 1020.6 999.0 999.0 999.0 99.0 99.00
2019 03 26 07 00  64  4.0  4.2 99.00 99.00 99.00 999 1020.4 999.0 999.0 999.0 99.0 99.00
2019 03 26 08 00  51  5.3  5.5 99.00 99.00 99.00 999 1020.0 999.0 999.0 999.0 99.0 99.00
2019 03 26 09 00   0  6.6  7.2 99.00 99.00 99.00 999 1020.5 999.0 999.0 999.0 99.0 99.00
2019 03 26 10 00   9 10.7 11.2 99.00 99.00 99.00 999 1021.2 999.0 999.0 999.0 99.0 99.00
2019 03 26 11 00   9 10.3 11.1 99.00 99.00 99.00 999 1021.8 999.0 999.0 999.0 99.0 99.00
2019 03 26 12 00   9  7.7  8.9 99.00 99.00 99.00 999 1023.0 999.0 999.0 999.0 99.0 99.00
2019 03 26 13 00  13  8.7  9.8 99.00 99.00 99.00 999 1023.5 999.0 999.0 999.0 99.0 99.00
2019 03 26 14 00  29  8.4  9.0 99.00 99.00 99.00 999 1024.0 999.0 999.0 999.0 99.0 99.00
2019 03 26 15 00  25  7.5  8.3 99.00 99.00 99.00 999 1024.7 999.0 999.0 999.0 99.0 99.00
2019 03 26 16 00  55  6.7  7.3 99.00 99.00 99.00 999 1025.1 999.0 999.0 999.0 99.0 99.00
2019 03 26 17 00  64  6.5  7.0 99.00 99.00 99.00 999 1025.2 999.0 999.0 999.0 99.0 99.00
2019 03 26 18 00  66  6.8  7.3 99.00 99.00 99.00 999 1024.9 999.0 999.0 999.0 99.0 99.00
2019 03 26 19 00  59  4.5  4.8 99.00 99.00 99.00 999 1024.5 999.0 999.0 999.0 99.0 99.00
2019 03 26 20 00  55  3.8  4.1 99.00 99.00 99.00 999 1024.4 999.0 999.0 999.0 99.0 99.00
2019 03 26 21 00  77  3.2  3.4 99.00 99.00 99.00 999 1024.5 999.0 999.0 999.0 99.0 99.00
2019 03 26 22 00 127  3.6  3.9 99.00 99.00 99.00 999 1024.9 999.0 999.0 999.0 99.0 99.00
2019 03 26 23 00  82  1.6  2.1 99.00 99.00 99.00 999 1025.7 999.0 999.0 999.0 99.0 99.00
2019 03 27 00 00  53  4.2  4.5 99.00 99.00 99.00 999 1026.6 999.0 999.0 999.0 99.0 99.00
2019 03 27 01 00  43  3.8  4.3 99.00 99.00 99.00 999 1027.7 999.0 999.0 999.0 99.0 99.00
2019 03 27 02 00  29  2.7  3.1 99.00 99.00 99.00 999 1028.3 999.0 999.0 999.0 99.0 99.00
2019 03 27 03 00   5  2.7  3.1 99.00 99.00 99.00 999 1028.6 999.0 999.0 999.0 99.0 99.00
2019 03 27 04 00 344  4.5  4.9 99.00 99.00 99.00 999 1028.8 999.0 999.0 999.0 99.0 99.00
2019 03 27 05 00   2  8.3  9.4 99.00 99.00 99.00 999 1028.9 999.0 999.0 999.0 99.0 99.00
2019 03 27 06 00   1  8.0  8.7 99.00 99.00 99.00 999 1029.6 999.0 999.0 999.0 99.0 99.00
2019 03 27 07 00   3  9.3 10.6 99.00 99.00 99.00 999 1029.8 999.0 999.0 999.0 99.0 99.00
2019 03 27 08 00   6  9.7 10.3 99.00 99.00 99.00 999 1030.1 999.0 999.0 999.0 99.0 99.00
2019 03 27 09 00   8  7.5  8.3 99.00 99.00 99.00 999 1031.1 999.0 999.0 999.0 99.0 99.00
2019 03 27 10 00   3  6.7  7.3 99.00 99.00 99.00 999 1032.1 999.0 999.0 999.0 99.0 99.00
2019 03 27 11 00   1  6.6  7.2 99.00 99.00 99.00 999 1032.9 999.0 999.0 999.0 99.0 99.00
2019 03 27 12 00   2  6.1  6.5 99.00 99.00 99.00 999 1033.7 999.0 999.0 999.0 99.0 99.00
2019 03 27 13 00  14  5.2  6.0 99.00 99.00 99.00 999 1034.3 999.0 999.0 999.0 99.0 99.00
2019 03 27 14 00  25  6.1  6.8 99.00 99.00 99.00 999 1035.0 999.0 999.0 999.0 99.0 99.00
2019 03 27 15 00  48  6.8  7.4 99.00 99.00 99.00 999 1035.5 999.0 999.0 999.0 99.0 99.00
2019 03 27 16 00  60  6.1  6.3 99.00 99.00 99.00 999 1035.5 999.0 999.0 999.0 99.0 99.00
2019 03 27 17 00  61  5.0  5.3 99.00 99.00 99.00 999 1035.3 999.0 999.0 999.0 99.0 99.00
2019 03 27 18 00 103  4.4  5.1 99.00 99.00 99.00 999 1034.9 999.0 999.0 999.0 99.0 99.00
2019 03 27 19 00 141  4.7  5.1 99.00 99.00 99.00 999 1034.7 999.0 999.0 999.0 99.0 99.00
2019 03 27 20 00 166  4.5  5.1 99.00 99.00 99.00 999 1034.7 999.0 999.0 999.0 99.0 99.00
2019 03 27 21 00 185  4.7  5.5 99.00 99.00 99.00 999 1034.8 999.0 999.0 999.0 99.0 99.00
2019 03 27 22 00 184  4.9  5.3 99.00 99.00 99.00 999 1034.6 999.0 999.0 999.0 99.0 99.00
2019 03 27 23 00 183  3.6  4.1 99.00 99.00 99.00 999 1034.8 999.0 999.0 999.0 99.0 99.00
2019 03 28 00 00 184  4.0  4.8 99.00 99.00 99.00 999 1034.9 999.0 999.0 999.0 99.0 99.00
2019 03 28 01 00 176  4.0  4.5 99.00 99.00 99.00 999 1034.9 999.0 999.0 999.0 99.0 99.00
2019 03 28 02 00 180  3.9  4.2 99.00 99.00 99.00 999 1035.1 999.0 999.0 999.0 99.0 99.00
2019 03 28 03 00 188  4.0  4.5 99.00 99.00 99.00 999 1035.2 999.0 999.0 999.0 99.0 99.00
2019 03 28 04 00 186  4.5  4.8 99.00 99.00 99.00 999 1034.9 999.0 999.0 999.0 99.0 99.00
2019 03 28 05 00 184  5.0  5.2 99.00 99.00 99.00 999 1034.6 999.0 999.0 999.0 99.0 99.00
2019 03 28 06 00 191  6.3  6.8 99.00 99.00 99.00 999 1034.2 999.0 999.0 999.0 99.0 99.00
2019 03 28 07 00 200  5.7  6.4 99.00 99.00 99.00 999 1033.7 999.0 999.0 999.0 99.0 99.00
2019 03 28 08 00 199  5.8  6.3 99.00 99.00 99.00 999 1033.5 999.0 999.0 999.0 99.0 99.00
2019 03 28 09 00 198  6.8  7.4 99.00 99.00 99.00 999 1033.4 999.0 999.0 999.0 99.0 99.00
2019 03 28 10 00 198  6.5  7.1 99.00 99.00 99.00 999 1033.8 999.0 999.0 999.0 99.0 99.00
2019 03 28 11 00 197  5.7  7.3 99.00 99.00 99.00 999 1034.1 999.0 999.0 999.0 99.0 99.00
2019 03 28 12 00 188  6.6  7.3 99.00 99.00 99.00 999 1034.0 999.0 999.0 999.0 99.0 99.00
2019 03 28 13 00 193  7.0  7.6 99.00 99.00 99.00 999 1034.0 999.0 999.0 999.0 99.0 99.00
2019 03 28 14 00 192  6.0  6.4 99.00 99.00 99.00 999 1033.8 999.0 999.0 999.0 99.0 99.00
2019 03 28 15 00 184  6.7  7.2 99.00 99.00 99.00 999 1033.4 999.0 999.0 999.0 99.0 99.00
2019 03 28 16 00 175  8.5  8.9 99.00 99.00 99.00 999 1032.3 999.0 999.0 999.0 99.0 99.00
2019 03 28 17 00 178  8.3  9.0 99.00 99.00 99.00 999 1031.6 999.0 999.0 999.0 99.0 99.00
2019 03 28 18 00 177  9.4 10.0 99.00 99.00 99.00 999 1030.5 999.0 999.0 999.0 99.0 99.00
2019 03 28 19 00 182  8.3  9.0 99.00 99.00 99.00 999 1029.3 999.0 999.0 999.0 99.0 99.00
2019 03 28 20 00 183  8.1  8.4 99.00 99.00 99.00 999 1028.4 999.0 999.0 999.0 99.0 99.00
2019 03 28 21 00 182  8.3  9.4 99.00 99.00 99.00 999 1028.0 999.0 999.0 999.0 99.0 99.00
2019 03 28 22 00 175  7.9  8.3 99.00 99.00 99.00 999 1027.6 999.0 999.0 999.0 99.0 99.00
2019 03 28 23 00 176  8.0  8.5 99.00 99.00 99.00 999 1027.2 999.0 999.0 999.0 99.0 99.00
2019 03 29 00 00 182  7.7  8.8 99.00 99.00 99.00 999 1027.1 999.0 999.0 999.0 99.0 99.00
2019 03 29 01 00 182  8.1  8.7 99.00 99.00 99.00 999 1026.8 999.0 999.0 999.0 99.0 99.00
2019 03 29 02 00 188  7.2  7.8 99.00 99.00 99.00 999 1026.7 999.0 999.0 999.0 99.0 99.00
2019 03 29 03 00 196  6.4  6.9 99.00 99.00 99.00 999 1026.6 999.0 999.0 999.0 99.0 99.00
2019 03 29 04 00 201  7.2  7.5 99.00 99.00 99.00 999 1025.9 999.0 999.0 999.0 99.0 99.00
2019 03 29 05 00 200  6.7  7.3 99.00 99.00 99.00 999 1025.2 999.0 999.0 999.0 99.0 99.00
2019 03 29 06 00 209  7.9  8.4 99.00 99.00 99.00 999 1024.4 999.0 999.0 999.0 99.0 99.00
2019 03 29 07 00 197  8.1  8.6 99.00 99.00 99.00 999 1023.6 999.0 999.0 999.0 99.0 99.00
2019 03 29 08 00 197  9.2  9.9 99.00 99.00 99.00 999 1022.7 999.0 999.0 999.0 99.0 99.00
2019 03 29 09 00 210  8.9  9.9 99.00 99.00 99.00 999 1022.6 999.0 999.0 999.0 99.0 99.00
2019 03 29 10 00 203  9.1  9.6 99.00 99.00 99.00 999 1022.7 999.0 999.0 999.0 99.0 99.00
2019 03 29 11 00 193  6.4  6.7 99.00 99.00 99.00 999 1022.4 999.0 999.0 999.0 99.0 99.00
2019 03 29 12 00 205  7.3  8.0 99.00 99.00 99.00 999 1022.5 999.0 999.0 999.0 99.0 99.00
2019 03 29 13 00 192  9.2 10.0 99.00 99.00 99.00 999 1021.7 999.0 999.0 999.0 99.0 99.00
2019 03 29 14 00 198 10.2 10.7 99.00 99.00 99.00 999 1021.6 999.0 999.0 999.0 99.0 99.00
2019 03 29 15 00 233  7.2  7.7 99.00 99.00 99.00 999 1021.4 999.0 999.0 999.0 99.0 99.00
2019 03 29 16 00 229  4.8  5.0 99.00 99.00 99.00 999 1021.2 999.0 999.0 999.0 99.0 99.00
2019 03 29 17 00 215  7.1  7.5 99.00 99.00 99.00 999 1020.8 999.0 999.0 999.0 99.0 99.00
2019 03 29 18 00 203  7.1  7.5 99.00 99.00 99.00 999 1020.5 999.0 999.0 999.0 99.0 99.00
2019 03 29 19 00 204  8.0  8.3 99.00 99.00 99.00 999 1020.0 999.0 999.0 999.0 99.0 99.00
2019 03 29 20 00 201  8.2  8.5 99.00 99.00 99.00 999 1019.6 999.0 999.0 999.0 99.0 99.00
2019 03 29 21 00 216  9.7 10.5 99.00 99.00 99.00 999 1019.2 999.0 999.0 999.0 99.0 99.00
2019 03 29 22 00 213  8.2  8.9 99.00 99.00 99.00 999 1019.4 999.0 999.0 999.0 99.0 99.00
2019 03 29 23 00 216  7.9  8.2 99.00 99.00 99.00 999 1019.6 999.0 999.0 999.0 99.0 99.00
2019 03 30 00 00 224  8.0  8.4 99.00 99.00 99.00 999 1020.5 999.0 999.0 999.0 99.0 99.00
2019 03 30 01 00 219  6.8  6.9 99.00 99.00 99.00 999 1021.3 999.0 999.0 999.0 99.0 99.00
2019 03 30 02 00 230  5.9  6.0 99.00 99.00 99.00 999 1021.3 999.0 999.0 999.0 99.0 99.00
2019 03 30 03 00 229  5.0  5.1 99.00 99.00 99.00 999 1021.8 999.0 999.0 999.0 99.0 99.00
2019 03 30 04 00 256  4.4  4.6 99.00 99.00 99.00 999 1021.9 999.0 999.0 999.0 99.0 99.00
2019 03 30 05 00 177  3.2  3.3 99.00 99.00 99.00 999 1021.7 999.0 999.0 999.0 99.0 99.00
2019 03 30 06 00 264  2.6  2.7 99.00 99.00 99.00 999 1021.8 999.0 999.0 999.0 99.0 99.00
2019 03 30 07 00 128  2.9  5.0 99.00 99.00 99.00 999 1021.5 999.0 999.0 999.0 99.0 99.00
2019 03 30 08 00 169  2.3  2.6 99.00 99.00 99.00 999 1021.5 999.0 999.0 999.0 99.0 99.00
2019 03 30 09 00 153  3.8  4.0 99.00 99.00 99.00 999 1022.1 999.0 999.0 999.0 99.0 99.00
2019 03 30 10 00 127  2.8  2.9 99.00 99.00 99.00 999 1022.0 999.0 999.0 999.0 99.0 99.00
2019 03 30 11 00 151  1.5  1.6 99.00 99.00 99.00 999 1022.3 999.0 999.0 999.0 99.0 99.00
2019 03 30 12 00  94  4.3  4.5 99.00 99.00 99.00 999 1022.3 999.0 999.0 999.0 99.0 99.00
2019 03 30 13 00  87  2.5  2.6 99.00 99.00 99.00 999 1022.9 999.0 999.0 999.0 99.0 99.00
2019 03 30 14 00 102  3.1  3.3 99.00 99.00 99.00 999 1022.6 999.0 999.0 999.0 99.0 99.00
2019 03 30 15 00 107  4.0  4.1 99.00 99.00 99.00 999 1022.2 999.0 999.0 999.0 99.0 99.00
2019 03 30 16 00 144  5.1  5.2 99.00 99.00 99.00 999 1022.2 999.0 999.0 999.0 99.0 99.00
2019 03 30 17 00 137  5.7  5.8 99.00 99.00 99.00 999 1021.3 999.0 999.0 999.0 99.0 99.00
2019 03 30 18 00 144  7.6  8.0 99.00 99.00 99.00 999 1020.1 999.0 999.0 999.0 99.0 99.00
2019 03 30 19 00 151  6.7  7.1 99.00 99.00 99.00 999 1019.5 999.0 999.0 999.0 99.0 99.00
2019 03 30 20 00 185  6.1  6.5 99.00 99.00 99.00 999 1019.0 999.0 999.0 999.0 99.0 99.00
2019 03 30 21 00 167  8.6  8.8 99.00 99.00 99.00 999 1017.9 999.0 999.0 999.0 99.0 99.00
2019 03 30 22 00 170 11.0 11.6 99.00 99.00 99.00 999 1017.3 999.0 999.0 999.0 99.0 99.00
2019 03 30 23 00 173 12.0 12.7 99.00 99.00 99.00 999 1016.9 999.0 999.0 999.0 99.0 99.00
2019 03 31 00 00 175 12.1 12.8 99.00 99.00 99.00 999 1017.2 999.0 999.0 999.0 99.0 99.00
2019 03 31 01 00 166 12.3 12.6 99.00 99.00 99.00 999 1016.9 999.0 999.0 999.0 99.0 99.00
2019 03 31 02 00 175 12.0 12.7 99.00 99.00 99.00 999 1016.6 999.0 999.0 999.0 99.0 99.00
2019 03 31 03 00 169 12.1 13.1 99.00 99.00 99.00 999 1016.0 999.0 999.0 999.0 99.0 99.00
2019 03 31 04 00 169 11.3 12.0 99.00 99.00 99.00 999 1015.3 999.0 999.0 999.0 99.0 99.00
2019 03 31 05 00 172 11.4 12.5 99.00 99.00 99.00 999 1014.5 999.0 999.0 999.0 99.0 99.00
2019 03 31 06 00 174 12.1 12.8 99.00 99.00 99.00 999 1014.0 999.0 999.0 999.0 99.0 99.00
2019 03 31 07 00 168 12.7 13.5 99.00 99.00 99.00 999 1013.0 999.0 999.0 999.0 99.0 99.00
2019 03 31 08 00 169 11.6 12.3 99.00 99.00 99.00 999 1012.8 999.0 999.0 999.0 99.0 99.00
2019 03 31 09 00 165 11.8 13.1 99.00 99.00 99.00 999 1012.2 999.0 999.0 999.0 99.0 99.00
2019 03 31 10 00 163 11.7 12.6 99.00 99.00 99.00 999 1011.6 999.0 999.0 999.0 99.0 99.00
2019 03 31 11 00 164 11.9 12.9 99.00 99.00 99.00 999 1011.4 999.0 999.0 999.0 99.0 99.00
2019 03 31 12 00 165 12.1 13.0 99.00 99.00 99.00 999 1011.1 999.0 999.0 999.0 99.0 99.00
2019 03 31 13 00 167 12.0 12.9 99.00 99.00 99.00 999 1010.2 999.0 999.0 999.0 99.0 99.00
2019 03 31 14 00 168 12.0 12.6 99.00 99.00 99.00 999 1009.5 999.0 999.0 999.0 99.0 99.00
2019 03 31 15 00 169 14.6 15.5 99.00 99.00 99.00 999 1008.2 999.0 999.0 999.0 99.0 99.00
2019 03 31 16 00 174 13.2 14.1 99.00 99.00 99.00 999 1007.5 999.0 999.0 999.0 99.0 99.00
2019 03 31 17 00 178 14.3 15.3 99.00 99.00 99.00 999 1006.3 999.0 999.0 999.0 99.0 99.00
2019 03 31 18 00 188 12.6 13.4 99.00 99.00 99.00 999 1006.0 999.0 999.0 999.0 99.0 99.00
2019 03 31 19 00 188 10.2 10.6 99.00 99.00 99.00 999 1005.0 999.0 999.0 999.0 99.0 99.00
2019 03 31 20 00 198  9.7 10.3 99.00 99.00 99.00 999 1004.4 999.0 999.0 999.0 99.0 99.00
2019 03 31 21 00 214  8.5  9.6 99.00 99.00 99.00 999 1004.1 999.0 999.0 999.0 99.0 99.00
2019 03 31 22 00 246  8.6  9.0 99.00 99.00 99.00 999 1004.5 999.0 999.0 999.0 99.0 99.00
2019 03 31 23 00 298 11.6 12.6 99.00 99.00 99.00 999 1005.3 999.0 999.0 999.0 99.0 99.00
