#YY  MM DD hh mm WDIR WSPD GST  WVHT   DPD   APD MWD   PRES  ATMP  WTMP  DEWP  VIS  TIDE
#yr  mo dy hr mn degT m/s  m/s     m   sec   sec deg    hPa  degC  degC  degC  nmi    ft
2019 08 20 15 00 318  3.7  3.8 99.00 99.00 99.00 999 1019.6 999.0 999.0 999.0 99.0 99.00
2019 08 20 16 00 278  2.6  2.7 99.00 99.00 99.00 999 1019.6 999.0 999.0 999.0 99.0 99.00
2019 08 20 17 00 111  2.8  3.0 99.00 99.00 99.00 999 9999.0 999.0 999.0 999.0 99.0 99.00
2019 08 20 18 00 111  3.6  3.6 99.00 99.00 99.00 999 9999.0 999.0 999.0 999.0 99.0 99.00
2019 08 20 19 00 215  4.6  4.8 99.00 99.00 99.00 999 1018.6 999.0 999.0 999.0 99.0 99.00
2019 08 20 20 00 222  5.8  5.9 99.00 99.00 99.00 999 1018.6 999.0 999.0 999.0 99.0 99.00
2019 08 20 21 00 208  3.4  3.5 99.00 99.00 99.00 999 1018.4 999.0 999.0 999.0 99.0 99.00
2019 08 20 22 00 196  4.4  4.5 99.00 99.00 99.00 999 1018.5 999.0 999.0 999.0 99.0 99.00
2019 08 20 23 00 207  5.5  5.7 99.00 99.00 99.00 999 1018.2 999.0 999.0 999.0 99.0 99.00
2019 08 21 00 00 200  5.1  5.3 99.00 99.00 99.00 999 1017.7 999.0 999.0 999.0 99.0 99.00
2019 08 21 01 00 205  5.2  5.3 99.00 99.00 99.00 999 1018.2 999.0 999.0 999.0 99.0 99.00
2019 08 21 02 00 216  4.1  4.2 99.00 99.00 99.00 999 1018.2 999.0 999.0 999.0 99.0 99.00
2019 08 21 03 00 210  3.9  3.9 99.00 99.00 99.00 999 1018.4  23.9 999.0 999.0 99.0 99.00
2019 08 21 04 00 201  4.4  4.4 99.00 99.00 99.00 999 1018.4  23.8 999.0 999.0 99.0 99.00
2019 08 21 05 00 198  4.7  4.8 99.00 99.00 99.00 999 1018.3  23.9 999.0 999.0 99.0 99.00
2019 08 21 06 00 195  5.6  5.7 99.00 99.00 99.00 999 1018.4  23.5 999.0 999.0 99.0 99.00
2019 08 21 07 00 188  4.7  4.8 99.00 99.00 99.00 999 1017.8  23.3 999.0 999.0 99.0 99.00
2019 08 21 08 00 166  4.4  4.5 99.00 99.00 99.00 999 1017.3  23.0 999.0 999.0 99.0 99.00
2019 08 21 09 00 179  4.3  4.4 99.00 99.00 99.00 999 1017.4  22.5 999.0 999.0 99.0 99.00
2019 08 21 10 00 164  5.0  5.3 99.00 99.00 99.00 999 1016.9  22.4 999.0 999.0 99.0 99.00
2019 08 21 11 00 166  4.6  4.8 99.00 99.00 99.00 999 1016.9  22.5 999.0 999.0 99.0 99.00
2019 08 21 12 00 151  5.1  5.2 99.00 99.00 99.00 999 1016.9  22.5 999.0 999.0 99.0 99.00
2019 08 21 13 00 151  6.2  6.3 99.00 99.00 99.00 999 1016.8  22.6 999.0 999.0 99.0 99.00
2019 08 21 14 00 139  6.0  6.3 99.00 99.00 99.00 999 1016.3  22.5 999.0 999.0 99.0 99.00
2019 08 21 15 00 149  6.3  6.8 99.00 99.00 99.00 999 1016.2  22.7 999.0 999.0 99.0 99.00
2019 08 21 16 00 176  8.4  9.0 99.00 99.00 99.00 999 1014.7  22.3 999.0 999.0 99.0 99.00
2019 08 21 17 00 175  7.3  7.7 99.00 99.00 99.00 999 1014.8  22.5 999.0 999.0 99.0 99.00
2019 08 21 18 00 190  7.8  8.3 99.00 99.00 99.00 999 1014.4  23.4 999.0 999.0 99.0 99.00
2019 08 21 19 00 194  8.8  9.2 99.00 99.00 99.00 999 1013.9  23.8 999.0 999.0 99.0 99.00
2019 08 21 20 00 198  8.5  8.8 99.00 99.00 99.00 999 1013.5  24.2 999.0 999.0 99.0 99.00
2019 08 21 21 00 204  8.5  8.8 99.00 99.00 99.00 999 1013.0  24.1 999.0 999.0 99.0 99.00
2019 08 21 22 00 190  8.0  8.5 99.00 99.00 99.00 999 1012.5  24.1 999.0 999.0 99.0 99.00
2019 08 21 23 00 204  7.7  8.3 99.00 99.00 99.00 999 1012.1  24.1 999.0 999.0 99.0 99.00
2019 08 22 00 00 202  8.2  8.7 99.00 99.00 99.00 999 1012.3  23.9 999.0 999.0 99.0 99.00
2019 08 22 01 00 203 10.2 11.0 99.00 99.00 99.00 999 1011.9  24.0 999.0 999.0 99.0 99.00
2019 08 22 02 00 234 13.0 14.2 99.00 99.00 99.00 999 1011.9  24.7 999.0 999.0 99.0 99.00
2019 08 22 03 00 252  7.7  8.5 99.00 99.00 99.00 999 1012.4  23.3 999.0 999.0 99.0 99.00
2019 08 22 04 00 242  8.9  9.7 99.00 99.00 99.00 999 1012.4  23.3 999.0 999.0 99.0 99.00
2019 08 22 05 00 225  6.7  7.3 99.00 99.00 99.00 999 1012.2  23.0 999.0 999.0 99.0 99.00
2019 08 22 06 00 233  8.3  8.5 99.00 99.00 99.00 999 1011.8  23.6 999.0 999.0 99.0 99.00
2019 08 22 07 00 232  6.3  6.7 99.00 99.00 99.00 999 1011.1  23.3 999.0 999.0 99.0 99.00
2019 08 22 08 00 235  6.5  6.6 99.00 99.00 99.00 999 1010.6  22.9 999.0 999.0 99.0 99.00
2019 08 22 09 00 225  3.4  3.7 99.00 99.00 99.00 999 1010.7  23.0 999.0 999.0 99.0 99.00
2019 08 22 10 00 197  1.6  1.8 99.00 99.00 99.00 999 1011.0  22.6 999.0 999.0 99.0 99.00
2019 08 22 11 00 220  2.1  2.3 99.00 99.00 99.00 999 1011.5  23.0 999.0 999.0 99.0 99.00
2019 08 22 12 00 255  4.6  4.9 99.00 99.00 99.00 999 1011.9  22.9 999.0 999.0 99.0 99.00
2019 08 22 13 00 256  3.4  3.7 99.00 99.00 99.00 999 1011.5  22.6 999.0 999.0 99.0 99.00
2019 08 22 14 00 220  3.6  3.8 99.00 99.00 99.00 999 1011.8  22.2 999.0 999.0 99.0 99.00
2019 08 22 15 00 217  3.7  3.8 99.00 99.00 99.00 999 1011.9  22.1 999.0 999.0 99.0 99.00
2019 08 22 16 00 231  3.8  4.0 99.00 99.00 99.00 999 1011.4  22.1 999.0 999.0 99.0 99.00
2019 08 22 17 00 207  5.4  5.6 99.00 99.00 99.00 999 1010.9  22.4 999.0 999.0 99.0 99.00
2019 08 22 18 00 220  6.3  6.6 99.00 99.00 99.00 999 1011.4  22.4 999.0 999.0 99.0 99.00
2019 08 22 19 00 228  8.4  8.9 99.00 99.00 99.00 999 1010.9  23.1 999.0 999.0 99.0 99.00
2019 08 22 20 00 233  8.5  9.2 99.00 99.00 99.00 999 1010.8  23.4 999.0 999.0 99.0 99.00
2019 08 22 21 00 224  8.1  8.6 99.00 99.00 99.00 999 1010.7  23.5 999.0 999.0 99.0 99.00
2019 08 22 22 00 220  8.4  8.9 99.00 99.00 99.00 999 1010.6  23.6 999.0 999.0 99.0 99.00
2019 08 22 23 00 232  8.5  9.1 99.00 99.00 99.00 999 1011.0  23.8 999.0 999.0 99.0 99.00
2019 08 23 00 00 248  7.4  7.7 99.00 99.00 99.00 999 1011.2  23.3 999.0 999.0 99.0 99.00
2019 08 23 01 00 242  7.6  8.0 99.00 99.00 99.00 999 1011.6  23.3 999.0 999.0 99.0 99.00
2019 08 23 02 00 241  8.0  8.3 99.00 99.00 99.00 999 1011.8  23.4 999.0 999.0 99.0 99.00
2019 08 23 03 00 247  7.1  7.3 99.00 99.00 99.00 999 1012.0  23.5 999.0 999.0 99.0 99.00
2019 08 23 04 00 252  4.6  4.8 99.00 99.00 99.00 999 1012.6  22.8 999.0 999.0 99.0 99.00
2019 08 23 05 00 291 10.1 10.7 99.00 99.00 99.00 999 1012.6  23.0 999.0 999.0 99.0 99.00
2019 08 23 06 00 272  4.2  4.4 99.00 99.00 99.00 999 1012.2  22.7 999.0 999.0 99.0 99.00
2019 08 23 07 00 326  4.3  4.6 99.00 99.00 99.00 999 1012.0  22.8 999.0 999.0 99.0 99.00
2019 08 23 08 00 316  4.3  4.5 99.00 99.00 99.00 999 1012.7  22.6 999.0 999.0 99.0 99.00
2019 08 23 09 00   3  4.7  4.9 99.00 99.00 99.00 999 1012.8  22.5 999.0 999.0 99.0 99.00
2019 08 23 10 00 356  4.6  5.0 99.00 99.00 99.00 999 1013.6  22.2 999.0 999.0 99.0 99.00
2019 08 23 11 00 351  4.5  4.8 99.00 99.00 99.00 999 1014.3  21.8 999.0 999.0 99.0 99.00
2019 08 23 12 00 332  4.7  5.2 99.00 99.00 99.00 999 1014.8  21.3 999.0 999.0 99.0 99.00
2019 08 23 13 00 339  8.0  8.4 99.00 99.00 99.00 999 1015.5  19.0 999.0 999.0 99.0 99.00
2019 08 23 14 00 359  5.5  6.1 99.00 99.00 99.00 999 1015.8  18.8 999.0 999.0 99.0 99.00
2019 08 23 15 00   0  2.3  2.6 99.00 99.00 99.00 999 1015.9  18.6 999.0 999.0 99.0 99.00
2019 08 23 16 00 319  2.6  2.9 99.00 99.00 99.00 999 1015.4  18.8 999.0 999.0 99.0 99.00
2019 08 23 17 00 323  3.6  3.8 99.00 99.00 99.00 999 1014.8  18.8 999.0 999.0 99.0 99.00
2019 08 23 18 00 297  3.6  3.9 99.00 99.00 99.00 999 1014.8  19.5 999.0 999.0 99.0 99.00
2019 08 23 19 00 272  3.6  3.8 99.00 99.00 99.00 999 1014.7  19.6 999.0 999.0 99.0 99.00
2019 08 23 20 00 267  4.7  4.9 99.00 99.00 99.00 999 1015.0  20.3 999.0 999.0 99.0 99.00
2019 08 23 21 00 257  4.9  5.1 99.00 99.00 99.00 999 1015.2  20.5 999.0 999.0 99.0 99.00
2019 08 23 22 00 268  4.4  4.6 99.00 99.00 99.00 999 1014.8  20.8 999.0 999.0 99.0 99.00
2019 08 23 23 00 268  3.6  3.8 99.00 99.00 99.00 999 1015.2  21.0 999.0 999.0 99.0 99.00
2019 08 24 00 00 288  1.9  2.0 99.00 99.00 99.00 999 1015.6  21.6 999.0 999.0 99.0 99.00
2019 08 24 01 00 321  2.0  2.5 99.00 99.00 99.00 999 1016.0  21.8 999.0 999.0 99.0 99.00
2019 08 24 02 00 359  3.1  3.3 99.00 99.00 99.00 999 1015.8  21.7 999.0 999.0 99.0 99.00
2019 08 24 03 00   1  5.5  6.5 99.00 99.00 99.00 999 1016.3  21.6 999.0 999.0 99.0 99.00
2019 08 24 04 00   7  5.9  6.6 99.00 99.00 99.00 999 1017.2  20.3 999.0 999.0 99.0 99.00
2019 08 24 05 00   2  8.0  8.9 99.00 99.00 99.00 999 1017.3  19.6 999.0 999.0 99.0 99.00
2019 08 24 06 00   1  8.6  9.7 99.00 99.00 99.00 999 1017.3  19.3 999.0 999.0 99.0 99.00
2019 08 24 07 00   1  9.5 10.6 99.00 99.00 99.00 999 1017.3  18.2 999.0 999.0 99.0 99.00
2019 08 24 08 00   1  9.3 10.0 99.00 99.00 99.00 999 1017.7  17.6 999.0 999.0 99.0 99.00
2019 08 24 09 00 359  9.1  9.8 99.00 99.00 99.00 999 1018.3  17.3 999.0 999.0 99.0 99.00
2019 08 24 10 00 359  9.3 10.3 99.00 99.00 99.00 999 1018.9  17.5 999.0 999.0 99.0 99.00
2019 08 24 11 00   3  8.6  9.2 99.00 99.00 99.00 999 1019.3  17.0 999.0 999.0 99.0 99.00
2019 08 24 12 00   2  8.3  8.9 99.00 99.00 99.00 999 1020.0  17.2 999.0 999.0 99.0 99.00
2019 08 24 13 00  15  6.8  7.3 99.00 99.00 99.00 999 1020.5  17.9 999.0 999.0 99.0 99.00
2019 08 24 14 00  29  7.6  8.3 99.00 99.00 99.00 999 1020.9  18.7 999.0 999.0 99.0 99.00
2019 08 24 15 00  25  5.6  6.1 99.00 99.00 99.00 999 1021.5  19.0 999.0 999.0 99.0 99.00
2019 08 24 16 00  48  5.2  5.6 99.00 99.00 99.00 999 1021.4  19.7 999.0 999.0 99.0 99.00
2019 08 24 17 00  54  4.6  4.9 99.00 99.00 99.00 999 1021.3  19.9 999.0 999.0 99.0 99.00
2019 08 24 18 00  58  6.9  7.4 99.00 99.00 99.00 999 1021.3  20.1 999.0 999.0 99.0 99.00
2019 08 24 19 00  55  8.2  9.0 99.00 99.00 99.00 999 1021.6  20.2 999.0 999.0 99.0 99.00
2019 08 24 20 00  45 10.1 10.6 99.00 99.00 99.00 999 1021.7  20.3 999.0 999.0 99.0 99.00
2019 08 24 21 00  51  9.8 10.4 99.00 99.00 99.00 999 1022.3  19.9 999.0 999.0 99.0 99.00
2019 08 24 22 00  52  8.8  9.6 99.00 99.00 99.00 999 1022.9  19.3 999.0 999.0 99.0 99.00
2019 08 24 23 00  49  8.1  8.9 99.00 99.00 99.00 999 1023.3  19.3 999.0 999.0 99.0 99.00
2019 08 25 00 00  45  8.9 10.4 99.00 99.00 99.00 999 1024.0  19.0 999.0 999.0 99.0 99.00
2019 08 25 01 00  46  9.5 10.2 99.00 99.00 99.00 999 1024.5  18.8 999.0 999.0 99.0 99.00
2019 08 25 02 00  57  9.7 10.8 99.00 99.00 99.00 999 1024.8  18.6 999.0 999.0 99.0 99.00
2019 08 25 03 00  50 10.2 10.9 99.00 99.00 99.00 999 1025.0  18.7 999.0 999.0 99.0 99.00
2019 08 25 04 00  51  9.9 11.7 99.00 99.00 99.00 999 1025.2  18.8 999.0 999.0 99.0 99.00
2019 08 25 05 00  49  9.8 10.9 99.00 99.00 99.00 999 1025.0  18.8 999.0 999.0 99.0 99.00
2019 08 25 06 00  47 10.3 11.5 99.00 99.00 99.00 999 1024.6  18.7 999.0 999.0 99.0 99.00
2019 08 25 07 00  25  5.9  7.2 99.00 99.00 99.00 999 1024.3  17.6 999.0 999.0 99.0 99.00
2019 08 25 08 00  35  8.0  8.9 99.00 99.00 99.00 999 1024.4  18.2 999.0 999.0 99.0 99.00
2019 08 25 09 00  44 10.2 11.2 99.00 99.00 99.00 999 1024.2  18.5 999.0 999.0 99.0 99.00
2019 08 25 10 00  16  7.8  8.6 99.00 99.00 99.00 999 1024.4  17.4 999.0 999.0 99.0 99.00
2019 08 25 11 00  17  8.4  9.5 99.00 99.00 99.00 999 1024.5  17.3 999.0 999.0 99.0 99.00
2019 08 25 12 00  25  9.7 10.6 99.00 99.00 99.00 999 1024.9  18.0 999.0 999.0 99.0 99.00
2019 08 25 13 00  25 11.2 12.4 99.00 99.00 99.00 999 1024.8  18.2 999.0 999.0 99.0 99.00
2019 08 25 14 00  21  8.9  9.6 99.00 99.00 99.00 999 1025.4  18.5 999.0 999.0 99.0 99.00
2019 08 25 15 00  42 12.2 13.2 99.00 99.00 99.00 999 1025.3  19.4 999.0 999.0 99.0 99.00
2019 08 25 16 00  38 13.0 14.3 99.00 99.00 99.00 999 1025.3  19.3 999.0 999.0 99.0 99.00
2019 08 25 17 00  45 14.0 14.9 99.00 99.00 99.00 999 1025.1  18.8 999.0 999.0 99.0 99.00
2019 08 25 18 00  38 12.0 13.8 99.00 99.00 99.00 999 1025.1  18.8 999.0 999.0 99.0 99.00
2019 08 25 19 00  41 13.5 15.0 99.00 99.00 99.00 999 1024.8  18.3 999.0 999.0 99.0 99.00
2019 08 25 20 00  34 12.6 13.4 99.00 99.00 99.00 999 1024.6  18.2 999.0 999.0 99.0 99.00
2019 08 25 21 00  21  9.8 10.9 99.00 99.00 99.00 999 1024.6  18.3 999.0 999.0 99.0 99.00
2019 08 25 22 00  31  9.3 10.5 99.00 99.00 99.00 999 1024.7  18.0 999.0 999.0 99.0 99.00
2019 08 25 23 00  31 10.3 11.1 99.00 99.00 99.00 999 1024.2  18.0 999.0 999.0 99.0 99.00
2019 08 26 00 00  20 10.7 11.6 99.00 99.00 99.00 999 1024.2  17.6 999.0 999.0 99.0 99.00
2019 08 26 01 00  17  9.8 11.1 99.00 99.00 99.00 999 1024.6  17.6 999.0 999.0 99.0 99.00
2019 08 26 02 00  52 10.3 10.9 99.00 99.00 99.00 999 1024.6  18.0 999.0 999.0 99.0 99.00
2019 08 26 03 00  55  9.9 10.7 99.00 99.00 99.00 999 1024.5  18.1 999.0 999.0 99.0 99.00
2019 08 26 04 00  58 10.3 11.0 99.00 99.00 99.00 999 1024.3  17.3 999.0 999.0 99.0 99.00
2019 08 26 05 00  46 10.1 11.4 99.00 99.00 99.00 999 1024.0  17.2 999.0 999.0 99.0 99.00
2019 08 26 06 00  33  9.7 10.3 99.00 99.00 99.00 999 1023.7  17.2 999.0 999.0 99.0 99.00
2019 08 26 07 00  17  9.0  9.9 99.00 99.00 99.00 999 1023.0  16.4 999.0 999.0 99.0 99.00
2019 08 26 08 00  20  8.0  8.9 99.00 99.00 99.00 999 1022.8  16.6 999.0 999.0 99.0 99.00
2019 08 26 09 00  27  9.9 10.8 99.00 99.00 99.00 999 1022.5  16.7 999.0 999.0 99.0 99.00
2019 08 26 10 00   5  6.4  7.2 99.00 99.00 99.00 999 1023.3  16.1 999.0 999.0 99.0 99.00
2019 08 26 11 00   4  8.6  9.2 99.00 99.00 99.00 999 1023.4  15.8 999.0 999.0 99.0 99.00
2019 08 26 12 00  11  8.8  9.7 99.00 99.00 99.00 999 1023.4  15.8 999.0 999.0 99.0 99.00
2019 08 26 13 00  29 10.6 11.2 99.00 99.00 99.00 999 1022.8  17.5 999.0 999.0 99.0 99.00
2019 08 26 14 00  43 11.3 12.9 99.00 99.00 99.00 999 1023.2  18.3 999.0 999.0 99.0 99.00
2019 08 26 15 00  38 11.9 12.6 99.00 99.00 99.00 999 1023.1  18.3 999.0 999.0 99.0 99.00
2019 08 26 16 00  40 10.2 11.7 99.00 99.00 99.00 999 1023.0  18.5 999.0 999.0 99.0 99.00
2019 08 26 17 00  38  9.5 10.7 99.00 99.00 99.00 999 1023.1  18.7 999.0 999.0 99.0 99.00
2019 08 26 18 00  41  9.3 10.1 99.00 99.00 99.00 999 1023.2  18.8 999.0 999.0 99.0 99.00
2019 08 26 19 00  42  8.8  9.5 99.00 99.00 99.00 999 1022.7  19.0 999.0 999.0 99.0 99.00
2019 08 26 20 00  40  8.3  8.9 99.00 99.00 99.00 999 1022.3  19.1 999.0 999.0 99.0 99.00
2019 08 26 21 00  44  8.3  8.9 99.00 99.00 99.00 999 1022.0  19.0 999.0 999.0 99.0 99.00
2019 08 26 22 00  51  9.0  9.7 99.00 99.00 99.00 999 1021.8  19.1 999.0 999.0 99.0 99.00
2019 08 26 23 00  53  7.7  9.0 99.00 99.00 99.00 999 1021.6  18.8 999.0 999.0 99.0 99.00
2019 08 27 00 00  51  7.5  8.4 99.00 99.00 99.00 999 1021.5  18.5 999.0 999.0 99.0 99.00
2019 08 27 01 00  56  5.6  5.8 99.00 99.00 99.00 999 1022.0  18.3 999.0 999.0 99.0 99.00
2019 08 27 02 00  62  6.0  6.3 99.00 99.00 99.00 999 1021.7  18.0 999.0 999.0 99.0 99.00
2019 08 27 03 00  80  4.3  4.6 99.00 99.00 99.00 999 1021.8  17.6 999.0 999.0 99.0 99.00
2019 08 27 04 00  66  3.9  4.5 99.00 99.00 99.00 999 1021.8  17.7 999.0 999.0 99.0 99.00
2019 08 27 05 00  65  3.6  3.8 99.00 99.00 99.00 999 1021.5  17.6 999.0 999.0 99.0 99.00
2019 08 27 06 00  76  2.8  3.1 99.00 99.00 99.00 999 1020.9  17.2 999.0 999.0 99.0 99.00
2019 08 27 07 00  60  1.2  1.5 99.00 99.00 99.00 999 1020.7  17.1 999.0 999.0 99.0 99.00
2019 08 27 08 00  55  0.8  1.1 99.00 99.00 99.00 999 1020.4  17.2 999.0 999.0 99.0 99.00
2019 08 27 09 00 350  2.0  2.3 99.00 99.00 99.00 999 1020.4  16.9 999.0 999.0 99.0 99.00
2019 08 27 10 00  13  2.2  2.7 99.00 99.00 99.00 999 1020.3  16.8 999.0 999.0 99.0 99.00
2019 08 27 11 00   6  3.4  3.6 99.00 99.00 99.00 999 1020.2  16.6 999.0 999.0 99.0 99.00
2019 08 27 12 00  16  3.2  3.4 99.00 99.00 99.00 999 1020.4  16.9 999.0 999.0 99.0 99.00
2019 08 27 13 00  23  3.1  3.4 99.00 99.00 99.00 999 1020.5  17.0 999.0 999.0 99.0 99.00
2019 08 27 14 00  52  3.4  3.7 99.00 99.00 99.00 999 1020.3  17.2 999.0 999.0 99.0 99.00
2019 08 27 15 00  43  1.8  2.5 99.00 99.00 99.00 999 1020.4  17.4 999.0 999.0 99.0 99.00
2019 08 27 16 00 164  0.4  0.6 99.00 99.00 99.00 999 1020.2  18.5 999.0 999.0 99.0 99.00
2019 08 27 17 00 166  2.7  3.3 99.00 99.00 99.00 999 1019.7  17.8 999.0 999.0 99.0 99.00
2019 08 27 18 00 160  3.7  4.0 99.00 99.00 99.00 999 1018.9  17.5 999.0 999.0 99.0 99.00
2019 08 27 19 00 176  3.8  4.3 99.00 99.00 99.00 999 1018.7  17.6 999.0 999.0 99.0 99.00
2019 08 27 20 00 183  3.6  4.1 99.00 99.00 99.00 999 1018.4  17.7 999.0 999.0 99.0 99.00
2019 08 27 21 00 192  3.7  3.9 99.00 99.00 99.00 999 1018.5  17.8 999.0 999.0 99.0 99.00
2019 08 27 22 00 167  2.9  3.4 99.00 99.00 99.00 999 1018.0  17.7 999.0 999.0 99.0 99.00
2019 08 27 23 00 151  3.6  4.0 99.00 99.00 99.00 999 1017.7  17.8 999.0 999.0 99.0 99.00
2019 08 28 00 00 163  4.7  5.0 99.00 99.00 99.00 999 1017.8  17.8 999.0 999.0 99.0 99.00
2019 08 28 01 00 165  5.1  5.8 99.00 99.00 99.00 999 1018.3  17.9 999.0 999.0 99.0 99.00
2019 08 28 02 00 183  4.5  4.8 99.00 99.00 99.00 999 1018.3  18.0 999.0 999.0 99.0 99.00
2019 08 28 03 00 163  3.6  3.9 99.00 99.00 99.00 999 1018.0  18.3 999.0 999.0 99.0 99.00
2019 08 28 04 00 153  3.5  3.8 99.00 99.00 99.00 999 1017.6  18.3 999.0 999.0 99.0 99.00
2019 08 28 05 00 162  3.6  3.8 99.00 99.00 99.00 999 1017.4  18.3 999.0 999.0 99.0 99.00
2019 08 28 06 00 147  2.3  2.6 99.00 99.00 99.00 999 1017.1  18.3 999.0 999.0 99.0 99.00
2019 08 28 07 00 141  2.9  3.0 99.00 99.00 99.00 999 1016.6  18.3 999.0 999.0 99.0 99.00
2019 08 28 08 00 113  2.4  2.4 99.00 99.00 99.00 999 1016.0  18.4 999.0 999.0 99.0 99.00
2019 08 28 09 00 109  2.9  3.1 99.00 99.00 99.00 999 1015.5  18.5 999.0 999.0 99.0 99.00
2019 08 28 10 00 116  3.2  3.3 99.00 99.00 99.00 999 1015.7  18.6 999.0 999.0 99.0 99.00
2019 08 28 11 00  75  2.2  2.4 99.00 99.00 99.00 999 1015.8  18.7 999.0 999.0 99.0 99.00
2019 08 28 12 00  66  1.6  1.8 99.00 99.00 99.00 999 1015.9  18.9 999.0 999.0 99.0 99.00
2019 08 28 13 00 100  4.0  4.1 99.00 99.00 99.00 999 1015.4  19.1 999.0 999.0 99.0 99.00
2019 08 28 14 00  98  5.1  5.3 99.00 99.00 99.00 999 1015.2  19.6 999.0 999.0 99.0 99.00
2019 08 28 15 00  94  5.3  5.3 99.00 99.00 99.00 999 1014.9  20.0 999.0 999.0 99.0 99.00
2019 08 28 16 00  83  4.6  5.3 99.00 99.00 99.00 999 1014.5  19.9 999.0 999.0 99.0 99.00
2019 08 28 17 00  89  6.2  6.5 99.00 99.00 99.00 999 1014.1  19.7 999.0 999.0 99.0 99.00
2019 08 28 18 00  72  7.4  7.8 99.00 99.00 99.00 999 1012.8  19.8 999.0 999.0 99.0 99.00
2019 08 28 19 00  84  7.5  8.0 99.00 99.00 99.00 999 1011.7  20.0 999.0 999.0 99.0 99.00
2019 08 28 20 00 122  6.3  6.7 99.00 99.00 99.00 999 1011.9  20.9 999.0 999.0 99.0 99.00
2019 08 28 21 00 163  6.5  7.2 99.00 99.00 99.00 999 1011.6  21.2 999.0 999.0 99.0 99.00
2019 08 28 22 00 120  3.4  3.6 99.00 99.00 99.00 999 1011.0  21.2 999.0 999.0 99.0 99.00
2019 08 28 23 00 120  5.9  6.0 99.00 99.00 99.00 999 1010.5  21.3 999.0 999.0 99.0 99.00
2019 08 29 00 00 127  7.1  7.4 99.00 99.00 99.00 999 1010.3  20.8 999.0 999.0 99.0 99.00
2019 08 29 01 00 141  7.2  7.6 99.00 99.00 99.00 999 1010.1  21.0 999.0 999.0 99.0 99.00
2019 08 29 02 00 163  6.4  7.7 99.00 99.00 99.00 999 1009.8  20.9 999.0 999.0 99.0 99.00
2019 08 29 03 00 176  6.0  6.6 99.00 99.00 99.00 999 1009.6  20.8 999.0 999.0 99.0 99.00
2019 08 29 04 00 169  6.3  6.9 99.00 99.00 99.00 999 1009.2  21.1 999.0 999.0 99.0 99.00
2019 08 29 05 00 179 11.4 13.3 99.00 99.00 99.00 999 1009.0  21.8 999.0 999.0 99.0 99.00
2019 08 29 06 00 193  6.6  7.9 99.00 99.00 99.00 999 1008.5  21.8 999.0 999.0 99.0 99.00
2019 08 29 07 00 219  6.4  6.5 99.00 99.00 99.00 999 1008.1  21.5 999.0 999.0 99.0 99.00
2019 08 29 08 00 263  4.9  5.1 99.00 99.00 99.00 999 1007.7  21.9 999.0 999.0 99.0 99.00
2019 08 29 09 00 259  3.0  3.2 99.00 99.00 99.00 999 1007.9  21.6 999.0 999.0 99.0 99.00
2019 08 29 10 00 333  4.9  5.1 99.00 99.00 99.00 999 1008.3  21.5 999.0 999.0 99.0 99.00
2019 08 29 11 00 341  8.4  9.2 99.00 99.00 99.00 999 1008.2  20.5 999.0 999.0 99.0 99.00
2019 08 29 12 00 348  6.1  7.0 99.00 99.00 99.00 999 1008.5  20.1 999.0 999.0 99.0 99.00
2019 08 29 13 00 357  5.5  6.2 99.00 99.00 99.00 999 1008.9  20.0 999.0 999.0 99.0 99.00
2019 08 29 14 00   2  6.5  6.9 99.00 99.00 99.00 999 1009.6  20.2 999.0 999.0 99.0 99.00
2019 08 29 15 00  14  5.4  5.7 99.00 99.00 99.00 999 1009.9  20.8 999.0 999.0 99.0 99.00
2019 08 29 16 00  40  3.5  3.8 99.00 99.00 99.00 999 1009.8  21.0 999.0 999.0 99.0 99.00
2019 08 29 17 00 335  4.1  4.3 99.00 99.00 99.00 999 1009.8  22.9 999.0 999.0 99.0 99.00
2019 08 29 18 00 349  2.3  2.4 99.00 99.00 99.00 999 1009.4  24.2 999.0 999.0 99.0 99.00
2019 08 29 19 00 264  3.1  3.3 99.00 99.00 99.00 999 1009.2  23.7 999.0 999.0 99.0 99.00
2019 08 29 20 00 247  8.0  8.3 99.00 99.00 99.00 999 1009.0  22.4 999.0 999.0 99.0 99.00
2019 08 29 21 00 243  6.7  6.9 99.00 99.00 99.00 999 1009.6  23.0 999.0 999.0 99.0 99.00
2019 08 29 22 00 286  5.1  5.5 99.00 99.00 99.00 999 1010.1  24.4 999.0 999.0 99.0 99.00
2019 08 29 23 00 267  3.6  4.2 99.00 99.00 99.00 999 1011.1  24.0 999.0 999.0 99.0 99.00
2019 08 30 00 00 291  7.3  7.4 99.00 99.00 99.00 999 1012.1  25.0 999.0 999.0 99.0 99.00
2019 08 30 01 00 289  7.6  7.8 99.00 99.00 99.00 999 1013.1  23.3 999.0 999.0 99.0 99.00
2019 08 30 02 00 298  6.5  6.6 99.00 99.00 99.00 999 1013.9  22.6 999.0 999.0 99.0 99.00
2019 08 30 03 00 303  6.1  6.3 99.00 99.00 99.00 999 1014.4  21.8 999.0 999.0 99.0 99.00
2019 08 30 04 00 318  5.9  6.7 99.00 99.00 99.00 999 1014.5  21.5 999.0 999.0 99.0 99.00
2019 08 30 05 00 309  6.2  6.8 99.00 99.00 99.00 999 1015.0  20.9 999.0 999.0 99.0 99.00
2019 08 30 06 00 316  5.9  6.3 99.00 99.00 99.00 999 1014.9  20.7 999.0 999.0 99.0 99.00
2019 08 30 07 00 296  5.3  5.8 99.00 99.00 99.00 999 1015.2  20.2 999.0 999.0 99.0 99.00
2019 08 30 08 00 284  4.2  4.4 99.00 99.00 99.00 999 1015.4  20.2 999.0 999.0 99.0 99.00
2019 08 30 09 00 268  5.1  5.6 99.00 99.00 99.00 999 1015.9  19.7 999.0 999.0 99.0 99.00
2019 08 30 10 00 260  4.3  4.5 99.00 99.00 99.00 999 1016.4  19.5 999.0 999.0 99.0 99.00
2019 08 30 11 00 248  3.1  3.3 99.00 99.00 99.00 999 1016.7  19.5 999.0 999.0 99.0 99.00
2019 08 30 12 00 220  5.0  5.3 99.00 99.00 99.00 999 1017.1  19.7 999.0 999.0 99.0 99.00
2019 08 30 13 00 219  5.3  5.6 99.00 99.00 99.00 999 1017.3  20.0 999.0 999.0 99.0 99.00
2019 08 30 14 00 224  6.7  7.2 99.00 99.00 99.00 999 1017.2  20.3 999.0 999.0 99.0 99.00
2019 08 30 15 00 225  7.3  7.9 99.00 99.00 99.00 999 1017.2  20.6 999.0 999.0 99.0 99.00
2019 08 30 16 00 219  8.3  8.9 99.00 99.00 99.00 999 1017.2  21.1 999.0 999.0 99.0 99.00
2019 08 30 17 00 221  9.2  9.9 99.00 99.00 99.00 999 1016.6  21.3 999.0 999.0 99.0 99.00
2019 08 30 18 00 219  9.0  9.7 99.00 99.00 99.00 999 1016.5  21.5 999.0 999.0 99.0 99.00
2019 08 30 19 00 210  9.9 11.0 99.00 99.00 99.00 999 1015.8  21.6 999.0 999.0 99.0 99.00
2019 08 30 20 00 216  9.1  9.6 99.00 99.00 99.00 999 1015.9  21.8 999.0 999.0 99.0 99.00
2019 08 30 21 00 216  9.0  9.5 99.00 99.00 99.00 999 1015.8  21.8 999.0 999.0 99.0 99.00
2019 08 30 22 00 215  9.2  9.7 99.00 99.00 99.00 999 1015.7  21.8 999.0 999.0 99.0 99.00
2019 08 30 23 00 221  8.8  9.5 99.00 99.00 99.00 999 1016.3  21.8 999.0 999.0 99.0 99.00
2019 08 31 00 00 223  8.5  9.1 99.00 99.00 99.00 999 1016.7  21.7 999.0 999.0 99.0 99.00
2019 08 31 01 00 236  7.1  7.4 99.00 99.00 99.00 999 1017.3  21.4 999.0 999.0 99.0 99.00
2019 08 31 02 00 230  7.0  7.3 99.00 99.00 99.00 999 1017.6  21.5 999.0 999.0 99.0 99.00
2019 08 31 03 00 243  6.2  6.4 99.00 99.00 99.00 999 1018.2  21.1 999.0 999.0 99.0 99.00
2019 08 31 04 00 258  6.9  7.3 99.00 99.00 99.00 999 1018.5  21.3 999.0 999.0 99.0 99.00
2019 08 31 05 00 279  5.4  5.8 99.00 99.00 99.00 999 1018.9  21.1 999.0 999.0 99.0 99.00
2019 08 31 06 00 304  4.8  5.3 99.00 99.00 99.00 999 1019.2  21.1 999.0 999.0 99.0 99.00
2019 08 31 07 00 297  4.4  4.5 99.00 99.00 99.00 999 1019.7  20.9 999.0 999.0 99.0 99.00
2019 08 31 08 00 332  4.0  4.1 99.00 99.00 99.00 999 1020.1  20.8 999.0 999.0 99.0 99.00
2019 08 31 09 00 355  2.4  2.4 99.00 99.00 99.00 999 1020.5  20.7 999.0 999.0 99.0 99.00
2019 08 31 10 00 348  1.8  1.8 99.00 99.00 99.00 999 1021.3  20.4 999.0 999.0 99.0 99.00
2019 08 31 11 00 327  2.0  2.0 99.00 99.00 99.00 999 1021.8  20.4 999.0 999.0 99.0 99.00
2019 08 31 12 00 320  3.2  3.3 99.00 99.00 99.00 999 1022.2  21.5 999.0 999.0 99.0 99.00
2019 08 31 13 00 297  2.3  2.4 99.00 99.00 99.00 999 1022.5  21.2 999.0 999.0 99.0 99.00
2019 08 31 14 00 296  3.5  3.7 99.00 99.00 99.00 999 1022.6  21.5 999.0 999.0 99.0 99.00
2019 08 31 15 00 291  4.6  4.7 99.00 99.00 99.00 999 1022.8  22.0 999.0 999.0 99.0 99.00
2019 08 31 16 00 260  4.1  4.2 99.00 99.00 99.00 999 1022.8  21.9 999.0 999.0 99.0 99.00
2019 08 31 17 00 255  4.1  4.3 99.00 99.00 99.00 999 1022.6  21.7 999.0 999.0 99.0 99.00
2019 08 31 18 00 227  4.0  4.5 99.00 99.00 99.00 999 1022.4  21.4 999.0 999.0 99.0 99.00
2019 08 31 19 00 229  5.4  5.8 99.00 99.00 99.00 999 1022.3  21.6 999.0 999.0 99.0 99.00
2019 08 31 20 00 241  4.7  5.4 99.00 99.00 99.00 999 1022.6  21.7 999.0 999.0 99.0 99.00
2019 08 31 21 00 238  4.7  4.9 99.00 99.00 99.00 999 1022.8  21.9 999.0 999.0 99.0 99.00
2019 08 31 22 00 241  4.1  4.3 99.00 99.00 99.00 999 1023.4  21.6 999.0 999.0 99.0 99.00
2019 08 31 23 00 316  5.9  6.1 99.00 99.00 99.00 999 1023.6  23.0 999.0 999.0 99.0 99.00
