#YY  MM DD hh mm WDIR WSPD GST  WVHT   DPD   APD MWD   PRES  ATMP  WTMP  DEWP  VIS  TIDE
#yr  mo dy hr mn degT m/s  m/s     m   sec   sec deg    hPa  degC  degC  degC  nmi    ft
2019 02 01 00 00 281 13.5 14.2 99.00 99.00 99.00 999 1026.8  -8.4 999.0 999.0 99.0 99.00
2019 02 01 01 00 288 12.3 15.0 99.00 99.00 99.00 999 1027.5  -8.5 999.0 999.0 99.0 99.00
2019 02 01 02 00 286 14.0 16.2 99.00 99.00 99.00 999 1027.6  -8.1 999.0 999.0 99.0 99.00
2019 02 01 03 00 292 15.7 17.2 99.00 99.00 99.00 999 1027.9  -8.7 999.0 999.0 99.0 99.00
2019 02 01 05 00 292 12.0 13.4 99.00 99.00 99.00 999 1028.3  -9.1 999.0 999.0 99.0 99.00
2019 02 01 06 00 298 12.3 14.0 99.00 99.00 99.00 999 1028.6  -9.4 999.0 999.0 99.0 99.00
2019 02 01 07 00 283 12.7 15.2 99.00 99.00 99.00 999 1029.1  -9.1 999.0 999.0 99.0 99.00
2019 02 01 08 00 283 10.8 12.5 99.00 99.00 99.00 999 1028.8  -9.1 999.0 999.0 99.0 99.00
2019 02 01 09 00 293 10.6 12.1 99.00 99.00 99.00 999 1029.1  -9.3 999.0 999.0 99.0 99.00
2019 02 01 10 00 296 10.1 11.9 99.00 99.00 99.00 999 1029.3  -9.3 999.0 999.0 99.0 99.00
2019 02 01 11 00 307  8.8 10.1 99.00 99.00 99.00 999 1029.5  -9.9 999.0 999.0 99.0 99.00
2019 02 01 12 00 310  8.6 10.6 99.00 99.00 99.00 999 1030.0 -10.3 999.0 999.0 99.0 99.00
2019 02 01 13 00 317  6.7  8.2 99.00 99.00 99.00 999 1030.5 -10.2 999.0 999.0 99.0 99.00
2019 02 01 14 00 303  7.7  8.8 99.00 99.00 99.00 999 1030.7  -9.4 999.0 999.0 99.0 99.00
2019 02 01 15 00 289  5.4  7.0 99.00 99.00 99.00 999 1030.7  -9.1 999.0 999.0 99.0 99.00
2019 02 01 16 00 275  5.1  5.9 99.00 99.00 99.00 999 1030.6  -9.0 999.0 999.0 99.0 99.00
2019 02 01 17 00 271  5.5  7.6 99.00 99.00 99.00 999 1029.3  -8.2 999.0 999.0 99.0 99.00
2019 02 01 18 00 261  6.9  8.8 99.00 99.00 99.00 999 1028.4  -7.6 999.0 999.0 99.0 99.00
2019 02 01 19 00 257  7.5  8.6 99.00 99.00 99.00 999 1027.7  -7.0 999.0 999.0 99.0 99.00
2019 02 01 20 00 268  6.3  7.6 99.00 99.00 99.00 999 1027.3  -6.7 999.0 999.0 99.0 99.00
2019 02 01 21 00 250  4.7  5.4 99.00 99.00 99.00 999 1027.2  -6.3 999.0 999.0 99.0 99.00
2019 02 01 22 00 280  5.7  6.6 99.00 99.00 99.00 999 1027.0  -5.9 999.0 999.0 99.0 99.00
2019 02 01 23 00 298  5.8  6.6 99.00 99.00 99.00 999 1027.2  -5.7 999.0 999.0 99.0 99.00
2019 02 02 00 00 296  6.2  7.6 99.00 99.00 99.00 999 1027.3  -5.8 999.0 999.0 99.0 99.00
2019 02 02 01 00 301  7.1  8.3 99.00 99.00 99.00 999 1027.8  -5.9 999.0 999.0 99.0 99.00
2019 02 02 02 00 299  8.4 10.5 99.00 99.00 99.00 999 1028.0  -6.3 999.0 999.0 99.0 99.00
2019 02 02 03 00 293  9.4 10.3 99.00 99.00 99.00 999 1027.7  -6.4 999.0 999.0 99.0 99.00
2019 02 02 04 00 313  9.1 10.5 99.00 99.00 99.00 999 1027.8  -6.8 999.0 999.0 99.0 99.00
2019 02 02 05 00 294  9.1 10.4 99.00 99.00 99.00 999 1027.9  -7.2 999.0 999.0 99.0 99.00
2019 02 02 06 00 309  7.5  8.1 99.00 99.00 99.00 999 1027.7  -7.4 999.0 999.0 99.0 99.00
2019 02 02 07 00 307  7.7  8.6 99.00 99.00 99.00 999 1028.0  -7.7 999.0 999.0 99.0 99.00
2019 02 02 08 00 312  7.2  8.0 99.00 99.00 99.00 999 1027.9  -7.8 999.0 999.0 99.0 99.00
2019 02 02 09 00 320  5.3  6.0 99.00 99.00 99.00 999 1027.4  -8.1 999.0 999.0 99.0 99.00
2019 02 02 10 00 298  3.8  4.4 99.00 99.00 99.00 999 1027.0  -8.0 999.0 999.0 99.0 99.00
2019 02 02 11 00 301  5.6  6.6 99.00 99.00 99.00 999 1027.3  -8.3 999.0 999.0 99.0 99.00
2019 02 02 12 00 304  4.9  5.4 99.00 99.00 99.00 999 1027.5  -8.2 999.0 999.0 99.0 99.00
2019 02 02 13 00 299  5.0  6.2 99.00 99.00 99.00 999 1027.3  -7.4 999.0 999.0 99.0 99.00
2019 02 02 14 00 292  3.7  4.7 99.00 99.00 99.00 999 1026.8  -6.9 999.0 999.0 99.0 99.00
2019 02 02 15 00 275  2.3  2.9 99.00 99.00 99.00 999 1025.9  -6.2 999.0 999.0 99.0 99.00
2019 02 02 16 00 250  4.4  5.1 99.00 99.00 99.00 999 1024.7  -5.8 999.0 999.0 99.0 99.00
2019 02 02 17 00 233  9.9 11.1 99.00 99.00 99.00 999 1023.0  -4.0 999.0 999.0 99.0 99.00
2019 02 02 18 00 232 14.0 15.7 99.00 99.00 99.00 999 1021.2  -3.0 999.0 999.0 99.0 99.00
2019 02 02 19 00 235 12.9 15.0 99.00 99.00 99.00 999 1020.2  -2.3 999.0 999.0 99.0 99.00
2019 02 02 20 00 232 16.3 18.1 99.00 99.00 99.00 999 1019.0  -1.7 999.0 999.0 99.0 99.00
2019 02 02 21 00 225 16.1 18.1 99.00 99.00 99.00 999 1017.3  -0.5 999.0 999.0 99.0 99.00
2019 02 02 22 00 241 17.7 19.4 99.00 99.00 99.00 999 1016.4   0.5 999.0 999.0 99.0 99.00
2019 02 02 23 00 246 17.8 19.0 99.00 99.00 99.00 999 1016.0   0.8 999.0 999.0 99.0 99.00
2019 02 03 00 00 238 15.5 16.9 99.00 99.00 99.00 999 1016.3   0.8 999.0 999.0 99.0 99.00
2019 02 03 01 00 238 16.4 18.7 99.00 99.00 99.00 999 1015.6   1.3 999.0 999.0 99.0 99.00
2019 02 03 02 00 241 18.2 19.4 99.00 99.00 99.00 999 1015.3   1.6 999.0 999.0 99.0 99.00
2019 02 03 03 00 248 16.2 18.1 99.00 99.00 99.00 999 1016.6   1.7 999.0 999.0 99.0 99.00
2019 02 03 04 00 248 15.0 16.2 99.00 99.00 99.00 999 1017.5   1.6 999.0 999.0 99.0 99.00
2019 02 03 05 00 249 12.7 14.4 99.00 99.00 99.00 999 1018.0   2.0 999.0 999.0 99.0 99.00
2019 02 03 06 00 253 14.1 15.3 99.00 99.00 99.00 999 1018.2   2.2 999.0 999.0 99.0 99.00
2019 02 03 07 00 261 12.3 13.4 99.00 99.00 99.00 999 1019.3   2.4 999.0 999.0 99.0 99.00
2019 02 03 08 00 259 11.0 11.8 99.00 99.00 99.00 999 1019.5   2.6 999.0 999.0 99.0 99.00
2019 02 03 09 00 267  9.0  9.4 99.00 99.00 99.00 999 1019.7   2.6 999.0 999.0 99.0 99.00
2019 02 03 10 00 278  5.8  6.5 99.00 99.00 99.00 999 1020.5   2.8 999.0 999.0 99.0 99.00
2019 02 03 11 00 297  6.2  6.6 99.00 99.00 99.00 999 1020.8   2.7 999.0 999.0 99.0 99.00
2019 02 03 12 00 316  3.6  3.9 99.00 99.00 99.00 999 1021.7   2.4 999.0 999.0 99.0 99.00
2019 02 03 13 00   3  2.5  2.8 99.00 99.00 99.00 999 1022.0   1.6 999.0 999.0 99.0 99.00
2019 02 03 14 00  52  2.6  2.9 99.00 99.00 99.00 999 1022.7   1.2 999.0 999.0 99.0 99.00
2019 02 03 15 00  72  2.3  2.5 99.00 99.00 99.00 999 1023.2   1.3 999.0 999.0 99.0 99.00
2019 02 03 16 00  96  2.9  3.4 99.00 99.00 99.00 999 1023.0   1.1 999.0 999.0 99.0 99.00
2019 02 03 17 00 138  2.6  2.8 99.00 99.00 99.00 999 1022.6   1.6 999.0 999.0 99.0 99.00
2019 02 03 18 00 139  3.8  4.1 99.00 99.00 99.00 999 1022.3   2.4 999.0 999.0 99.0 99.00
2019 02 03 19 00 158  5.6  5.9 99.00 99.00 99.00 999 1021.5   3.0 999.0 999.0 99.0 99.00
2019 02 03 20 00 180  8.3  9.2 99.00 99.00 99.00 999 1021.1   3.9 999.0 999.0 99.0 99.00
2019 02 03 21 00 183  9.3 10.1 99.00 99.00 99.00 999 1020.5   4.2 999.0 999.0 99.0 99.00
2019 02 03 22 00 191  9.4 10.1 99.00 99.00 99.00 999 1020.2   4.5 999.0 999.0 99.0 99.00
2019 02 03 23 00 190  8.6  9.2 99.00 99.00 99.00 999 1020.4   4.6 999.0 999.0 99.0 99.00
2019 02 04 00 00 190  8.7  9.2 99.00 99.00 99.00 999 1020.6   4.6 999.0 999.0 99.0 99.00
2019 02 04 01 00 190  9.1  9.6 99.00 99.00 99.00 999 1020.6   4.8 999.0 999.0 99.0 99.00
2019 02 04 02 00 201  9.0  9.5 99.00 99.00 99.00 999 1021.1   4.9 999.0 999.0 99.0 99.00
2019 02 04 03 00 203  6.5  6.7 99.00 99.00 99.00 999 1021.2   5.0 999.0 999.0 99.0 99.00
2019 02 04 04 00 213  4.1  4.3 99.00 99.00 99.00 999 1020.5   5.1 999.0 999.0 99.0 99.00
2019 02 04 05 00 203  6.2  6.4 99.00 99.00 99.00 999 1020.4   5.2 999.0 999.0 99.0 99.00
2019 02 04 06 00 207  5.3  5.5 99.00 99.00 99.00 999 1020.0   5.0 999.0 999.0 99.0 99.00
2019 02 04 07 00 220  4.2  4.5 99.00 99.00 99.00 999 1020.1   5.1 999.0 999.0 99.0 99.00
2019 02 04 08 00 215  5.9  5.9 99.00 99.00 99.00 999 1020.0   5.3 999.0 999.0 99.0 99.00
2019 02 04 09 00 210  5.8  6.1 99.00 99.00 99.00 999 1019.3   5.2 999.0 999.0 99.0 99.00
2019 02 04 10 00 211  7.3  7.6 99.00 99.00 99.00 999 1019.0   5.3 999.0 999.0 99.0 99.00
2019 02 04 11 00 214  6.2  6.5 99.00 99.00 99.00 999 1019.1   5.3 999.0 999.0 99.0 99.00
2019 02 04 12 00 228  6.1  6.5 99.00 99.00 99.00 999 1019.1   5.2 999.0 999.0 99.0 99.00
2019 02 04 13 00 215  4.1  4.2 99.00 99.00 99.00 999 1020.0   5.1 999.0 999.0 99.0 99.00
2019 02 04 14 00 222  5.3  5.7 99.00 99.00 99.00 999 1020.0   4.5 999.0 999.0 99.0 99.00
2019 02 04 15 00 227  5.3  5.8 99.00 99.00 99.00 999 1020.3   4.0 999.0 999.0 99.0 99.00
2019 02 04 16 00 210  5.6  5.9 99.00 99.00 99.00 999 1020.5   4.0 999.0 999.0 99.0 99.00
2019 02 04 17 00 256  4.6  4.8 99.00 99.00 99.00 999 1019.6   4.0 999.0 999.0 99.0 99.00
2019 02 04 18 00 215  4.1  4.4 99.00 99.00 99.00 999 1019.2   3.8 999.0 999.0 99.0 99.00
2019 02 04 19 00 223  4.4  4.6 99.00 99.00 99.00 999 1018.7   3.7 999.0 999.0 99.0 99.00
2019 02 04 20 00 205  3.8  4.0 99.00 99.00 99.00 999 1018.2   4.0 999.0 999.0 99.0 99.00
2019 02 04 21 00 214  3.9  4.2 99.00 99.00 99.00 999 1018.2   5.6 999.0 999.0 99.0 99.00
2019 02 04 22 00 229  2.0  2.2 99.00 99.00 99.00 999 1017.8   5.3 999.0 999.0 99.0 99.00
2019 02 04 23 00 205  4.5  4.6 99.00 99.00 99.00 999 1017.9   6.0 999.0 999.0 99.0 99.00
2019 02 05 00 00 210  4.1  4.2 99.00 99.00 99.00 999 1017.6   6.6 999.0 999.0 99.0 99.00
2019 02 05 01 00 194  4.7  4.7 99.00 99.00 99.00 999 1017.5   6.7 999.0 999.0 99.0 99.00
2019 02 05 02 00 196  5.2  5.3 99.00 99.00 99.00 999 1017.1   7.6 999.0 999.0 99.0 99.00
2019 02 05 03 00 219  2.3  2.5 99.00 99.00 99.00 999 1017.0   6.8 999.0 999.0 99.0 99.00
2019 02 05 04 00 236  2.0  2.2 99.00 99.00 99.00 999 1016.4   6.9 999.0 999.0 99.0 99.00
2019 02 05 05 00 315  0.7  0.7 99.00 99.00 99.00 999 1016.4   5.4 999.0 999.0 99.0 99.00
2019 02 05 06 00 177  2.4  2.4 99.00 99.00 99.00 999 1015.9   6.1 999.0 999.0 99.0 99.00
2019 02 05 07 00 194  2.2  2.3 99.00 99.00 99.00 999 1015.1   6.7 999.0 999.0 99.0 99.00
2019 02 05 08 00 198  1.4  1.5 99.00 99.00 99.00 999 1014.5   6.2 999.0 999.0 99.0 99.00
2019 02 05 09 00 244  2.5  2.7 99.00 99.00 99.00 999 1014.2   6.5 999.0 999.0 99.0 99.00
2019 02 05 10 00 288  4.3  4.5 99.00 99.00 99.00 999 1014.9   6.1 999.0 999.0 99.0 99.00
2019 02 05 11 00 206  3.5  3.7 99.00 99.00 99.00 999 1014.7   6.7 999.0 999.0 99.0 99.00
2019 02 05 12 00 244  2.5  2.6 99.00 99.00 99.00 999 1015.3   5.6 999.0 999.0 99.0 99.00
2019 02 05 13 00 234  3.6  3.8 99.00 99.00 99.00 999 1015.5   5.4 999.0 999.0 99.0 99.00
2019 02 05 14 00 187  6.3  6.4 99.00 99.00 99.00 999 1014.7   6.2 999.0 999.0 99.0 99.00
2019 02 05 15 00 182  5.2  5.5 99.00 99.00 99.00 999 1014.8   5.7 999.0 999.0 99.0 99.00
2019 02 05 16 00 232  4.9  5.1 99.00 99.00 99.00 999 1014.8   5.7 999.0 999.0 99.0 99.00
2019 02 05 17 00 225  7.4  7.6 99.00 99.00 99.00 999 1014.0   5.8 999.0 999.0 99.0 99.00
2019 02 05 18 00 214  7.4  7.6 99.00 99.00 99.00 999 1013.0   5.9 999.0 999.0 99.0 99.00
2019 02 05 19 00 222  7.6  7.9 99.00 99.00 99.00 999 1012.7   6.2 999.0 999.0 99.0 99.00
2019 02 05 20 00 229  8.4  8.8 99.00 99.00 99.00 999 1012.5   6.3 999.0 999.0 99.0 99.00
2019 02 05 21 00 230  9.3  9.6 99.00 99.00 99.00 999 1012.4   6.7 999.0 999.0 99.0 99.00
2019 02 05 22 00 242  8.6  8.9 99.00 99.00 99.00 999 1012.8   7.1 999.0 999.0 99.0 99.00
2019 02 05 23 00 265  7.7  8.0 99.00 99.00 99.00 999 1013.9   7.4 999.0 999.0 99.0 99.00
2019 02 06 00 00 255  8.1  8.4 99.00 99.00 99.00 999 1014.3   7.6 999.0 999.0 99.0 99.00
2019 02 06 01 00 287  8.2  8.9 99.00 99.00 99.00 999 1015.0   8.5 999.0 999.0 99.0 99.00
2019 02 06 02 00 322  6.6  6.8 99.00 99.00 99.00 999 1016.0  10.8 999.0 999.0 99.0 99.00
2019 02 06 03 00 327 10.6 11.0 99.00 99.00 99.00 999 1016.3   9.4 999.0 999.0 99.0 99.00
2019 02 06 04 00 331  9.0  9.4 99.00 99.00 99.00 999 1017.7   7.6 999.0 999.0 99.0 99.00
2019 02 06 05 00 339  8.8  9.3 99.00 99.00 99.00 999 1018.0   6.5 999.0 999.0 99.0 99.00
2019 02 06 06 00 336  7.8  8.3 99.00 99.00 99.00 999 1018.4   5.7 999.0 999.0 99.0 99.00
2019 02 06 07 00 346  7.2  7.6 99.00 99.00 99.00 999 1019.7   4.9 999.0 999.0 99.0 99.00
2019 02 06 08 00 340  5.4  5.6 99.00 99.00 99.00 999 1020.1   4.3 999.0 999.0 99.0 99.00
2019 02 06 09 00 350  4.8  5.0 99.00 99.00 99.00 999 1020.4   3.7 999.0 999.0 99.0 99.00
2019 02 06 10 00   4  3.3  3.6 99.00 99.00 99.00 999 1021.5   2.7 999.0 999.0 99.0 99.00
2019 02 06 11 00   2  4.5  5.0 99.00 99.00 99.00 999 1022.4   2.2 999.0 999.0 99.0 99.00
2019 02 06 12 00   5  5.6  6.1 99.00 99.00 99.00 999 1023.3   1.7 999.0 999.0 99.0 99.00
2019 02 06 13 00   7  5.8  6.5 99.00 99.00 99.00 999 1024.1   1.0 999.0 999.0 99.0 99.00
2019 02 06 14 00  32  5.9  6.5 99.00 99.00 99.00 999 1023.8   1.5 999.0 999.0 99.0 99.00
2019 02 06 15 00  32  5.8  6.3 99.00 99.00 99.00 999 1024.4   1.7 999.0 999.0 99.0 99.00
2019 02 06 16 00  56  4.8  5.4 99.00 99.00 99.00 999 1024.6   2.3 999.0 999.0 99.0 99.00
2019 02 06 17 00  40  6.4  6.9 99.00 99.00 99.00 999 1024.3   2.6 999.0 999.0 99.0 99.00
2019 02 06 18 00  52  7.2  7.7 99.00 99.00 99.00 999 1023.8   2.5 999.0 999.0 99.0 99.00
2019 02 06 19 00  55  6.5  6.9 99.00 99.00 99.00 999 1023.9   2.2 999.0 999.0 99.0 99.00
2019 02 06 20 00  74  3.7  4.0 99.00 99.00 99.00 999 1024.5   2.3 999.0 999.0 99.0 99.00
2019 02 06 21 00  67  5.4  5.7 99.00 99.00 99.00 999 1023.7   2.4 999.0 999.0 99.0 99.00
2019 02 06 22 00 100  5.2  5.6 99.00 99.00 99.00 999 1023.9   2.6 999.0 999.0 99.0 99.00
2019 02 06 23 00 106  6.9  7.2 99.00 99.00 99.00 999 1023.6   2.2 999.0 999.0 99.0 99.00
2019 02 07 00 00  99  6.5  7.2 99.00 99.00 99.00 999 1023.6   2.0 999.0 999.0 99.0 99.00
2019 02 07 01 00  97  6.6  7.5 99.00 99.00 99.00 999 1023.3   2.1 999.0 999.0 99.0 99.00
2019 02 07 02 00 102  6.1  6.6 99.00 99.00 99.00 999 1022.7   2.4 999.0 999.0 99.0 99.00
2019 02 07 03 00 111  7.4  7.9 99.00 99.00 99.00 999 1022.3   2.3 999.0 999.0 99.0 99.00
2019 02 07 04 00 124  9.8 10.8 99.00 99.00 99.00 999 1020.9   2.7 999.0 999.0 99.0 99.00
2019 02 07 05 00 123  8.2  8.7 99.00 99.00 99.00 999 1021.4   3.0 999.0 999.0 99.0 99.00
2019 02 07 06 00  88  7.2  8.0 99.00 99.00 99.00 999 1021.1   2.9 999.0 999.0 99.0 99.00
2019 02 07 07 00  85  5.3  5.7 99.00 99.00 99.00 999 1020.9   2.5 999.0 999.0 99.0 99.00
2019 02 07 08 00  44  5.9  6.3 99.00 99.00 99.00 999 1020.6   2.0 999.0 999.0 99.0 99.00
2019 02 07 09 00  47  8.5  9.4 99.00 99.00 99.00 999 1019.5   2.0 999.0 999.0 99.0 99.00
2019 02 07 10 00  53 11.5 12.4 99.00 99.00 99.00 999 1018.7   2.1 999.0 999.0 99.0 99.00
2019 02 07 11 00  66 10.9 11.9 99.00 99.00 99.00 999 1018.3   2.5 999.0 999.0 99.0 99.00
2019 02 07 12 00  62 11.8 13.0 99.00 99.00 99.00 999 1017.6   2.4 999.0 999.0 99.0 99.00
2019 02 07 13 00  49 12.5 14.1 99.00 99.00 99.00 999 1018.1   2.6 999.0 999.0 99.0 99.00
2019 02 07 14 00  42 10.8 12.6 99.00 99.00 99.00 999 1018.3   2.5 999.0 999.0 99.0 99.00
2019 02 07 15 00  36 11.0 11.9 99.00 99.00 99.00 999 1018.6   2.6 999.0 999.0 99.0 99.00
2019 02 07 16 00  40  8.8  9.3 99.00 99.00 99.00 999 1018.6   2.7 999.0 999.0 99.0 99.00
2019 02 07 17 00  21  9.9 10.6 99.00 99.00 99.00 999 1018.5   3.2 999.0 999.0 99.0 99.00
2019 02 07 18 00  11  9.6  9.9 99.00 99.00 99.00 999 1018.9   3.9 999.0 999.0 99.0 99.00
2019 02 07 19 00  30 10.0 10.6 99.00 99.00 99.00 999 1017.9   3.7 999.0 999.0 99.0 99.00
2019 02 07 20 00  29  9.1  9.7 99.00 99.00 99.00 999 1018.2   3.7 999.0 999.0 99.0 99.00
2019 02 07 21 00  31  9.7 10.6 99.00 99.00 99.00 999 1017.7   3.6 999.0 999.0 99.0 99.00
2019 02 07 22 00   3  6.9  7.2 99.00 99.00 99.00 999 1019.5   3.9 999.0 999.0 99.0 99.00
2019 02 07 23 00  19  7.7  8.4 99.00 99.00 99.00 999 1018.8   3.4 999.0 999.0 99.0 99.00
2019 02 08 00 00  23  9.5 10.0 99.00 99.00 99.00 999 1018.2   3.4 999.0 999.0 99.0 99.00
2019 02 08 01 00  19  6.6  7.9 99.00 99.00 99.00 999 1018.7   3.6 999.0 999.0 99.0 99.00
2019 02 08 02 00  11  5.5  6.3 99.00 99.00 99.00 999 1018.3   3.4 999.0 999.0 99.0 99.00
2019 02 08 03 00  19  5.6  6.1 99.00 99.00 99.00 999 1017.1   3.3 999.0 999.0 99.0 99.00
2019 02 08 04 00   3  3.9  4.1 99.00 99.00 99.00 999 1016.6   3.2 999.0 999.0 99.0 99.00
2019 02 08 05 00 355  3.4  3.6 99.00 99.00 99.00 999 1016.6   3.2 999.0 999.0 99.0 99.00
2019 02 08 06 00 333  4.1  4.2 99.00 99.00 99.00 999 1016.3   3.2 999.0 999.0 99.0 99.00
2019 02 08 07 00 323  1.0  1.2 99.00 99.00 99.00 999 1014.6   3.1 999.0 999.0 99.0 99.00
2019 02 08 08 00 110  0.6  0.6 99.00 99.00 99.00 999 1013.2   3.0 999.0 999.0 99.0 99.00
2019 02 08 09 00 264  6.1  6.4 99.00 99.00 99.00 999 1014.2   3.1 999.0 999.0 99.0 99.00
2019 02 08 10 00 233  3.4  3.5 99.00 99.00 99.00 999 1013.7   3.3 999.0 999.0 99.0 99.00
2019 02 08 11 00 221  3.2  3.3 99.00 99.00 99.00 999 1012.6   3.3 999.0 999.0 99.0 99.00
2019 02 08 12 00 254  3.1  3.1 99.00 99.00 99.00 999 1012.7   3.7 999.0 999.0 99.0 99.00
2019 02 08 13 00 263  4.0  4.1 99.00 99.00 99.00 999 1013.0   3.9 999.0 999.0 99.0 99.00
2019 02 08 14 00 224  5.0  5.5 99.00 99.00 99.00 999 1013.2   4.1 999.0 999.0 99.0 99.00
2019 02 08 15 00 224  4.8  5.1 99.00 99.00 99.00 999 1012.7   4.2 999.0 999.0 99.0 99.00
2019 02 08 16 00 182  6.4  6.7 99.00 99.00 99.00 999 1010.5   4.5 999.0 999.0 99.0 99.00
2019 02 08 17 00 185  7.7  8.1 99.00 99.00 99.00 999 1009.4   4.9 999.0 999.0 99.0 99.00
2019 02 08 18 00 240 10.4 11.5 99.00 99.00 99.00 999 1009.8   6.1 999.0 999.0 99.0 99.00
2019 02 08 19 00 241 11.3 12.1 99.00 99.00 99.00 999 1009.8   5.3 999.0 999.0 99.0 99.00
2019 02 08 20 00 242 12.1 13.1 99.00 99.00 99.00 999 1010.0   5.5 999.0 999.0 99.0 99.00
2019 02 08 21 00 235 10.3 11.1 99.00 99.00 99.00 999 1010.4   5.3 999.0 999.0 99.0 99.00
2019 02 08 22 00 242 11.0 11.8 99.00 99.00 99.00 999 1010.4   5.8 999.0 999.0 99.0 99.00
2019 02 08 23 00 244 12.5 13.1 99.00 99.00 99.00 999 1011.2   6.3 999.0 999.0 99.0 99.00
2019 02 09 00 00 279  9.6 10.7 99.00 99.00 99.00 999 1013.1   6.4 999.0 999.0 99.0 99.00
2019 02 09 01 00 313 13.9 15.5 99.00 99.00 99.00 999 1014.9   4.1 999.0 999.0 99.0 99.00
2019 02 09 02 00 301 12.5 14.2 99.00 99.00 99.00 999 1016.7   2.9 999.0 999.0 99.0 99.00
2019 02 09 03 00 304 12.9 14.4 99.00 99.00 99.00 999 1018.0   2.1 999.0 999.0 99.0 99.00
2019 02 09 04 00 292 13.3 14.3 99.00 99.00 99.00 999 1018.8   1.6 999.0 999.0 99.0 99.00
2019 02 09 05 00 297 13.9 16.2 99.00 99.00 99.00 999 1019.8   1.0 999.0 999.0 99.0 99.00
2019 02 09 06 00 298 16.7 17.9 99.00 99.00 99.00 999 1020.6   0.0 999.0 999.0 99.0 99.00
2019 02 09 07 00 292 15.4 19.0 99.00 99.00 99.00 999 1022.0  -0.8 999.0 999.0 99.0 99.00
2019 02 09 08 00 295 16.7 18.4 99.00 99.00 99.00 999 1022.8  -1.4 999.0 999.0 99.0 99.00
2019 02 09 09 00 289 14.6 16.7 99.00 99.00 99.00 999 1023.7  -2.4 999.0 999.0 99.0 99.00
2019 02 09 10 00 288 15.1 17.3 99.00 99.00 99.00 999 1025.3  -3.0 999.0 999.0 99.0 99.00
2019 02 09 11 00 300 13.9 15.4 99.00 99.00 99.00 999 1026.0  -3.2 999.0 999.0 99.0 99.00
2019 02 09 12 00 294 14.8 17.1 99.00 99.00 99.00 999 1027.1  -3.5 999.0 999.0 99.0 99.00
2019 02 09 13 00 315 19.4 21.4 99.00 99.00 99.00 999 1028.2  -3.8 999.0 999.0 99.0 99.00
2019 02 09 14 00 291 18.4 20.6 99.00 99.00 99.00 999 1028.6  -3.6 999.0 999.0 99.0 99.00
2019 02 09 15 00 299 17.0 19.7 99.00 99.00 99.00 999 1029.4  -2.9 999.0 999.0 99.0 99.00
2019 02 09 16 00 309 15.6 17.5 99.00 99.00 99.00 999 1030.1  -2.4 999.0 999.0 99.0 99.00
2019 02 09 17 00 306 13.8 15.3 99.00 99.00 99.00 999 1030.5  -1.9 999.0 999.0 99.0 99.00
2019 02 09 18 00 305 13.5 15.3 99.00 99.00 99.00 999 1030.7  -1.4 999.0 999.0 99.0 99.00
2019 02 09 19 00 320 14.9 17.2 99.00 99.00 99.00 999 1030.8  -1.0 999.0 999.0 99.0 99.00
2019 02 09 20 00 307 11.5 13.3 99.00 99.00 99.00 999 1031.7  -0.3 999.0 999.0 99.0 99.00
2019 02 09 21 00 304 11.2 12.4 99.00 99.00 99.00 999 1032.6   0.1 999.0 999.0 99.0 99.00
2019 02 09 22 00 312 11.9 13.2 99.00 99.00 99.00 999 1033.5   0.2 999.0 999.0 99.0 99.00
2019 02 09 23 00 308 11.0 12.4 99.00 99.00 99.00 999 1034.8   0.0 999.0 999.0 99.0 99.00
2019 02 10 00 00 312 11.4 12.0 99.00 99.00 99.00 999 1035.5  -0.2 999.0 999.0 99.0 99.00
2019 02 10 01 00 309  9.0 10.1 99.00 99.00 99.00 999 1036.5  -0.5 999.0 999.0 99.0 99.00
2019 02 10 02 00 296  8.4  9.7 99.00 99.00 99.00 999 1037.2  -0.7 999.0 999.0 99.0 99.00
2019 02 10 03 00 283  9.6 10.9 99.00 99.00 99.00 999 1037.8  -1.3 999.0 999.0 99.0 99.00
2019 02 10 04 00 298 10.0 10.6 99.00 99.00 99.00 999 1037.8  -1.9 999.0 999.0 99.0 99.00
2019 02 10 05 00 298 10.5 11.6 99.00 99.00 99.00 999 1038.1  -2.4 999.0 999.0 99.0 99.00
2019 02 10 06 00 297 11.7 13.2 99.00 99.00 99.00 999 1038.4  -2.7 999.0 999.0 99.0 99.00
2019 02 10 07 00 307  9.2 10.0 99.00 99.00 99.00 999 1038.0  -3.3 999.0 999.0 99.0 99.00
2019 02 10 08 00 321  7.4  9.4 99.00 99.00 99.00 999 1037.1  -3.6 999.0 999.0 99.0 99.00
2019 02 10 09 00 330  7.7  8.9 99.00 99.00 99.00 999 1036.3  -3.5 999.0 999.0 99.0 99.00
2019 02 10 10 00 313  8.0  8.7 99.00 99.00 99.00 999 1036.6  -3.8 999.0 999.0 99.0 99.00
2019 02 10 11 00 307  8.3 10.2 99.00 99.00 99.00 999 1036.9  -3.8 999.0 999.0 99.0 99.00
2019 02 10 12 00 288  7.9  8.5 99.00 99.00 99.00 999 1037.5  -4.0 999.0 999.0 99.0 99.00
2019 02 10 13 00 305  5.0  5.9 99.00 99.00 99.00 999 1037.5  -3.4 999.0 999.0 99.0 99.00
2019 02 10 14 00 323  4.7  5.9 99.00 99.00 99.00 999 1037.1  -3.5 999.0 999.0 99.0 99.00
2019 02 10 15 00 295  5.0  5.7 99.00 99.00 99.00 999 1036.5  -2.8 999.0 999.0 99.0 99.00
2019 02 10 16 00 283  5.3  5.9 99.00 99.00 99.00 999 1035.3  -2.8 999.0 999.0 99.0 99.00
2019 02 10 17 00 271  6.0  7.2 99.00 99.00 99.00 999 1034.5  -2.0 999.0 999.0 99.0 99.00
2019 02 10 18 00 258  6.7  8.2 99.00 99.00 99.00 999 1033.0  -1.3 999.0 999.0 99.0 99.00
2019 02 10 19 00 252 10.6 11.6 99.00 99.00 99.00 999 1032.2  -0.7 999.0 999.0 99.0 99.00
2019 02 10 20 00 251 10.2 11.5 99.00 99.00 99.00 999 1031.9  -0.5 999.0 999.0 99.0 99.00
2019 02 10 21 00 255 10.9 12.0 99.00 99.00 99.00 999 1031.4  -0.3 999.0 999.0 99.0 99.00
2019 02 10 22 00 260  8.9  9.6 99.00 99.00 99.00 999 1030.6   0.0 999.0 999.0 99.0 99.00
2019 02 10 23 00 268  7.8  8.5 99.00 99.00 99.00 999 1030.6   0.2 999.0 999.0 99.0 99.00
2019 02 11 00 00 276  6.9  8.0 99.00 99.00 99.00 999 1030.5   0.2 999.0 999.0 99.0 99.00
2019 02 11 01 00 273  7.4  8.9 99.00 99.00 99.00 999 1030.4   0.2 999.0 999.0 99.0 99.00
2019 02 11 02 00 288  7.4  8.7 99.00 99.00 99.00 999 1030.1   0.4 999.0 999.0 99.0 99.00
2019 02 11 03 00 297  7.2  7.9 99.00 99.00 99.00 999 1029.5   0.3 999.0 999.0 99.0 99.00
2019 02 11 04 00 300  5.6  6.0 99.00 99.00 99.00 999 1028.9   0.3 999.0 999.0 99.0 99.00
2019 02 11 05 00 291  6.7  7.2 99.00 99.00 99.00 999 1029.0   0.2 999.0 999.0 99.0 99.00
2019 02 11 06 00 283  6.1  6.6 99.00 99.00 99.00 999 1028.3   0.4 999.0 999.0 99.0 99.00
2019 02 11 07 00 296  5.9  6.7 99.00 99.00 99.00 999 1027.8   0.3 999.0 999.0 99.0 99.00
2019 02 11 08 00 287  5.7  6.2 99.00 99.00 99.00 999 1027.3   0.0 999.0 999.0 99.0 99.00
2019 02 11 09 00 314  5.2  6.2 99.00 99.00 99.00 999 1026.7   0.0 999.0 999.0 99.0 99.00
2019 02 11 10 00 350  2.4  3.0 99.00 99.00 99.00 999 1026.4  -0.3 999.0 999.0 99.0 99.00
2019 02 11 11 00   1  4.5  5.0 99.00 99.00 99.00 999 1026.1  -0.6 999.0 999.0 99.0 99.00
2019 02 11 12 00   9  5.3  6.0 99.00 99.00 99.00 999 1026.2  -1.0 999.0 999.0 99.0 99.00
2019 02 11 13 00   8  4.9  5.7 99.00 99.00 99.00 999 1027.1  -1.3 999.0 999.0 99.0 99.00
2019 02 11 14 00  17  4.6  5.6 99.00 99.00 99.00 999 1027.0  -1.4 999.0 999.0 99.0 99.00
2019 02 11 15 00  23  4.5  5.0 99.00 99.00 99.00 999 1027.3  -1.3 999.0 999.0 99.0 99.00
2019 02 11 16 00   6  4.1  4.6 99.00 99.00 99.00 999 1027.2  -1.1 999.0 999.0 99.0 99.00
2019 02 11 17 00  15  3.4  4.1 99.00 99.00 99.00 999 1026.4  -0.9 999.0 999.0 99.0 99.00
2019 02 11 18 00  66  1.8  2.7 99.00 99.00 99.00 999 1026.3  -0.9 999.0 999.0 99.0 99.00
2019 02 11 19 00  95  0.9  1.3 99.00 99.00 99.00 999 1025.9  -0.2 999.0 999.0 99.0 99.00
2019 02 11 20 00   0  0.0  0.4 99.00 99.00 99.00 999 1026.0   0.4 999.0 999.0 99.0 99.00
2019 02 11 21 00 142  0.9  1.3 99.00 99.00 99.00 999 1026.0   0.2 999.0 999.0 99.0 99.00
2019 02 11 22 00 171  1.5  1.9 99.00 99.00 99.00 999 1026.5   0.0 999.0 999.0 99.0 99.00
2019 02 11 23 00 105  1.5  1.7 99.00 99.00 99.00 999 1027.1   0.2 999.0 999.0 99.0 99.00
2019 02 12 00 00 162  0.7  0.9 99.00 99.00 99.00 999 1027.9   0.5 999.0 999.0 99.0 99.00
2019 02 12 01 00 100  1.0  1.2 99.00 99.00 99.00 999 1028.6   0.6 999.0 999.0 99.0 99.00
2019 02 12 02 00  43  3.1  3.4 99.00 99.00 99.00 999 1029.0   0.3 999.0 999.0 99.0 99.00
2019 02 12 03 00  24  4.1  4.7 99.00 99.00 99.00 999 1029.4   0.1 999.0 999.0 99.0 99.00
2019 02 12 04 00  12  8.1  9.3 99.00 99.00 99.00 999 1029.4  -0.7 999.0 999.0 99.0 99.00
2019 02 12 05 00   4  7.1  7.9 99.00 99.00 99.00 999 1029.9  -1.6 999.0 999.0 99.0 99.00
2019 02 12 06 00   5  7.1  8.5 99.00 99.00 99.00 999 1030.6  -2.0 999.0 999.0 99.0 99.00
2019 02 12 07 00  15  6.3  7.9 99.00 99.00 99.00 999 1030.8  -2.4 999.0 999.0 99.0 99.00
2019 02 12 08 00   9  7.5  8.4 99.00 99.00 99.00 999 1030.7  -3.0 999.0 999.0 99.0 99.00
2019 02 12 09 00  13  8.6  9.7 99.00 99.00 99.00 999 1030.9  -3.7 999.0 999.0 99.0 99.00
2019 02 12 10 00  10  8.3  9.6 99.00 99.00 99.00 999 1031.5  -4.5 999.0 999.0 99.0 99.00
2019 02 12 11 00  13  7.6  8.3 99.00 99.00 99.00 999 1031.5  -4.6 999.0 999.0 99.0 99.00
2019 02 12 12 00  16  7.4  8.2 99.00 99.00 99.00 999 1031.3  -4.6 999.0 999.0 99.0 99.00
2019 02 12 13 00  46  8.2  9.2 99.00 99.00 99.00 999 1031.3  -3.7 999.0 999.0 99.0 99.00
2019 02 12 14 00  54 10.8 11.8 99.00 99.00 99.00 999 1030.8  -3.5 999.0 999.0 99.0 99.00
2019 02 12 15 00  69  9.5 10.2 99.00 99.00 99.00 999 1030.6  -3.1 999.0 999.0 99.0 99.00
2019 02 12 16 00  61  7.2  7.9 99.00 99.00 99.00 999 1031.2  -2.5 999.0 999.0 99.0 99.00
2019 02 12 17 00  78  8.6  9.6 99.00 99.00 99.00 999 1029.5  -2.1 999.0 999.0 99.0 99.00
2019 02 12 18 00  62  7.5  8.3 99.00 99.00 99.00 999 1029.2  -1.8 999.0 999.0 99.0 99.00
2019 02 12 19 00  75  9.8 12.1 99.00 99.00 99.00 999 1026.6  -1.7 999.0 999.0 99.0 99.00
2019 02 12 20 00  71  9.3 10.1 99.00 99.00 99.00 999 1025.4  -1.5 999.0 999.0 99.0 99.00
2019 02 12 21 00  83 11.7 12.7 99.00 99.00 99.00 999 1023.2  -0.7 999.0 999.0 99.0 99.00
2019 02 12 22 00  90  9.9 10.5 99.00 99.00 99.00 999 1022.8  -0.2 999.0 999.0 99.0 99.00
2019 02 12 23 00  77  9.2 10.0 99.00 99.00 99.00 999 1021.5   0.0 999.0 999.0 99.0 99.00
2019 02 13 00 00  83 10.6 11.5 99.00 99.00 99.00 999 1019.5   0.3 999.0 999.0 99.0 99.00
2019 02 13 01 00  86 10.7 11.6 99.00 99.00 99.00 999 1017.8   1.0 999.0 999.0 99.0 99.00
2019 02 13 02 00  81 11.7 13.7 99.00 99.00 99.00 999 1015.9   1.8 999.0 999.0 99.0 99.00
2019 02 13 03 00  80 12.8 14.4 99.00 99.00 99.00 999 1012.6   2.4 999.0 999.0 99.0 99.00
2019 02 13 04 00  92 14.3 15.7 99.00 99.00 99.00 999 1009.0   3.6 999.0 999.0 99.0 99.00
2019 02 13 05 00 106 15.9 17.9 99.00 99.00 99.00 999 1005.4   4.3 999.0 999.0 99.0 99.00
2019 02 13 06 00 175  8.9 12.6 99.00 99.00 99.00 999 1004.6   4.7 999.0 999.0 99.0 99.00
2019 02 13 07 00 124 12.9 14.1 99.00 99.00 99.00 999 1001.0   5.2 999.0 999.0 99.0 99.00
2019 02 13 08 00 153 12.8 13.7 99.00 99.00 99.00 999  998.8   8.1 999.0 999.0 99.0 99.00
2019 02 13 09 00 208  7.9  8.1 99.00 99.00 99.00 999  998.3   8.2 999.0 999.0 99.0 99.00
2019 02 13 10 00 245  7.8  8.5 99.00 99.00 99.00 999  998.2   7.2 999.0 999.0 99.0 99.00
2019 02 13 11 00 310  5.9  6.2 99.00 99.00 99.00 999  998.4   2.5 999.0 999.0 99.0 99.00
2019 02 13 12 00 290  5.8  6.4 99.00 99.00 99.00 999  999.5   2.5 999.0 999.0 99.0 99.00
2019 02 13 13 00 277  8.6  9.4 99.00 99.00 99.00 999 1000.5   2.6 999.0 999.0 99.0 99.00
2019 02 13 14 00 279  6.0  6.5 99.00 99.00 99.00 999 1000.9   2.8 999.0 999.0 99.0 99.00
2019 02 13 15 00 252 11.8 13.2 99.00 99.00 99.00 999 1001.0   3.0 999.0 999.0 99.0 99.00
2019 02 13 16 00 252 12.7 14.1 99.00 99.00 99.00 999 1001.3   2.8 999.0 999.0 99.0 99.00
2019 02 13 17 00 245 14.4 15.9 99.00 99.00 99.00 999 1001.2   3.4 999.0 999.0 99.0 99.00
2019 02 13 18 00 245 15.3 17.0 99.00 99.00 99.00 999 1000.9   3.9 999.0 999.0 99.0 99.00
2019 02 13 19 00 247 16.2 17.7 99.00 99.00 99.00 999 1001.4   4.1 999.0 999.0 99.0 99.00
2019 02 13 20 00 250 16.1 17.7 99.00 99.00 99.00 999 1002.4   4.1 999.0 999.0 99.0 99.00
2019 02 13 21 00 251 16.8 19.0 99.00 99.00 99.00 999 1003.0   3.9 999.0 999.0 99.0 99.00
2019 02 13 22 00 253 16.9 18.8 99.00 99.00 99.00 999 1003.4   3.8 999.0 999.0 99.0 99.00
2019 02 13 23 00 249 17.4 19.1 99.00 99.00 99.00 999 1004.3   3.7 999.0 999.0 99.0 99.00
2019 02 14 00 00 251 15.3 16.9 99.00 99.00 99.00 999 1005.3   3.4 999.0 999.0 99.0 99.00
2019 02 14 01 00 260 16.1 17.4 99.00 99.00 99.00 999 1005.8   3.3 999.0 999.0 99.0 99.00
2019 02 14 02 00 266 14.8 16.3 99.00 99.00 99.00 999 1006.7   3.0 999.0 999.0 99.0 99.00
2019 02 14 03 00 281 12.0 13.1 99.00 99.00 99.00 999 1007.7   2.4 999.0 999.0 99.0 99.00
2019 02 14 04 00 269 16.9 18.2 99.00 99.00 99.00 999 1007.7   1.9 999.0 999.0 99.0 99.00
2019 02 14 05 00 267 14.7 15.8 99.00 99.00 99.00 999 1008.5   1.5 999.0 999.0 99.0 99.00
2019 02 14 06 00 266 16.7 18.3 99.00 99.00 99.00 999 1008.9   1.2 999.0 999.0 99.0 99.00
2019 02 14 07 00 273 16.5 18.6 99.00 99.00 99.00 999 1009.1   0.9 999.0 999.0 99.0 99.00
2019 02 14 08 00 266 14.1 14.8 99.00 99.00 99.00 999 1009.7   0.8 999.0 999.0 99.0 99.00
2019 02 14 09 00 273 16.5 17.6 99.00 99.00 99.00 999 1010.3   0.6 999.0 999.0 99.0 99.00
2019 02 14 10 00 270 14.3 15.9 99.00 99.00 99.00 999 1011.4   0.6 999.0 999.0 99.0 99.00
2019 02 14 11 00 269 14.5 16.4 99.00 99.00 99.00 999 1012.3   0.7 999.0 999.0 99.0 99.00
2019 02 14 12 00 266 16.3 17.9 99.00 99.00 99.00 999 1013.1   0.7 999.0 999.0 99.0 99.00
2019 02 14 13 00 271 15.1 16.7 99.00 99.00 99.00 999 1014.4   0.7 999.0 999.0 99.0 99.00
2019 02 14 14 00 265 13.9 15.7 99.00 99.00 99.00 999 1014.9   0.5 999.0 999.0 99.0 99.00
2019 02 14 15 00 287 13.2 15.1 99.00 99.00 99.00 999 1015.1   0.8 999.0 999.0 99.0 99.00
2019 02 14 16 00 274  9.6 10.6 99.00 99.00 99.00 999 1016.1   1.1 999.0 999.0 99.0 99.00
2019 02 14 17 00 265  8.1  8.8 99.00 99.00 99.00 999 1015.8   1.6 999.0 999.0 99.0 99.00
2019 02 14 18 00 262  9.4 10.0 99.00 99.00 99.00 999 1015.7   2.2 999.0 999.0 99.0 99.00
2019 02 14 19 00 244 12.7 13.7 99.00 99.00 99.00 999 1015.5   1.9 999.0 999.0 99.0 99.00
2019 02 14 20 00 239 13.6 14.4 99.00 99.00 99.00 999 1016.0   2.3 999.0 999.0 99.0 99.00
2019 02 14 21 00 246 13.5 14.8 99.00 99.00 99.00 999 1016.6   2.6 999.0 999.0 99.0 99.00
2019 02 14 22 00 245 11.0 12.0 99.00 99.00 99.00 999 1016.7   2.8 999.0 999.0 99.0 99.00
2019 02 14 23 00 242 10.7 11.6 99.00 99.00 99.00 999 1018.1   3.2 999.0 999.0 99.0 99.00
2019 02 15 00 00 243  9.6 10.7 99.00 99.00 99.00 999 1019.0   3.5 999.0 999.0 99.0 99.00
2019 02 15 01 00 239  7.1  7.5 99.00 99.00 99.00 999 1019.2   3.8 999.0 999.0 99.0 99.00
2019 02 15 02 00 233  7.3  7.9 99.00 99.00 99.00 999 1019.3   3.9 999.0 999.0 99.0 99.00
2019 02 15 03 00 224  3.5  3.7 99.00 99.00 99.00 999 1019.4   4.0 999.0 999.0 99.0 99.00
2019 02 15 04 00 170  2.9  3.0 99.00 99.00 99.00 999 1019.0   4.0 999.0 999.0 99.0 99.00
2019 02 15 05 00 152  4.7  4.8 99.00 99.00 99.00 999 1019.1   4.0 999.0 999.0 99.0 99.00
2019 02 15 06 00 167  6.6  6.7 99.00 99.00 99.00 999 1019.4   3.8 999.0 999.0 99.0 99.00
2019 02 15 07 00 170  7.1  7.4 99.00 99.00 99.00 999 1019.3   4.5 999.0 999.0 99.0 99.00
2019 02 15 08 00 165  6.5  6.8 99.00 99.00 99.00 999 1018.8   4.7 999.0 999.0 99.0 99.00
2019 02 15 09 00 132  7.8  8.2 99.00 99.00 99.00 999 1017.7   4.1 999.0 999.0 99.0 99.00
2019 02 15 10 00 126  9.5  9.9 99.00 99.00 99.00 999 1016.7   4.0 999.0 999.0 99.0 99.00
2019 02 15 11 00 124 11.5 12.4 99.00 99.00 99.00 999 1015.1   3.9 999.0 999.0 99.0 99.00
2019 02 15 12 00 130 12.5 13.3 99.00 99.00 99.00 999 1014.5   4.3 999.0 999.0 99.0 99.00
2019 02 15 13 00 134 12.8 13.6 99.00 99.00 99.00 999 1014.2   4.6 999.0 999.0 99.0 99.00
2019 02 15 14 00 144 13.7 14.6 99.00 99.00 99.00 999 1013.2   5.5 999.0 999.0 99.0 99.00
2019 02 15 15 00 150 13.6 14.5 99.00 99.00 99.00 999 1012.3   6.1 999.0 999.0 99.0 99.00
2019 02 15 16 00 158 14.0 15.5 99.00 99.00 99.00 999 1011.4   6.8 999.0 999.0 99.0 99.00
2019 02 15 17 00 161 13.4 15.2 99.00 99.00 99.00 999 1010.0   7.1 999.0 999.0 99.0 99.00
2019 02 15 18 00 162 13.6 15.1 99.00 99.00 99.00 999 1008.5   7.4 999.0 999.0 99.0 99.00
2019 02 15 19 00 164 14.7 15.6 99.00 99.00 99.00 999 1007.0   8.1 999.0 999.0 99.0 99.00
2019 02 15 20 00 168 15.6 16.8 99.00 99.00 99.00 999 1006.2   8.4 999.0 999.0 99.0 99.00
2019 02 15 21 00 181 16.7 18.9 99.00 99.00 99.00 999 1005.6   8.9 999.0 999.0 99.0 99.00
2019 02 15 22 00 178 15.9 17.1 99.00 99.00 99.00 999 1005.1   8.7 999.0 999.0 99.0 99.00
2019 02 15 23 00 181 15.5 16.8 99.00 99.00 99.00 999 1005.0   8.8 999.0 999.0 99.0 99.00
2019 02 16 00 00 188 13.7 15.0 99.00 99.00 99.00 999 1005.7   8.5 999.0 999.0 99.0 99.00
2019 02 16 01 00 190 15.2 16.3 99.00 99.00 99.00 999 1005.6   8.7 999.0 999.0 99.0 99.00
2019 02 16 02 00 196 13.5 14.7 99.00 99.00 99.00 999 1005.3   8.6 999.0 999.0 99.0 99.00
2019 02 16 03 00 192 13.2 13.7 99.00 99.00 99.00 999 1004.5   8.2 999.0 999.0 99.0 99.00
2019 02 16 04 00 199 11.3 11.7 99.00 99.00 99.00 999 1004.2   7.9 999.0 999.0 99.0 99.00
2019 02 16 05 00 216  8.5  8.8 99.00 99.00 99.00 999 1003.9   7.1 999.0 999.0 99.0 99.00
2019 02 16 06 00 252  6.1  6.6 99.00 99.00 99.00 999 1004.6   6.0 999.0 999.0 99.0 99.00
2019 02 16 07 00 279  7.5  9.0 99.00 99.00 99.00 999 1005.1   6.0 999.0 999.0 99.0 99.00
2019 02 16 08 00 324  6.9  7.1 99.00 99.00 99.00 999 1005.6   5.9 999.0 999.0 99.0 99.00
2019 02 16 09 00 320  6.1  7.8 99.00 99.00 99.00 999 1006.2   5.0 999.0 999.0 99.0 99.00
2019 02 16 10 00 322  5.1  6.1 99.00 99.00 99.00 999 1006.9   4.5 999.0 999.0 99.0 99.00
2019 02 16 11 00 309  8.4  9.1 99.00 99.00 99.00 999 1007.2   3.8 999.0 999.0 99.0 99.00
2019 02 16 12 00 316  6.8  7.5 99.00 99.00 99.00 999 1007.9   3.0 999.0 999.0 99.0 99.00
2019 02 16 13 00 322  9.2  9.8 99.00 99.00 99.00 999 1009.2   2.1 999.0 999.0 99.0 99.00
2019 02 16 14 00 312  8.6  9.8 99.00 99.00 99.00 999 1009.7   1.9 999.0 999.0 99.0 99.00
2019 02 16 15 00 304  6.3  7.4 99.00 99.00 99.00 999 1009.9   2.0 999.0 999.0 99.0 99.00
2019 02 16 16 00 322  7.9  8.6 99.00 99.00 99.00 999 1009.5   2.0 999.0 999.0 99.0 99.00
2019 02 16 17 00 297  5.8  6.2 99.00 99.00 99.00 999 1009.2   2.7 999.0 999.0 99.0 99.00
2019 02 16 18 00 287  5.4  6.2 99.00 99.00 99.00 999 1008.6   3.2 999.0 999.0 99.0 99.00
2019 02 16 19 00 314  5.2  5.6 99.00 99.00 99.00 999 1008.7   3.9 999.0 999.0 99.0 99.00
2019 02 16 20 00 317  6.0  6.8 99.00 99.00 99.00 999 1009.2   4.4 999.0 999.0 99.0 99.00
2019 02 16 21 00 309  5.4  6.3 99.00 99.00 99.00 999 1009.3   5.0 999.0 999.0 99.0 99.00
2019 02 16 22 00 310  7.6  8.1 99.00 99.00 99.00 999 1010.0   4.4 999.0 999.0 99.0 99.00
2019 02 16 23 00 317  7.6  8.0 99.00 99.00 99.00 999 1011.2   3.7 999.0 999.0 99.0 99.00
2019 02 17 00 00 314  8.8  9.8 99.00 99.00 99.00 999 1012.1   3.1 999.0 999.0 99.0 99.00
2019 02 17 01 00 329  8.0  8.4 99.00 99.00 99.00 999 1012.3   2.4 999.0 999.0 99.0 99.00
2019 02 17 02 00 327  8.0  8.6 99.00 99.00 99.00 999 1013.6   2.0 999.0 999.0 99.0 99.00
2019 02 17 03 00 330  7.7  8.6 99.00 99.00 99.00 999 1014.7   1.3 999.0 999.0 99.0 99.00
2019 02 17 04 00 331  5.9  6.3 99.00 99.00 99.00 999 1015.1   0.8 999.0 999.0 99.0 99.00
2019 02 17 05 00 340  8.0  8.6 99.00 99.00 99.00 999 1015.2   0.3 999.0 999.0 99.0 99.00
2019 02 17 06 00 331  8.2  9.3 99.00 99.00 99.00 999 1015.8   0.0 999.0 999.0 99.0 99.00
2019 02 17 07 00 341  7.2  8.2 99.00 99.00 99.00 999 1016.5  -0.4 999.0 999.0 99.0 99.00
2019 02 17 08 00 344  8.8  9.3 99.00 99.00 99.00 999 1016.8  -1.0 999.0 999.0 99.0 99.00
2019 02 17 09 00   2  9.5 10.5 99.00 99.00 99.00 999 1016.5  -2.0 999.0 999.0 99.0 99.00
2019 02 17 10 00 355 10.2 11.2 99.00 99.00 99.00 999 1017.2  -2.7 999.0 999.0 99.0 99.00
2019 02 17 11 00 357  9.2 10.2 99.00 99.00 99.00 999 1018.4  -3.2 999.0 999.0 99.0 99.00
2019 02 17 12 00   6  6.2  7.5 99.00 99.00 99.00 999 1019.2  -3.5 999.0 999.0 99.0 99.00
2019 02 17 13 00   0  4.7  5.6 99.00 99.00 99.00 999 1020.4  -3.7 999.0 999.0 99.0 99.00
2019 02 17 14 00  22  4.0  4.6 99.00 99.00 99.00 999 1021.3  -3.4 999.0 999.0 99.0 99.00
2019 02 17 15 00 356  1.5  2.0 99.00 99.00 99.00 999 1021.6  -2.6 999.0 999.0 99.0 99.00
2019 02 17 16 00  16  0.9  1.7 99.00 99.00 99.00 999 1021.1  -2.0 999.0 999.0 99.0 99.00
2019 02 17 17 00  84  0.1  0.4 99.00 99.00 99.00 999 1020.5  -1.4 999.0 999.0 99.0 99.00
2019 02 17 18 00 147  1.0  1.4 99.00 99.00 99.00 999 1019.0  -1.0 999.0 999.0 99.0 99.00
2019 02 17 19 00 224  6.1  6.9 99.00 99.00 99.00 999 1021.3  -1.1 999.0 999.0 99.0 99.00
2019 02 17 20 00 203  4.9  5.3 99.00 99.00 99.00 999 1020.1  -0.6 999.0 999.0 99.0 99.00
2019 02 17 21 00 212  4.2  4.7 99.00 99.00 99.00 999 1019.0  -0.3 999.0 999.0 99.0 99.00
2019 02 17 22 00 210  3.9  4.2 99.00 99.00 99.00 999 1018.4  -0.3 999.0 999.0 99.0 99.00
2019 02 17 23 00 219  4.1  4.7 99.00 99.00 99.00 999 1019.2  -0.1 999.0 999.0 99.0 99.00
2019 02 18 00 00 217  4.7  4.9 99.00 99.00 99.00 999 1019.1   0.3 999.0 999.0 99.0 99.00
2019 02 18 01 00 217  2.6  2.9 99.00 99.00 99.00 999 1018.4   0.4 999.0 999.0 99.0 99.00
2019 02 18 02 00 206  3.7  4.1 99.00 99.00 99.00 999 1018.0   0.6 999.0 999.0 99.0 99.00
2019 02 18 03 00 192  2.3  2.7 99.00 99.00 99.00 999 1017.4   0.8 999.0 999.0 99.0 99.00
2019 02 18 04 00 162  1.5  2.1 99.00 99.00 99.00 999 1017.5   0.9 999.0 999.0 99.0 99.00
2019 02 18 05 00 152  2.3  2.6 99.00 99.00 99.00 999 1016.8   0.9 999.0 999.0 99.0 99.00
2019 02 18 06 00  84  2.6  3.1 99.00 99.00 99.00 999 1015.8   0.5 999.0 999.0 99.0 99.00
2019 02 18 07 00  62  3.4  4.0 99.00 99.00 99.00 999 1015.6  -1.0 999.0 999.0 99.0 99.00
2019 02 18 08 00  62  6.5  7.3 99.00 99.00 99.00 999 1013.6  -1.5 999.0 999.0 99.0 99.00
2019 02 18 09 00  44  6.8  7.2 99.00 99.00 99.00 999 1013.6  -1.1 999.0 999.0 99.0 99.00
2019 02 18 10 00  78  7.3  7.7 99.00 99.00 99.00 999 1013.2  -0.9 999.0 999.0 99.0 99.00
2019 02 18 11 00  85  7.1  7.6 99.00 99.00 99.00 999 1010.6  -0.4 999.0 999.0 99.0 99.00
2019 02 18 12 00  80  4.3  4.8 99.00 99.00 99.00 999 1010.4   0.3 999.0 999.0 99.0 99.00
2019 02 18 13 00  37  7.8  8.4 99.00 99.00 99.00 999 1010.1   0.1 999.0 999.0 99.0 99.00
2019 02 18 14 00  40  8.8  9.4 99.00 99.00 99.00 999 1008.8   0.3 999.0 999.0 99.0 99.00
2019 02 18 15 00  30  7.1  7.5 99.00 99.00 99.00 999 1008.8   0.6 999.0 999.0 99.0 99.00
2019 02 18 16 00  20  6.5  7.3 99.00 99.00 99.00 999 1008.9   0.7 999.0 999.0 99.0 99.00
2019 02 18 17 00 359  6.3  6.7 99.00 99.00 99.00 999 1008.8   0.4 999.0 999.0 99.0 99.00
2019 02 18 18 00 348  4.5  5.0 99.00 99.00 99.00 999 1008.8   0.5 999.0 999.0 99.0 99.00
2019 02 18 19 00 327  5.4  5.7 99.00 99.00 99.00 999 1009.3   0.6 999.0 999.0 99.0 99.00
2019 02 18 20 00 318  6.4  6.9 99.00 99.00 99.00 999 1010.0   0.5 999.0 999.0 99.0 99.00
2019 02 18 21 00 311  7.4  8.0 99.00 99.00 99.00 999 1010.8   0.5 999.0 999.0 99.0 99.00
2019 02 18 22 00 320  7.2  7.9 99.00 99.00 99.00 999 1012.3   0.6 999.0 999.0 99.0 99.00
2019 02 18 23 00   0  5.5  6.2 99.00 99.00 99.00 999 1014.0   0.2 999.0 999.0 99.0 99.00
2019 02 19 00 00 354  9.2 10.1 99.00 99.00 99.00 999 1015.9   0.2 999.0 999.0 99.0 99.00
2019 02 19 01 00 336  9.0  9.9 99.00 99.00 99.00 999 1017.8  -0.2 999.0 999.0 99.0 99.00
2019 02 19 02 00 330  8.4  9.8 99.00 99.00 99.00 999 1019.5  -0.4 999.0 999.0 99.0 99.00
2019 02 19 03 00 327 13.8 15.9 99.00 99.00 99.00 999 1020.6  -0.8 999.0 999.0 99.0 99.00
2019 02 19 04 00 332 13.3 14.7 99.00 99.00 99.00 999 1021.6  -1.7 999.0 999.0 99.0 99.00
2019 02 19 05 00 328 15.2 16.4 99.00 99.00 99.00 999 1023.3  -3.1 999.0 999.0 99.0 99.00
2019 02 19 06 00 330 12.3 13.6 99.00 99.00 99.00 999 1025.0  -3.9 999.0 999.0 99.0 99.00
2019 02 19 07 00 327 11.5 14.5 99.00 99.00 99.00 999 1026.1  -4.7 999.0 999.0 99.0 99.00
2019 02 19 08 00 321 11.1 12.3 99.00 99.00 99.00 999 1026.9  -5.2 999.0 999.0 99.0 99.00
2019 02 19 09 00 315 11.9 13.3 99.00 99.00 99.00 999 1027.9  -5.6 999.0 999.0 99.0 99.00
2019 02 19 10 00 313 12.8 14.7 99.00 99.00 99.00 999 1028.4  -5.8 999.0 999.0 99.0 99.00
2019 02 19 11 00 321 11.7 12.9 99.00 99.00 99.00 999 1029.3  -5.8 999.0 999.0 99.0 99.00
2019 02 19 12 00 325  9.1  9.9 99.00 99.00 99.00 999 1030.4  -5.8 999.0 999.0 99.0 99.00
2019 02 19 13 00 332  7.9  9.4 99.00 99.00 99.00 999 1031.5  -5.6 999.0 999.0 99.0 99.00
2019 02 19 14 00 337  9.1  9.8 99.00 99.00 99.00 999 1032.0  -5.3 999.0 999.0 99.0 99.00
2019 02 19 15 00 322  7.8  8.8 99.00 99.00 99.00 999 1032.5  -5.0 999.0 999.0 99.0 99.00
2019 02 19 16 00 314  5.0  5.8 99.00 99.00 99.00 999 1033.0  -4.0 999.0 999.0 99.0 99.00
2019 02 19 17 00 316  8.0  8.9 99.00 99.00 99.00 999 1033.0  -3.2 999.0 999.0 99.0 99.00
2019 02 19 18 00 295  4.4  4.9 99.00 99.00 99.00 999 1032.5  -2.1 999.0 999.0 99.0 99.00
2019 02 19 19 00 316  3.9  4.8 99.00 99.00 99.00 999 1032.2  -1.5 999.0 999.0 99.0 99.00
2019 02 19 20 00 290  4.7  5.5 99.00 99.00 99.00 999 1032.2  -0.4 999.0 999.0 99.0 99.00
2019 02 19 21 00 310  5.1  5.7 99.00 99.00 99.00 999 1032.3   0.2 999.0 999.0 99.0 99.00
2019 02 19 22 00 295  6.4  6.9 99.00 99.00 99.00 999 1032.3   0.3 999.0 999.0 99.0 99.00
2019 02 19 23 00 295  7.6  8.6 99.00 99.00 99.00 999 1032.9  -0.1 999.0 999.0 99.0 99.00
2019 02 20 00 00 299  9.5 10.6 99.00 99.00 99.00 999 1033.2  -0.7 999.0 999.0 99.0 99.00
2019 02 20 01 00 298  9.6 10.6 99.00 99.00 99.00 999 1034.2  -1.3 999.0 999.0 99.0 99.00
2019 02 20 02 00 303  9.6 11.3 99.00 99.00 99.00 999 1035.2  -1.5 999.0 999.0 99.0 99.00
2019 02 20 03 00 311  9.7 11.1 99.00 99.00 99.00 999 1035.4  -2.2 999.0 999.0 99.0 99.00
2019 02 20 04 00 321  8.6  9.4 99.00 99.00 99.00 999 1035.5  -2.7 999.0 999.0 99.0 99.00
2019 02 20 05 00 324  7.9  8.7 99.00 99.00 99.00 999 1035.2  -3.2 999.0 999.0 99.0 99.00
2019 02 20 06 00 333  6.9  8.2 99.00 99.00 99.00 999 1035.5  -3.8 999.0 999.0 99.0 99.00
2019 02 20 07 00 336  8.4  9.2 99.00 99.00 99.00 999 1035.8  -4.4 999.0 999.0 99.0 99.00
2019 02 20 08 00 347  8.0  8.5 99.00 99.00 99.00 999 1035.5  -4.6 999.0 999.0 99.0 99.00
2019 02 20 09 00 342  5.1  6.0 99.00 99.00 99.00 999 1036.1  -4.6 999.0 999.0 99.0 99.00
2019 02 20 10 00 323  5.3  5.9 99.00 99.00 99.00 999 1037.2  -4.7 999.0 999.0 99.0 99.00
2019 02 20 11 00 332  4.4  4.9 99.00 99.00 99.00 999 1036.7  -4.8 999.0 999.0 99.0 99.00
2019 02 20 12 00 342  5.1  5.8 99.00 99.00 99.00 999 1036.2  -4.8 999.0 999.0 99.0 99.00
2019 02 20 13 00 343  3.4  4.1 99.00 99.00 99.00 999 1036.9  -4.7 999.0 999.0 99.0 99.00
2019 02 20 14 00 345  3.4  4.1 99.00 99.00 99.00 999 1036.5  -4.5 999.0 999.0 99.0 99.00
2019 02 20 15 00 317  3.1  3.7 99.00 99.00 99.00 999 1037.3  -3.9 999.0 999.0 99.0 99.00
2019 02 20 16 00 314  1.8  2.3 99.00 99.00 99.00 999 1036.5  -3.4 999.0 999.0 99.0 99.00
2019 02 20 17 00 306  0.8  1.2 99.00 99.00 99.00 999 1035.4  -3.2 999.0 999.0 99.0 99.00
2019 02 20 18 00 272  0.8  1.5 99.00 99.00 99.00 999 1034.1  -3.0 999.0 999.0 99.0 99.00
2019 02 20 19 00 222  0.2  0.7 99.00 99.00 99.00 999 1033.8  -2.9 999.0 999.0 99.0 99.00
2019 02 20 20 00 217  3.2  4.4 99.00 99.00 99.00 999 1033.6  -2.9 999.0 999.0 99.0 99.00
2019 02 20 21 00 230  3.6  4.7 99.00 99.00 99.00 999 1033.5  -2.4 999.0 999.0 99.0 99.00
2019 02 20 22 00 199  5.0  5.5 99.00 99.00 99.00 999 1032.3  -1.7 999.0 999.0 99.0 99.00
2019 02 20 23 00 182  2.8  3.3 99.00 99.00 99.00 999 1031.4  -1.6 999.0 999.0 99.0 99.00
2019 02 21 00 00 156  3.3  3.8 99.00 99.00 99.00 999 1030.4  -1.5 999.0 999.0 99.0 99.00
2019 02 21 01 00 129  5.1  6.3 99.00 99.00 99.00 999 1028.6  -1.6 999.0 999.0 99.0 99.00
2019 02 21 02 00 116  6.3  6.8 99.00 99.00 99.00 999 1028.3  -1.8 999.0 999.0 99.0 99.00
2019 02 21 03 00 108  8.6  9.3 99.00 99.00 99.00 999 1026.1  -1.7 999.0 999.0 99.0 99.00
2019 02 21 04 00 102  7.5  8.4 99.00 99.00 99.00 999 1024.3  -1.1 999.0 999.0 99.0 99.00
2019 02 21 05 00 118  7.8  8.3 99.00 99.00 99.00 999 1022.3  -0.6 999.0 999.0 99.0 99.00
2019 02 21 06 00 100  4.2  4.5 99.00 99.00 99.00 999 1020.4   0.0 999.0 999.0 99.0 99.00
2019 02 21 07 00 114 12.6 13.7 99.00 99.00 99.00 999 1018.0   0.9 999.0 999.0 99.0 99.00
2019 02 21 08 00 126 14.3 16.2 99.00 99.00 99.00 999 1014.0   2.1 999.0 999.0 99.0 99.00
2019 02 21 09 00 130 15.1 16.3 99.00 99.00 99.00 999 1011.0   2.7 999.0 999.0 99.0 99.00
2019 02 21 10 00 153  9.1 12.0 99.00 99.00 99.00 999 1010.6   3.6 999.0 999.0 99.0 99.00
2019 02 21 11 00 147  6.1  7.0 99.00 99.00 99.00 999 1009.4   4.4 999.0 999.0 99.0 99.00
2019 02 21 12 00   1  6.8  7.4 99.00 99.00 99.00 999 1009.0   2.2 999.0 999.0 99.0 99.00
2019 02 21 13 00 335  9.3 10.2 99.00 99.00 99.00 999 1010.6   1.2 999.0 999.0 99.0 99.00
2019 02 21 14 00 322  7.6  8.3 99.00 99.00 99.00 999 1011.4   0.9 999.0 999.0 99.0 99.00
2019 02 21 15 00 305  5.9  6.3 99.00 99.00 99.00 999 1011.4   0.8 999.0 999.0 99.0 99.00
2019 02 21 16 00 295  6.6  7.2 99.00 99.00 99.00 999 1012.3   1.4 999.0 999.0 99.0 99.00
2019 02 21 17 00 265  5.0  5.5 99.00 99.00 99.00 999 1011.7   2.3 999.0 999.0 99.0 99.00
2019 02 21 18 00 255  7.5  8.0 99.00 99.00 99.00 999 1011.7   3.2 999.0 999.0 99.0 99.00
2019 02 21 19 00 247  7.4  8.1 99.00 99.00 99.00 999 1011.7   3.3 999.0 999.0 99.0 99.00
2019 02 21 20 00 246  9.2  9.9 99.00 99.00 99.00 999 1012.1   3.4 999.0 999.0 99.0 99.00
2019 02 21 21 00 242  9.1  9.5 99.00 99.00 99.00 999 1012.4   4.0 999.0 999.0 99.0 99.00
2019 02 21 22 00 247  8.8  9.4 99.00 99.00 99.00 999 1012.9   4.5 999.0 999.0 99.0 99.00
2019 02 21 23 00 249  9.8 10.3 99.00 99.00 99.00 999 1013.6   4.8 999.0 999.0 99.0 99.00
2019 02 22 00 00 258  8.6  9.4 99.00 99.00 99.00 999 1015.1   4.9 999.0 999.0 99.0 99.00
2019 02 22 01 00 312  5.6  5.9 99.00 99.00 99.00 999 1016.4   4.7 999.0 999.0 99.0 99.00
2019 02 22 03 00 300  4.0  4.6 99.00 99.00 99.00 999 1018.0   4.7 999.0 999.0 99.0 99.00
2019 02 22 04 00 288  6.0  7.0 99.00 99.00 99.00 999 1018.3   4.7 999.0 999.0 99.0 99.00
2019 02 22 05 00 270  6.0  6.3 99.00 99.00 99.00 999 1018.3   4.3 999.0 999.0 99.0 99.00
2019 02 22 06 00 259  7.5  7.8 99.00 99.00 99.00 999 1019.6   4.1 999.0 999.0 99.0 99.00
2019 02 22 07 00 258  8.4  9.0 99.00 99.00 99.00 999 1020.6   4.0 999.0 999.0 99.0 99.00
2019 02 22 08 00 264  7.6  8.1 99.00 99.00 99.00 999 1021.0   3.8 999.0 999.0 99.0 99.00
2019 02 22 09 00 255  9.0  9.7 99.00 99.00 99.00 999 1021.9   3.9 999.0 999.0 99.0 99.00
2019 02 22 10 00 271  7.5  7.9 99.00 99.00 99.00 999 1022.6   3.6 999.0 999.0 99.0 99.00
2019 02 22 11 00 288  7.6  8.0 99.00 99.00 99.00 999 1023.3   3.3 999.0 999.0 99.0 99.00
2019 02 22 12 00 287  6.5  7.1 99.00 99.00 99.00 999 1024.1   3.2 999.0 999.0 99.0 99.00
2019 02 22 13 00 302  7.3  8.1 99.00 99.00 99.00 999 1024.9   3.2 999.0 999.0 99.0 99.00
2019 02 22 14 00 303  5.6  6.2 99.00 99.00 99.00 999 1025.6   3.6 999.0 999.0 99.0 99.00
2019 02 22 15 00 322  7.0  7.6 99.00 99.00 99.00 999 1026.2   3.9 999.0 999.0 99.0 99.00
2019 02 22 16 00 325  6.1  6.5 99.00 99.00 99.00 999 1026.5   4.0 999.0 999.0 99.0 99.00
2019 02 22 17 00 320  5.0  5.5 99.00 99.00 99.00 999 1027.0   4.1 999.0 999.0 99.0 99.00
2019 02 22 18 00 318  3.2  3.5 99.00 99.00 99.00 999 1026.4   4.6 999.0 999.0 99.0 99.00
2019 02 22 19 00 294  2.9  3.3 99.00 99.00 99.00 999 1025.7   5.5 999.0 999.0 99.0 99.00
2019 02 22 20 00 306  4.2  4.6 99.00 99.00 99.00 999 1026.1   5.5 999.0 999.0 99.0 99.00
2019 02 22 21 00 215  5.9  6.2 99.00 99.00 99.00 999 1026.9   3.9 999.0 999.0 99.0 99.00
2019 02 22 22 00 220  6.7  7.2 99.00 99.00 99.00 999 1027.2   3.9 999.0 999.0 99.0 99.00
2019 02 22 23 00 230  5.7  6.2 99.00 99.00 99.00 999 1027.5   4.0 999.0 999.0 99.0 99.00
2019 02 23 00 00 254  4.5  4.7 99.00 99.00 99.00 999 1028.6   4.2 999.0 999.0 99.0 99.00
2019 02 23 01 00  16  0.8  1.0 99.00 99.00 99.00 999 1029.3   4.1 999.0 999.0 99.0 99.00
2019 02 23 02 00 351  0.6  0.7 99.00 99.00 99.00 999 1029.7   3.7 999.0 999.0 99.0 99.00
2019 02 23 03 00 359  4.5  4.9 99.00 99.00 99.00 999 1029.9   2.8 999.0 999.0 99.0 99.00
2019 02 23 04 00 342  3.6  4.3 99.00 99.00 99.00 999 1030.0   2.5 999.0 999.0 99.0 99.00
2019 02 23 05 00 348  6.0  6.7 99.00 99.00 99.00 999 1030.5   2.4 999.0 999.0 99.0 99.00
2019 02 23 06 00 356  4.2  4.7 99.00 99.00 99.00 999 1031.5   2.0 999.0 999.0 99.0 99.00
2019 02 23 07 00 350  5.8  6.2 99.00 99.00 99.00 999 1032.0   1.9 999.0 999.0 99.0 99.00
2019 02 23 08 00   2  5.7  6.0 99.00 99.00 99.00 999 1031.6   1.1 999.0 999.0 99.0 99.00
2019 02 23 09 00   9  6.3  6.8 99.00 99.00 99.00 999 1031.8   1.0 999.0 999.0 99.0 99.00
2019 02 23 10 00  19  5.5  5.9 99.00 99.00 99.00 999 1032.0   0.5 999.0 999.0 99.0 99.00
2019 02 23 11 00   0  5.5  5.9 99.00 99.00 99.00 999 1032.7   0.2 999.0 999.0 99.0 99.00
2019 02 23 12 00   2  6.7  7.2 99.00 99.00 99.00 999 1032.7  -0.2 999.0 999.0 99.0 99.00
2019 02 23 13 00   1  6.2  6.6 99.00 99.00 99.00 999 1033.1  -0.5 999.0 999.0 99.0 99.00
2019 02 23 14 00  19  4.9  5.5 99.00 99.00 99.00 999 1033.1   0.0 999.0 999.0 99.0 99.00
2019 02 23 15 00  21  3.9  4.1 99.00 99.00 99.00 999 1032.7   0.2 999.0 999.0 99.0 99.00
2019 02 23 16 00  31  3.2  3.6 99.00 99.00 99.00 999 1032.6   0.5 999.0 999.0 99.0 99.00
2019 02 23 17 00  36  1.4  1.6 99.00 99.00 99.00 999 1031.6   0.9 999.0 999.0 99.0 99.00
2019 02 23 18 00   0  0.0  0.0 99.00 99.00 99.00 999 1031.0   2.3 999.0 999.0 99.0 99.00
2019 02 23 19 00 219  1.5  1.8 99.00 99.00 99.00 999 1030.8   1.6 999.0 999.0 99.0 99.00
2019 02 23 20 00 213  1.7  2.0 99.00 99.00 99.00 999 1030.5   1.8 999.0 999.0 99.0 99.00
2019 02 23 21 00 199  1.8  2.0 99.00 99.00 99.00 999 1030.4   1.8 999.0 999.0 99.0 99.00
2019 02 23 22 00 177  1.5  1.7 99.00 99.00 99.00 999 1029.5   1.9 999.0 999.0 99.0 99.00
2019 02 23 23 00 149  3.4  3.7 99.00 99.00 99.00 999 1028.2   2.1 999.0 999.0 99.0 99.00
2019 02 24 00 00 164  3.8  4.0 99.00 99.00 99.00 999 1028.3   2.5 999.0 999.0 99.0 99.00
2019 02 24 01 00 156  4.0  4.2 99.00 99.00 99.00 999 1028.4   2.8 999.0 999.0 99.0 99.00
2019 02 24 02 00 115  3.9  4.2 99.00 99.00 99.00 999 1027.8   2.7 999.0 999.0 99.0 99.00
2019 02 24 03 00 112  4.3  4.6 99.00 99.00 99.00 999 1027.2   2.5 999.0 999.0 99.0 99.00
2019 02 24 04 00 108  6.1  6.4 99.00 99.00 99.00 999 1026.0   2.4 999.0 999.0 99.0 99.00
2019 02 24 05 00 108  6.5  6.9 99.00 99.00 99.00 999 1025.5   2.7 999.0 999.0 99.0 99.00
2019 02 24 06 00 100  7.3  7.8 99.00 99.00 99.00 999 1024.4   2.9 999.0 999.0 99.0 99.00
2019 02 24 07 00 104  9.0  9.8 99.00 99.00 99.00 999 1023.2   3.2 999.0 999.0 99.0 99.00
2019 02 24 08 00 109  9.8 10.8 99.00 99.00 99.00 999 1021.6   3.5 999.0 999.0 99.0 99.00
2019 02 24 09 00 112 10.9 11.9 99.00 99.00 99.00 999 1020.1   3.3 999.0 999.0 99.0 99.00
2019 02 24 10 00 103 11.6 13.1 99.00 99.00 99.00 999 1018.3   3.8 999.0 999.0 99.0 99.00
2019 02 24 11 00 106 13.0 15.1 99.00 99.00 99.00 999 1016.0   3.9 999.0 999.0 99.0 99.00
2019 02 24 12 00 104 13.9 15.4 99.00 99.00 99.00 999 1014.6   3.9 999.0 999.0 99.0 99.00
2019 02 24 13 00 106 14.2 16.4 99.00 99.00 99.00 999 1012.8   3.8 999.0 999.0 99.0 99.00
2019 02 24 14 00 106 15.6 17.5 99.00 99.00 99.00 999 1009.9   4.0 999.0 999.0 99.0 99.00
2019 02 24 15 00 106 16.8 18.4 99.00 99.00 99.00 999 1006.6   5.1 999.0 999.0 99.0 99.00
2019 02 24 16 00 118 15.5 17.1 99.00 99.00 99.00 999 1003.8   5.5 999.0 999.0 99.0 99.00
2019 02 24 17 00 128 15.1 16.4 99.00 99.00 99.00 999 1001.2   6.6 999.0 999.0 99.0 99.00
2019 02 24 18 00 163  9.8 10.3 99.00 99.00 99.00 999 1000.5   6.7 999.0 999.0 99.0 99.00
2019 02 24 19 00 195  8.9  9.2 99.00 99.00 99.00 999  998.4   7.0 999.0 999.0 99.0 99.00
2019 02 24 20 00 188  8.8  9.4 99.00 99.00 99.00 999  996.8   6.2 999.0 999.0 99.0 99.00
2019 02 24 21 00 200 10.5 11.0 99.00 99.00 99.00 999  995.2   6.3 999.0 999.0 99.0 99.00
2019 02 24 22 00 187  9.0  9.4 99.00 99.00 99.00 999  994.0   6.0 999.0 999.0 99.0 99.00
2019 02 24 23 00 232 11.5 12.9 99.00 99.00 99.00 999  993.4   5.8 999.0 999.0 99.0 99.00
2019 02 25 00 00 234 13.1 14.3 99.00 99.00 99.00 999  993.0   5.3 999.0 999.0 99.0 99.00
2019 02 25 01 00 232 13.4 15.9 99.00 99.00 99.00 999  992.7   5.0 999.0 999.0 99.0 99.00
2019 02 25 02 00 227 14.5 15.8 99.00 99.00 99.00 999  992.3   5.3 999.0 999.0 99.0 99.00
2019 02 25 03 00 232 15.2 16.8 99.00 99.00 99.00 999  992.3   5.7 999.0 999.0 99.0 99.00
2019 02 25 04 00 246 16.9 20.0 99.00 99.00 99.00 999  992.2   6.1 999.0 999.0 99.0 99.00
2019 02 25 05 00 254 13.2 14.3 99.00 99.00 99.00 999  993.6   5.7 999.0 999.0 99.0 99.00
2019 02 25 06 00 264 13.7 14.8 99.00 99.00 99.00 999  994.0   6.1 999.0 999.0 99.0 99.00
2019 02 25 07 00 251 17.2 19.3 99.00 99.00 99.00 999  994.0   5.6 999.0 999.0 99.0 99.00
2019 02 25 08 00 251 18.5 20.9 99.00 99.00 99.00 999  994.1   5.2 999.0 999.0 99.0 99.00
2019 02 25 09 00 258 18.0 20.6 99.00 99.00 99.00 999  995.0   4.8 999.0 999.0 99.0 99.00
2019 02 25 10 00 265 17.9 20.4 99.00 99.00 99.00 999  996.6   4.5 999.0 999.0 99.0 99.00
2019 02 25 11 00 270 16.0 17.9 99.00 99.00 99.00 999  997.8   3.8 999.0 999.0 99.0 99.00
2019 02 25 12 00 264 18.6 20.6 99.00 99.00 99.00 999  998.3   3.3 999.0 999.0 99.0 99.00
2019 02 25 13 00 256 16.5 18.6 99.00 99.00 99.00 999  999.4   2.7 999.0 999.0 99.0 99.00
2019 02 25 14 00 264 18.1 20.9 99.00 99.00 99.00 999 1000.2   2.7 999.0 999.0 99.0 99.00
2019 02 25 15 00 262 16.1 20.0 99.00 99.00 99.00 999 1000.8   2.5 999.0 999.0 99.0 99.00
2019 02 25 16 00 292 16.5 18.7 99.00 99.00 99.00 999 1002.1   1.9 999.0 999.0 99.0 99.00
2019 02 25 17 00 291 18.8 21.2 99.00 99.00 99.00 999 1002.6   1.7 999.0 999.0 99.0 99.00
2019 02 25 18 00 276 16.3 19.3 99.00 99.00 99.00 999 1003.4   1.1 999.0 999.0 99.0 99.00
2019 02 25 19 00 279 14.6 16.3 99.00 99.00 99.00 999 1004.5   1.2 999.0 999.0 99.0 99.00
2019 02 25 20 00 289 18.5 20.3 99.00 99.00 99.00 999 1004.9   2.0 999.0 999.0 99.0 99.00
2019 02 25 21 00 287 17.4 19.3 99.00 99.00 99.00 999 1006.0   2.3 999.0 999.0 99.0 99.00
2019 02 25 22 00 283 23.7 26.6 99.00 99.00 99.00 999 1007.2   1.9 999.0 999.0 99.0 99.00
2019 02 25 23 00 287 22.8 25.8 99.00 99.00 99.00 999 1009.5   1.1 999.0 999.0 99.0 99.00
2019 02 26 00 00 286 20.8 25.4 99.00 99.00 99.00 999 1011.2   0.3 999.0 999.0 99.0 99.00
2019 02 26 01 00 293 18.4 21.8 99.00 99.00 99.00 999 1012.4  -0.2 999.0 999.0 99.0 99.00
2019 02 26 02 00 289 20.1 22.1 99.00 99.00 99.00 999 1013.4  -0.4 999.0 999.0 99.0 99.00
2019 02 26 03 00 290 20.1 22.3 99.00 99.00 99.00 999 1014.3  -0.8 999.0 999.0 99.0 99.00
2019 02 26 04 00 287 19.5 21.8 99.00 99.00 99.00 999 1015.1  -0.9 999.0 999.0 99.0 99.00
2019 02 26 05 00 294 15.7 16.9 99.00 99.00 99.00 999 1016.4  -1.1 999.0 999.0 99.0 99.00
2019 02 26 06 00 295 16.4 19.0 99.00 99.00 99.00 999 1017.8  -1.5 999.0 999.0 99.0 99.00
2019 02 26 07 00 296 17.4 19.8 99.00 99.00 99.00 999 1018.3  -2.1 999.0 999.0 99.0 99.00
2019 02 26 08 00 293 16.2 18.2 99.00 99.00 99.00 999 1019.5  -2.3 999.0 999.0 99.0 99.00
2019 02 26 09 00 294 15.9 17.5 99.00 99.00 99.00 999 1020.4  -2.6 999.0 999.0 99.0 99.00
2019 02 26 10 00 289 13.5 16.1 99.00 99.00 99.00 999 1021.7  -2.7 999.0 999.0 99.0 99.00
2019 02 26 11 00 292 15.5 17.6 99.00 99.00 99.00 999 1022.5  -3.1 999.0 999.0 99.0 99.00
2019 02 26 12 00 289 15.6 16.9 99.00 99.00 99.00 999 1023.2  -3.5 999.0 999.0 99.0 99.00
2019 02 26 13 00 285 15.7 18.3 99.00 99.00 99.00 999 1024.3  -3.6 999.0 999.0 99.0 99.00
2019 02 26 14 00 300 15.5 18.2 99.00 99.00 99.00 999 1023.8  -3.4 999.0 999.0 99.0 99.00
2019 02 26 15 00 293 15.7 17.9 99.00 99.00 99.00 999 1023.5  -3.0 999.0 999.0 99.0 99.00
2019 02 26 16 00 290 13.0 14.4 99.00 99.00 99.00 999 1023.6  -2.8 999.0 999.0 99.0 99.00
2019 02 26 17 00 284 10.8 12.7 99.00 99.00 99.00 999 1023.4  -2.6 999.0 999.0 99.0 99.00
2019 02 26 18 00 271 11.0 12.9 99.00 99.00 99.00 999 1022.8  -2.4 999.0 999.0 99.0 99.00
2019 02 26 19 00 274 11.1 12.9 99.00 99.00 99.00 999 1022.6  -2.0 999.0 999.0 99.0 99.00
2019 02 26 20 00 284 14.4 16.6 99.00 99.00 99.00 999 1023.0  -1.2 999.0 999.0 99.0 99.00
2019 02 26 21 00 295 13.2 14.6 99.00 99.00 99.00 999 1023.5  -1.5 999.0 999.0 99.0 99.00
2019 02 26 22 00 291 15.5 18.2 99.00 99.00 99.00 999 1023.9  -1.5 999.0 999.0 99.0 99.00
2019 02 26 23 00 298 16.3 17.9 99.00 99.00 99.00 999 1025.5  -2.4 999.0 999.0 99.0 99.00
2019 02 27 00 00 299 17.2 19.5 99.00 99.00 99.00 999 1027.1  -3.6 999.0 999.0 99.0 99.00
2019 02 27 01 00 308 17.5 19.0 99.00 99.00 99.00 999 1027.8  -4.2 999.0 999.0 99.0 99.00
2019 02 27 02 00 310 13.4 14.7 99.00 99.00 99.00 999 1028.4  -4.7 999.0 999.0 99.0 99.00
2019 02 27 03 00 298 12.5 13.6 99.00 99.00 99.00 999 1029.1  -5.4 999.0 999.0 99.0 99.00
2019 02 27 04 00 295 13.1 14.4 99.00 99.00 99.00 999 1029.7  -5.9 999.0 999.0 99.0 99.00
2019 02 27 05 00 314 11.5 12.7 99.00 99.00 99.00 999 1029.7  -6.3 999.0 999.0 99.0 99.00
2019 02 27 06 00 300 11.7 13.4 99.00 99.00 99.00 999 1030.3  -6.5 999.0 999.0 99.0 99.00
2019 02 27 07 00 318 11.6 12.7 99.00 99.00 99.00 999 1030.3  -6.5 999.0 999.0 99.0 99.00
2019 02 27 08 00 317 10.7 12.9 99.00 99.00 99.00 999 1030.2  -7.0 999.0 999.0 99.0 99.00
2019 02 27 09 00 317  9.5 11.3 99.00 99.00 99.00 999 1030.3  -7.1 999.0 999.0 99.0 99.00
2019 02 27 10 00 332  8.5 10.0 99.00 99.00 99.00 999 1030.3  -7.2 999.0 999.0 99.0 99.00
2019 02 27 11 00 350  9.7 10.9 99.00 99.00 99.00 999 1030.4  -7.6 999.0 999.0 99.0 99.00
2019 02 27 12 00 350  6.4  7.4 99.00 99.00 99.00 999 1030.8  -7.8 999.0 999.0 99.0 99.00
2019 02 27 13 00 349  6.5  7.2 99.00 99.00 99.00 999 1031.4  -8.3 999.0 999.0 99.0 99.00
2019 02 27 14 00 334  6.8  8.1 99.00 99.00 99.00 999 1031.6  -8.2 999.0 999.0 99.0 99.00
2019 02 27 15 00 343  4.4  5.2 99.00 99.00 99.00 999 1030.9  -8.1 999.0 999.0 99.0 99.00
2019 02 27 16 00 322  4.1  5.3 99.00 99.00 99.00 999 1030.2  -7.2 999.0 999.0 99.0 99.00
2019 02 27 17 00 321  2.9  3.4 99.00 99.00 99.00 999 1029.2  -6.2 999.0 999.0 99.0 99.00
2019 02 27 18 00 263  3.1  4.2 99.00 99.00 99.00 999 1027.7  -6.0 999.0 999.0 99.0 99.00
2019 02 27 19 00 247  4.1  4.8 99.00 99.00 99.00 999 1027.2  -5.6 999.0 999.0 99.0 99.00
2019 02 27 20 00 260  3.0  4.5 99.00 99.00 99.00 999 1026.4  -5.5 999.0 999.0 99.0 99.00
2019 02 27 21 00 276  3.3  3.8 99.00 99.00 99.00 999 1025.5  -5.4 999.0 999.0 99.0 99.00
2019 02 27 22 00 210  2.5  3.4 99.00 99.00 99.00 999 1024.4  -5.4 999.0 999.0 99.0 99.00
2019 02 27 23 00 168  0.2  0.8 99.00 99.00 99.00 999 1024.0  -5.1 999.0 999.0 99.0 99.00
2019 02 28 00 00 194  0.6  0.9 99.00 99.00 99.00 999 1023.7  -4.9 999.0 999.0 99.0 99.00
2019 02 28 01 00 134  2.3  2.8 99.00 99.00 99.00 999 1022.5  -5.3 999.0 999.0 99.0 99.00
2019 02 28 02 00  82  2.1  2.7 99.00 99.00 99.00 999 1021.4  -5.1 999.0 999.0 99.0 99.00
2019 02 28 03 00  39  3.3  3.9 99.00 99.00 99.00 999 1020.8  -4.9 999.0 999.0 99.0 99.00
2019 02 28 04 00  51  3.0  3.6 99.00 99.00 99.00 999 1019.7  -4.9 999.0 999.0 99.0 99.00
2019 02 28 05 00  69  4.1  4.8 99.00 99.00 99.00 999 1018.6  -4.7 999.0 999.0 99.0 99.00
2019 02 28 06 00  73  6.0  6.6 99.00 99.00 99.00 999 1017.5  -4.8 999.0 999.0 99.0 99.00
2019 02 28 07 00  68  5.6  6.1 99.00 99.00 99.00 999 1017.5  -4.5 999.0 999.0 99.0 99.00
2019 02 28 08 00  65  6.4  7.1 99.00 99.00 99.00 999 1016.9  -4.7 999.0 999.0 99.0 99.00
2019 02 28 09 00  50  7.6  9.1 99.00 99.00 99.00 999 1016.7  -4.4 999.0 999.0 99.0 99.00
2019 02 28 10 00  39  6.8  7.7 99.00 99.00 99.00 999 1017.2  -4.1 999.0 999.0 99.0 99.00
2019 02 28 11 00  39  6.9  7.5 99.00 99.00 99.00 999 1017.5  -4.0 999.0 999.0 99.0 99.00
2019 02 28 12 00  23  5.7  6.3 99.00 99.00 99.00 999 1018.2  -4.2 999.0 999.0 99.0 99.00
2019 02 28 13 00  19  5.5  6.3 99.00 99.00 99.00 999 1018.9  -4.1 999.0 999.0 99.0 99.00
2019 02 28 14 00 352  6.1  6.9 99.00 99.00 99.00 999 1019.8  -4.3 999.0 999.0 99.0 99.00
2019 02 28 15 00 349  6.5  7.6 99.00 99.00 99.00 999 1020.3  -4.1 999.0 999.0 99.0 99.00
2019 02 28 16 00   2  5.4  6.1 99.00 99.00 99.00 999 1020.6  -3.8 999.0 999.0 99.0 99.00
2019 02 28 17 00 349  5.5  6.0 99.00 99.00 99.00 999 1021.2  -3.5 999.0 999.0 99.0 99.00
2019 02 28 18 00 353  7.3  8.0 99.00 99.00 99.00 999 1021.1  -3.0 999.0 999.0 99.0 99.00
2019 02 28 19 00   6  6.8  7.4 99.00 99.00 99.00 999 1021.6  -3.0 999.0 999.0 99.0 99.00
2019 02 28 20 00   6  7.1  8.3 99.00 99.00 99.00 999 1022.0  -2.4 999.0 999.0 99.0 99.00
2019 02 28 21 00  17  5.3  6.4 99.00 99.00 99.00 999 1022.5  -2.1 999.0 999.0 99.0 99.00
2019 02 28 22 00   1  5.2  6.2 99.00 99.00 99.00 999 1023.3  -1.8 999.0 999.0 99.0 99.00
2019 02 28 23 00 351  4.8  5.7 99.00 99.00 99.00 999 1024.4  -1.8 999.0 999.0 99.0 99.00
