#YY  MM DD hh mm WDIR WSPD GST  WVHT   DPD   APD MWD   PRES  ATMP  WTMP  DEWP  VIS  TIDE
#yr  mo dy hr mn degT m/s  m/s     m   sec   sec deg    hPa  degC  degC  degC  nmi    ft
2019 01 01 00 00 157  9.0  9.6 99.00 99.00 99.00 999 1025.3   5.2 999.0 999.0 99.0 99.00
2019 01 01 01 00 135 10.3 11.1 99.00 99.00 99.00 999 1022.9   4.9 999.0 999.0 99.0 99.00
2019 01 01 02 00 141 10.5 11.1 99.00 99.00 99.00 999 1021.8   5.1 999.0 999.0 99.0 99.00
2019 01 01 03 00 142 12.0 13.2 99.00 99.00 99.00 999 1019.0   5.4 999.0 999.0 99.0 99.00
2019 01 01 04 00 144 13.8 14.9 99.00 99.00 99.00 999 1016.6   5.9 999.0 999.0 99.0 99.00
2019 01 01 05 00 148 13.2 15.8 99.00 99.00 99.00 999 1014.0   6.4 999.0 999.0 99.0 99.00
2019 01 01 06 00 155 15.4 17.7 99.00 99.00 99.00 999 1009.9   7.1 999.0 999.0 99.0 99.00
2019 01 01 07 00 158 14.0 16.3 99.00 99.00 99.00 999 1007.9   8.0 999.0 999.0 99.0 99.00
2019 01 01 08 00 177 14.7 16.0 99.00 99.00 99.00 999 1004.7   9.0 999.0 999.0 99.0 99.00
2019 01 01 09 00 191 13.5 14.4 99.00 99.00 99.00 999 1002.5  10.1 999.0 999.0 99.0 99.00
2019 01 01 10 00 225 13.7 15.3 99.00 99.00 99.00 999 1001.4  10.7 999.0 999.0 99.0 99.00
2019 01 01 11 00 225 14.2 15.8 99.00 99.00 99.00 999 1000.6  10.1 999.0 999.0 99.0 99.00
2019 01 01 12 00 235 13.8 15.0 99.00 99.00 99.00 999 1000.7  10.0 999.0 999.0 99.0 99.00
2019 01 01 13 00 245 11.5 12.2 99.00 99.00 99.00 999 1001.4   8.8 999.0 999.0 99.0 99.00
2019 01 01 14 00 238 11.5 12.1 99.00 99.00 99.00 999 1001.8   8.4 999.0 999.0 99.0 99.00
2019 01 01 15 00 245 12.1 12.6 99.00 99.00 99.00 999 1001.7   8.1 999.0 999.0 99.0 99.00
2019 01 01 16 00 250 16.0 18.0 99.00 99.00 99.00 999 1001.5   9.8 999.0 999.0 99.0 99.00
2019 01 01 17 00 269 12.5 13.7 99.00 99.00 99.00 999 1002.9  10.2 999.0 999.0 99.0 99.00
2019 01 01 18 00 296 13.8 14.8 99.00 99.00 99.00 999 1004.1  11.8 999.0 999.0 99.0 99.00
2019 01 01 19 00 310 11.5 12.7 99.00 99.00 99.00 999 1005.9  10.6 999.0 999.0 99.0 99.00
2019 01 01 20 00 310 12.1 13.6 99.00 99.00 99.00 999 1007.6   9.9 999.0 999.0 99.0 99.00
2019 01 01 21 00 296 10.8 11.4 99.00 99.00 99.00 999 1010.2   8.2 999.0 999.0 99.0 99.00
2019 01 01 22 00 300 10.8 11.8 99.00 99.00 99.00 999 1012.5   7.3 999.0 999.0 99.0 99.00
2019 01 01 23 00 296 13.8 15.0 99.00 99.00 99.00 999 1013.8   6.3 999.0 999.0 99.0 99.00
2019 01 02 00 00 298 10.9 12.6 99.00 99.00 99.00 999 1015.7   5.7 999.0 999.0 99.0 99.00
2019 01 02 01 00 299  7.6  8.4 99.00 99.00 99.00 999 1016.8   5.2 999.0 999.0 99.0 99.00
2019 01 02 02 00 297  9.0  9.8 99.00 99.00 99.00 999 1017.7   4.8 999.0 999.0 99.0 99.00
2019 01 02 03 00 292 10.0 11.3 99.00 99.00 99.00 999 1018.1   4.5 999.0 999.0 99.0 99.00
2019 01 02 04 00 299  9.4  9.8 99.00 99.00 99.00 999 1018.9   4.0 999.0 999.0 99.0 99.00
2019 01 02 05 00 312  7.4  8.5 99.00 99.00 99.00 999 1019.9   3.5 999.0 999.0 99.0 99.00
2019 01 02 06 00 331  8.3  9.2 99.00 99.00 99.00 999 1021.0   3.1 999.0 999.0 99.0 99.00
2019 01 02 07 00 332  9.1  9.5 99.00 99.00 99.00 999 1021.9   2.5 999.0 999.0 99.0 99.00
2019 01 02 08 00 339  8.3  9.5 99.00 99.00 99.00 999 1022.9   1.5 999.0 999.0 99.0 99.00
2019 01 02 09 00 332  9.0 10.4 99.00 99.00 99.00 999 1022.9   0.9 999.0 999.0 99.0 99.00
2019 01 02 10 00 330  9.8 10.9 99.00 99.00 99.00 999 1023.4   0.3 999.0 999.0 99.0 99.00
2019 01 02 11 00 339 10.0 10.8 99.00 99.00 99.00 999 1024.3   0.1 999.0 999.0 99.0 99.00
2019 01 02 12 00 347 10.2 11.7 99.00 99.00 99.00 999 1026.1  -0.3 999.0 999.0 99.0 99.00
2019 01 02 21 00 109  2.2  2.6 99.00 99.00 99.00 999 1026.7   0.8 999.0 999.0 99.0 99.00
2019 01 02 22 00 122  1.7  2.1 99.00 99.00 99.00 999 1026.5   0.8 999.0 999.0 99.0 99.00
2019 01 02 23 00 123  3.2  4.1 99.00 99.00 99.00 999 1025.7   1.1 999.0 999.0 99.0 99.00
2019 01 03 00 00 148  3.7  4.6 99.00 99.00 99.00 999 1026.1   1.4 999.0 999.0 99.0 99.00
2019 01 03 01 00 136  4.7  5.5 99.00 99.00 99.00 999 1025.7   1.7 999.0 999.0 99.0 99.00
2019 01 03 02 00 128  4.8  5.3 99.00 99.00 99.00 999 1024.2   1.9 999.0 999.0 99.0 99.00
2019 01 03 03 00  97  4.4  5.0 99.00 99.00 99.00 999 1022.8   2.0 999.0 999.0 99.0 99.00
2019 01 03 04 00 172  9.1  9.9 99.00 99.00 99.00 999 1022.5   3.5 999.0 999.0 99.0 99.00
2019 01 03 05 00 167  6.6  7.0 99.00 99.00 99.00 999 1021.3   3.9 999.0 999.0 99.0 99.00
2019 01 03 06 00 189  7.3  7.8 99.00 99.00 99.00 999 1021.1   4.5 999.0 999.0 99.0 99.00
2019 01 03 07 00 159  8.5  9.6 99.00 99.00 99.00 999 1019.5   4.8 999.0 999.0 99.0 99.00
2019 01 03 08 00 158  9.5 10.9 99.00 99.00 99.00 999 1017.4   5.1 999.0 999.0 99.0 99.00
2019 01 03 09 00 138  8.0  9.2 99.00 99.00 99.00 999 1015.2   4.6 999.0 999.0 99.0 99.00
2019 01 03 10 00 145  8.1  9.0 99.00 99.00 99.00 999 1013.4   4.4 999.0 999.0 99.0 99.00
2019 01 03 11 00 139  8.5  9.5 99.00 99.00 99.00 999 1012.2   4.8 999.0 999.0 99.0 99.00
2019 01 03 12 00 193 10.6 11.2 99.00 99.00 99.00 999 1011.7   5.3 999.0 999.0 99.0 99.00
2019 01 03 13 00 205  7.4  7.8 99.00 99.00 99.00 999 1012.1   5.6 999.0 999.0 99.0 99.00
2019 01 03 14 00 227  6.8  7.5 99.00 99.00 99.00 999 1011.8   5.7 999.0 999.0 99.0 99.00
2019 01 03 15 00 245  6.1  7.1 99.00 99.00 99.00 999 1011.8   5.5 999.0 999.0 99.0 99.00
2019 01 03 16 00 281  6.8  7.9 99.00 99.00 99.00 999 1010.8   6.1 999.0 999.0 99.0 99.00
2019 01 03 17 00 314 10.1 10.9 99.00 99.00 99.00 999 1010.1   6.0 999.0 999.0 99.0 99.00
2019 01 03 18 00 323  8.9  9.6 99.00 99.00 99.00 999 1010.1   6.0 999.0 999.0 99.0 99.00
2019 01 03 19 00 317  7.7  8.2 99.00 99.00 99.00 999 1010.2   6.6 999.0 999.0 99.0 99.00
2019 01 03 20 00 321  8.1  8.6 99.00 99.00 99.00 999 1011.0   6.2 999.0 999.0 99.0 99.00
2019 01 03 21 00 310  6.4  7.2 99.00 99.00 99.00 999 1012.2   6.3 999.0 999.0 99.0 99.00
2019 01 03 22 00 317  7.2  7.6 99.00 99.00 99.00 999 1012.5   5.9 999.0 999.0 99.0 99.00
2019 01 03 23 00 324  6.4  7.1 99.00 99.00 99.00 999 1013.4   5.5 999.0 999.0 99.0 99.00
2019 01 04 00 00 317  7.7  8.3 99.00 99.00 99.00 999 1014.4   4.8 999.0 999.0 99.0 99.00
2019 01 04 01 00 314  7.2  7.7 99.00 99.00 99.00 999 1015.1   4.3 999.0 999.0 99.0 99.00
2019 01 04 02 00 312  7.1  7.6 99.00 99.00 99.00 999 1015.7   3.9 999.0 999.0 99.0 99.00
2019 01 04 03 00 306  7.6  8.2 99.00 99.00 99.00 999 1016.0   3.4 999.0 999.0 99.0 99.00
2019 01 04 04 00 297  7.1  7.8 99.00 99.00 99.00 999 1015.6   2.9 999.0 999.0 99.0 99.00
2019 01 04 05 00 302  8.5  9.4 99.00 99.00 99.00 999 1015.9   3.1 999.0 999.0 99.0 99.00
2019 01 04 06 00 289  7.4  7.9 99.00 99.00 99.00 999 1016.2   3.3 999.0 999.0 99.0 99.00
2019 01 04 07 00 282  5.1  5.5 99.00 99.00 99.00 999 1016.2   3.5 999.0 999.0 99.0 99.00
2019 01 04 08 00 283  9.1  9.9 99.00 99.00 99.00 999 1016.1   3.6 999.0 999.0 99.0 99.00
2019 01 04 09 00 282  8.5  9.1 99.00 99.00 99.00 999 1015.8   3.6 999.0 999.0 99.0 99.00
2019 01 04 10 00 269  6.2  6.9 99.00 99.00 99.00 999 1015.7   3.6 999.0 999.0 99.0 99.00
2019 01 04 11 00 264  6.6  7.2 99.00 99.00 99.00 999 1015.9   3.8 999.0 999.0 99.0 99.00
2019 01 04 12 00 262  7.0  7.5 99.00 99.00 99.00 999 1016.1   3.9 999.0 999.0 99.0 99.00
2019 01 04 13 00 231  9.7 10.5 99.00 99.00 99.00 999 1015.8   4.5 999.0 999.0 99.0 99.00
2019 01 04 14 00 233 10.9 11.6 99.00 99.00 99.00 999 1015.9   4.7 999.0 999.0 99.0 99.00
2019 01 04 16 00 236 11.3 12.7 99.00 99.00 99.00 999 1014.4   4.3 999.0 999.0 99.0 99.00
2019 01 04 17 00 232 13.6 14.4 99.00 99.00 99.00 999 1013.2   4.4 999.0 999.0 99.0 99.00
2019 01 04 18 00 240  9.6 10.3 99.00 99.00 99.00 999 1012.9   5.0 999.0 999.0 99.0 99.00
2019 01 04 19 00 235 11.5 12.8 99.00 99.00 99.00 999 1012.2   5.1 999.0 999.0 99.0 99.00
2019 01 04 20 00 236 12.4 13.4 99.00 99.00 99.00 999 1012.4   5.5 999.0 999.0 99.0 99.00
2019 01 04 21 00 232 13.4 14.5 99.00 99.00 99.00 999 1012.2   5.9 999.0 999.0 99.0 99.00
2019 01 04 22 00 234 12.3 13.8 99.00 99.00 99.00 999 1011.8   6.1 999.0 999.0 99.0 99.00
2019 01 04 23 00 236 11.9 14.1 99.00 99.00 99.00 999 1012.5   6.5 999.0 999.0 99.0 99.00
2019 01 05 00 00 237 11.5 12.5 99.00 99.00 99.00 999 1012.6   6.8 999.0 999.0 99.0 99.00
2019 01 05 01 00 233 10.4 11.1 99.00 99.00 99.00 999 1012.2   6.9 999.0 999.0 99.0 99.00
2019 01 05 02 00 230 10.0 10.7 99.00 99.00 99.00 999 1011.7   6.9 999.0 999.0 99.0 99.00
2019 01 05 03 00 231  9.5  9.9 99.00 99.00 99.00 999 1010.9   7.0 999.0 999.0 99.0 99.00
2019 01 05 04 00 227  9.4 10.0 99.00 99.00 99.00 999 1010.2   7.0 999.0 999.0 99.0 99.00
2019 01 05 05 00 225  6.3  6.5 99.00 99.00 99.00 999 1009.8   6.9 999.0 999.0 99.0 99.00
2019 01 05 06 00 221  4.8  4.9 99.00 99.00 99.00 999 1009.3   6.9 999.0 999.0 99.0 99.00
2019 01 05 07 00 201  4.6  4.7 99.00 99.00 99.00 999 1008.5   7.5 999.0 999.0 99.0 99.00
2019 01 05 08 00 173  4.8  5.0 99.00 99.00 99.00 999 1007.7   7.1 999.0 999.0 99.0 99.00
2019 01 05 09 00 148  4.0  4.1 99.00 99.00 99.00 999 1006.3   7.2 999.0 999.0 99.0 99.00
2019 01 05 10 00 115  3.9  4.0 99.00 99.00 99.00 999 1005.8   6.8 999.0 999.0 99.0 99.00
2019 01 05 11 00 115  5.9  6.1 99.00 99.00 99.00 999 1004.5   6.3 999.0 999.0 99.0 99.00
2019 01 05 12 00 105  6.1  6.4 99.00 99.00 99.00 999 1004.1   6.2 999.0 999.0 99.0 99.00
2019 01 05 13 00  95  7.7  8.4 99.00 99.00 99.00 999 1003.6   6.0 999.0 999.0 99.0 99.00
2019 01 05 14 00  64  5.9  6.3 99.00 99.00 99.00 999 1003.3   6.1 999.0 999.0 99.0 99.00
2019 01 05 15 00  38  8.3  9.0 99.00 99.00 99.00 999 1002.0   5.3 999.0 999.0 99.0 99.00
2019 01 05 16 00  34  9.3  9.8 99.00 99.00 99.00 999 1000.3   5.6 999.0 999.0 99.0 99.00
2019 01 05 17 00  44 11.7 12.6 99.00 99.00 99.00 999  998.1   5.6 999.0 999.0 99.0 99.00
2019 01 05 18 00  37 12.7 14.3 99.00 99.00 99.00 999  996.1   5.4 999.0 999.0 99.0 99.00
2019 01 05 19 00  35 13.1 14.4 99.00 99.00 99.00 999  995.4   5.5 999.0 999.0 99.0 99.00
2019 01 05 20 00  32 12.3 13.7 99.00 99.00 99.00 999  994.9   5.3 999.0 999.0 99.0 99.00
2019 01 05 21 00  22 10.2 11.1 99.00 99.00 99.00 999  995.6   5.3 999.0 999.0 99.0 99.00
2019 01 05 22 00 357 10.3 11.1 99.00 99.00 99.00 999  996.2   5.3 999.0 999.0 99.0 99.00
2019 01 05 23 00   6 12.4 13.6 99.00 99.00 99.00 999  996.2   5.5 999.0 999.0 99.0 99.00
2019 01 06 00 00 356 13.0 14.0 99.00 99.00 99.00 999  997.0   4.6 999.0 999.0 99.0 99.00
2019 01 06 01 00 354 10.8 11.9 99.00 99.00 99.00 999  998.2   4.5 999.0 999.0 99.0 99.00
2019 01 06 02 00 337 11.9 13.8 99.00 99.00 99.00 999  999.3   4.4 999.0 999.0 99.0 99.00
2019 01 06 03 00 334 11.2 12.4 99.00 99.00 99.00 999 1000.3   4.2 999.0 999.0 99.0 99.00
2019 01 06 04 00 328  9.3 10.8 99.00 99.00 99.00 999 1001.7   3.9 999.0 999.0 99.0 99.00
2019 01 06 05 00 314  7.7  8.5 99.00 99.00 99.00 999 1003.2   3.9 999.0 999.0 99.0 99.00
2019 01 06 06 00 299  6.8  7.4 99.00 99.00 99.00 999 1003.6   4.1 999.0 999.0 99.0 99.00
2019 01 06 07 00 301  7.4  7.9 99.00 99.00 99.00 999 1004.6   4.0 999.0 999.0 99.0 99.00
2019 01 06 08 00 307  7.7  8.3 99.00 99.00 99.00 999 1005.6   3.8 999.0 999.0 99.0 99.00
2019 01 06 09 00 310  7.7  8.8 99.00 99.00 99.00 999 1006.1   3.7 999.0 999.0 99.0 99.00
2019 01 06 10 00 279  7.0  7.7 99.00 99.00 99.00 999 1006.6   3.6 999.0 999.0 99.0 99.00
2019 01 06 11 00 286  7.9  8.8 99.00 99.00 99.00 999 1007.3   3.2 999.0 999.0 99.0 99.00
2019 01 06 12 00 289  7.7  8.5 99.00 99.00 99.00 999 1008.0   3.3 999.0 999.0 99.0 99.00
2019 01 06 13 00 283  9.0 10.3 99.00 99.00 99.00 999 1008.9   3.8 999.0 999.0 99.0 99.00
2019 01 06 14 00 268  8.5  9.7 99.00 99.00 99.00 999 1009.8   3.9 999.0 999.0 99.0 99.00
2019 01 06 15 00 274 10.7 11.8 99.00 99.00 99.00 999 1009.8   4.4 999.0 999.0 99.0 99.00
2019 01 06 16 00 270 10.0 10.7 99.00 99.00 99.00 999 1009.7   4.2 999.0 999.0 99.0 99.00
2019 01 06 17 00 276  8.1  9.0 99.00 99.00 99.00 999 1009.1   4.9 999.0 999.0 99.0 99.00
2019 01 06 18 00 305 10.1 11.5 99.00 99.00 99.00 999 1009.1   6.1 999.0 999.0 99.0 99.00
2019 01 06 19 00 311 11.2 12.3 99.00 99.00 99.00 999 1009.6   6.4 999.0 999.0 99.0 99.00
2019 01 06 20 00 309 11.3 12.4 99.00 99.00 99.00 999 1010.3   6.7 999.0 999.0 99.0 99.00
2019 01 06 21 00 340  9.2 10.0 99.00 99.00 99.00 999 1011.8   5.1 999.0 999.0 99.0 99.00
2019 01 06 22 00 328 10.7 12.1 99.00 99.00 99.00 999 1013.3   4.5 999.0 999.0 99.0 99.00
2019 01 06 23 00 326 13.9 15.3 99.00 99.00 99.00 999 1014.9   4.0 999.0 999.0 99.0 99.00
2019 01 07 00 00 321 14.4 17.5 99.00 99.00 99.00 999 1016.3   3.1 999.0 999.0 99.0 99.00
2019 01 07 01 00 324 15.8 17.8 99.00 99.00 99.00 999 1017.8   2.1 999.0 999.0 99.0 99.00
2019 01 07 02 00 325 15.9 18.9 99.00 99.00 99.00 999 1019.0   0.3 999.0 999.0 99.0 99.00
2019 01 07 03 00 330 10.9 12.7 99.00 99.00 99.00 999 1020.2  -0.4 999.0 999.0 99.0 99.00
2019 01 07 04 00 328 12.8 13.6 99.00 99.00 99.00 999 1021.2  -1.5 999.0 999.0 99.0 99.00
2019 01 07 05 00 313 12.7 14.3 99.00 99.00 99.00 999 1021.6  -1.8 999.0 999.0 99.0 99.00
2019 01 07 06 00 332 13.0 16.2 99.00 99.00 99.00 999 1022.4  -1.9 999.0 999.0 99.0 99.00
2019 01 07 07 00 328 14.7 16.9 99.00 99.00 99.00 999 1023.7  -3.2 999.0 999.0 99.0 99.00
2019 01 07 08 00 329 12.5 14.2 99.00 99.00 99.00 999 1025.0  -3.7 999.0 999.0 99.0 99.00
2019 01 07 09 00 329 15.0 18.1 99.00 99.00 99.00 999 1025.3  -4.1 999.0 999.0 99.0 99.00
2019 01 07 10 00 326 14.1 15.3 99.00 99.00 99.00 999 1025.9  -4.7 999.0 999.0 99.0 99.00
2019 01 07 11 00 324 14.5 16.6 99.00 99.00 99.00 999 1027.1  -5.3 999.0 999.0 99.0 99.00
2019 01 07 12 00 332 12.5 15.6 99.00 99.00 99.00 999 1028.4  -5.4 999.0 999.0 99.0 99.00
2019 01 07 13 00 334 13.1 14.5 99.00 99.00 99.00 999 1029.1  -5.7 999.0 999.0 99.0 99.00
2019 01 07 14 00 343 11.4 13.7 99.00 99.00 99.00 999 1029.9  -5.4 999.0 999.0 99.0 99.00
2019 01 07 15 00 350 10.5 12.8 99.00 99.00 99.00 999 1030.5  -5.2 999.0 999.0 99.0 99.00
2019 01 07 16 00 331  7.8  8.7 99.00 99.00 99.00 999 1030.3  -4.6 999.0 999.0 99.0 99.00
2019 01 07 17 00 346  6.4  7.3 99.00 99.00 99.00 999 1029.5  -3.6 999.0 999.0 99.0 99.00
2019 01 07 18 00 351  7.3  8.5 99.00 99.00 99.00 999 1029.2  -2.9 999.0 999.0 99.0 99.00
2019 01 07 19 00 341  5.9  8.1 99.00 99.00 99.00 999 1029.6  -2.3 999.0 999.0 99.0 99.00
2019 01 07 20 00 334  6.4  7.8 99.00 99.00 99.00 999 1030.1  -1.7 999.0 999.0 99.0 99.00
2019 01 07 21 00 340  4.2  4.7 99.00 99.00 99.00 999 1030.6  -1.4 999.0 999.0 99.0 99.00
2019 01 07 22 00  26  3.1  4.0 99.00 99.00 99.00 999 1030.1  -1.6 999.0 999.0 99.0 99.00
2019 01 07 23 00 346  3.3  4.0 99.00 99.00 99.00 999 1030.6  -1.5 999.0 999.0 99.0 99.00
2019 01 08 00 00  17  3.7  4.2 99.00 99.00 99.00 999 1030.0  -1.6 999.0 999.0 99.0 99.00
2019 01 08 01 00  56  3.0  3.5 99.00 99.00 99.00 999 1029.7  -1.4 999.0 999.0 99.0 99.00
2019 01 08 02 00  44  0.7  1.0 99.00 99.00 99.00 999 1030.1  -1.3 999.0 999.0 99.0 99.00
2019 01 08 03 00  73  4.4  5.5 99.00 99.00 99.00 999 1029.0  -1.3 999.0 999.0 99.0 99.00
2019 01 08 04 00 127  4.1  5.4 99.00 99.00 99.00 999 1028.8  -1.0 999.0 999.0 99.0 99.00
2019 01 08 05 00 152  3.3  4.2 99.00 99.00 99.00 999 1028.4  -0.8 999.0 999.0 99.0 99.00
2019 01 08 06 00 159  6.0  6.7 99.00 99.00 99.00 999 1027.8   0.0 999.0 999.0 99.0 99.00
2019 01 08 07 00 152  5.5  7.2 99.00 99.00 99.00 999 1028.4   0.5 999.0 999.0 99.0 99.00
2019 01 08 08 00 144  5.9  6.7 99.00 99.00 99.00 999 1026.9   1.1 999.0 999.0 99.0 99.00
2019 01 08 09 00 174  7.4  8.4 99.00 99.00 99.00 999 1026.1   1.7 999.0 999.0 99.0 99.00
2019 01 08 10 00 159 10.5 11.5 99.00 99.00 99.00 999 1023.9   2.2 999.0 999.0 99.0 99.00
2019 01 08 11 00 167 12.1 13.3 99.00 99.00 99.00 999 1023.4   3.0 999.0 999.0 99.0 99.00
2019 01 08 12 00 166 11.4 12.1 99.00 99.00 99.00 999 1022.2   3.9 999.0 999.0 99.0 99.00
2019 01 08 13 00 177 11.8 13.0 99.00 99.00 99.00 999 1022.0   4.3 999.0 999.0 99.0 99.00
2019 01 08 14 00 182 10.3 11.5 99.00 99.00 99.00 999 1021.6   4.6 999.0 999.0 99.0 99.00
2019 01 08 15 00 162  8.6  9.2 99.00 99.00 99.00 999 1020.5   4.8 999.0 999.0 99.0 99.00
2019 01 08 16 00 161  6.2  7.0 99.00 99.00 99.00 999 1018.7   5.4 999.0 999.0 99.0 99.00
2019 01 08 17 00 147  6.7  7.2 99.00 99.00 99.00 999 1016.6   5.7 999.0 999.0 99.0 99.00
2019 01 08 18 00 135  7.3  7.8 99.00 99.00 99.00 999 1014.7   5.8 999.0 999.0 99.0 99.00
2019 01 08 19 00 119  8.5  9.0 99.00 99.00 99.00 999 1012.7   5.8 999.0 999.0 99.0 99.00
2019 01 08 20 00 120  7.8  8.1 99.00 99.00 99.00 999 1011.6   6.2 999.0 999.0 99.0 99.00
2019 01 08 21 00 124  5.8  6.0 99.00 99.00 99.00 999 1010.2   7.1 999.0 999.0 99.0 99.00
2019 01 08 22 00 169  6.1  6.2 99.00 99.00 99.00 999 1009.4   7.8 999.0 999.0 99.0 99.00
2019 01 08 23 00 186  6.2  6.4 99.00 99.00 99.00 999 1008.5   7.8 999.0 999.0 99.0 99.00
2019 01 09 00 00 210  6.9  7.3 99.00 99.00 99.00 999 1007.6   8.6 999.0 999.0 99.0 99.00
2019 01 09 01 00 210  4.9  5.0 99.00 99.00 99.00 999 1006.7   8.0 999.0 999.0 99.0 99.00
2019 01 09 02 00 242  5.1  5.4 99.00 99.00 99.00 999 1006.1   7.5 999.0 999.0 99.0 99.00
2019 01 09 03 00 258  3.9  4.1 99.00 99.00 99.00 999 1004.8   7.1 999.0 999.0 99.0 99.00
2019 01 09 04 00 258  3.4  3.6 99.00 99.00 99.00 999 1003.4   7.0 999.0 999.0 99.0 99.00
2019 01 09 05 00 208  3.9  4.1 99.00 99.00 99.00 999 1001.8   6.8 999.0 999.0 99.0 99.00
2019 01 09 06 00 217  6.4  6.7 99.00 99.00 99.00 999 1000.5   7.0 999.0 999.0 99.0 99.00
2019 01 09 07 00 195  3.4  3.6 99.00 99.00 99.00 999  999.2   6.9 999.0 999.0 99.0 99.00
2019 01 09 08 00 217  3.9  4.4 99.00 99.00 99.00 999  998.7   7.0 999.0 999.0 99.0 99.00
2019 01 09 09 00 214  3.5  3.6 99.00 99.00 99.00 999  997.3   6.9 999.0 999.0 99.0 99.00
2019 01 09 10 00 217  5.7  6.1 99.00 99.00 99.00 999  996.2   6.7 999.0 999.0 99.0 99.00
2019 01 09 11 00 243 14.3 16.6 99.00 99.00 99.00 999  995.7   7.0 999.0 999.0 99.0 99.00
2019 01 09 12 00 246 15.9 17.5 99.00 99.00 99.00 999  995.3   6.4 999.0 999.0 99.0 99.00
2019 01 09 13 00 256 16.8 17.8 99.00 99.00 99.00 999  995.3   6.3 999.0 999.0 99.0 99.00
2019 01 09 14 00 253 16.8 19.2 99.00 99.00 99.00 999  995.5   6.4 999.0 999.0 99.0 99.00
2019 01 09 15 00 254 18.5 20.3 99.00 99.00 99.00 999  995.1   6.4 999.0 999.0 99.0 99.00
2019 01 09 16 00 265 15.6 16.9 99.00 99.00 99.00 999  994.5   6.9 999.0 999.0 99.0 99.00
2019 01 09 17 00 273 16.0 18.2 99.00 99.00 99.00 999  993.9   7.1 999.0 999.0 99.0 99.00
2019 01 09 18 00 279 16.9 19.2 99.00 99.00 99.00 999  994.1   6.9 999.0 999.0 99.0 99.00
2019 01 09 19 00 283 13.4 15.6 99.00 99.00 99.00 999  995.2   6.1 999.0 999.0 99.0 99.00
2019 01 09 20 00 286 13.2 15.2 99.00 99.00 99.00 999  995.6   6.3 999.0 999.0 99.0 99.00
2019 01 09 21 00 285 14.6 16.9 99.00 99.00 99.00 999  996.4   6.1 999.0 999.0 99.0 99.00
2019 01 09 22 00 287 15.3 17.9 99.00 99.00 99.00 999  997.4   5.3 999.0 999.0 99.0 99.00
2019 01 09 23 00 281 15.2 16.1 99.00 99.00 99.00 999  998.4   5.0 999.0 999.0 99.0 99.00
2019 01 10 00 00 280 12.8 15.2 99.00 99.00 99.00 999  998.9   4.5 999.0 999.0 99.0 99.00
2019 01 10 01 00 281 12.8 14.2 99.00 99.00 99.00 999  998.8   4.0 999.0 999.0 99.0 99.00
2019 01 10 02 00 277 14.2 16.3 99.00 99.00 99.00 999  998.7   3.3 999.0 999.0 99.0 99.00
2019 01 10 03 00 280 14.2 17.2 99.00 99.00 99.00 999  998.2   2.8 999.0 999.0 99.0 99.00
2019 01 10 04 00 288 13.4 14.4 99.00 99.00 99.00 999  998.1   2.5 999.0 999.0 99.0 99.00
2019 01 10 05 00 280 14.3 16.7 99.00 99.00 99.00 999  997.9   2.1 999.0 999.0 99.0 99.00
2019 01 10 06 00 291 13.0 14.3 99.00 99.00 99.00 999  998.2   1.9 999.0 999.0 99.0 99.00
2019 01 10 07 00 287 11.8 13.5 99.00 99.00 99.00 999  998.5   1.8 999.0 999.0 99.0 99.00
2019 01 10 08 00 282 11.0 13.2 99.00 99.00 99.00 999  998.3   1.7 999.0 999.0 99.0 99.00
2019 01 10 09 00 282 10.9 12.3 99.00 99.00 99.00 999  998.2   1.3 999.0 999.0 99.0 99.00
2019 01 10 10 00 292 12.6 14.5 99.00 99.00 99.00 999  998.2   1.3 999.0 999.0 99.0 99.00
2019 01 10 11 00 275  9.8 11.3 99.00 99.00 99.00 999  998.5   1.1 999.0 999.0 99.0 99.00
2019 01 10 12 00 268 10.9 12.3 99.00 99.00 99.00 999  998.5   1.0 999.0 999.0 99.0 99.00
2019 01 10 13 00 295 12.3 13.2 99.00 99.00 99.00 999  999.2   1.2 999.0 999.0 99.0 99.00
2019 01 10 14 00 292 11.7 13.2 99.00 99.00 99.00 999 1000.1   1.3 999.0 999.0 99.0 99.00
2019 01 10 15 00 296 12.6 14.0 99.00 99.00 99.00 999 1000.4   1.5 999.0 999.0 99.0 99.00
2019 01 10 16 00 303 11.3 12.3 99.00 99.00 99.00 999 1000.1   1.4 999.0 999.0 99.0 99.00
2019 01 10 17 00 311 15.0 17.2 99.00 99.00 99.00 999  999.9   0.9 999.0 999.0 99.0 99.00
2019 01 10 18 00 295 11.9 13.9 99.00 99.00 99.00 999 1000.5   1.0 999.0 999.0 99.0 99.00
2019 01 10 19 00 310 12.0 12.9 99.00 99.00 99.00 999 1001.2   0.3 999.0 999.0 99.0 99.00
2019 01 10 20 00 299 12.4 14.1 99.00 99.00 99.00 999 1002.1   0.5 999.0 999.0 99.0 99.00
2019 01 10 21 00 312 11.3 12.6 99.00 99.00 99.00 999 1003.1   0.8 999.0 999.0 99.0 99.00
2019 01 10 22 00 310 10.8 12.9 99.00 99.00 99.00 999 1004.2   0.9 999.0 999.0 99.0 99.00
2019 01 10 23 00 302 13.4 14.6 99.00 99.00 99.00 999 1005.5   0.0 999.0 999.0 99.0 99.00
2019 01 11 00 00 299 13.7 15.6 99.00 99.00 99.00 999 1006.2  -0.8 999.0 999.0 99.0 99.00
2019 01 11 01 00 307 12.8 14.3 99.00 99.00 99.00 999 1007.3  -1.1 999.0 999.0 99.0 99.00
2019 01 11 02 00 297 14.3 15.9 99.00 99.00 99.00 999 1008.0  -1.6 999.0 999.0 99.0 99.00
2019 01 11 03 00 308 13.3 14.7 99.00 99.00 99.00 999 1008.8  -2.0 999.0 999.0 99.0 99.00
2019 01 11 04 00 312 14.5 17.1 99.00 99.00 99.00 999 1009.4  -2.5 999.0 999.0 99.0 99.00
2019 01 11 05 00 321 16.7 18.7 99.00 99.00 99.00 999 1009.6  -2.6 999.0 999.0 99.0 99.00
2019 01 11 06 00 307 13.5 15.4 99.00 99.00 99.00 999 1010.6  -2.1 999.0 999.0 99.0 99.00
2019 01 11 07 00 311 11.1 13.5 99.00 99.00 99.00 999 1011.5  -1.6 999.0 999.0 99.0 99.00
2019 01 11 08 00 291 17.2 18.7 99.00 99.00 99.00 999 1011.6  -1.5 999.0 999.0 99.0 99.00
2019 01 11 09 00 303 14.9 16.2 99.00 99.00 99.00 999 1012.4  -1.9 999.0 999.0 99.0 99.00
2019 01 11 10 00 302 14.7 16.7 99.00 99.00 99.00 999 1013.1  -2.3 999.0 999.0 99.0 99.00
2019 01 11 11 00 288 12.9 14.2 99.00 99.00 99.00 999 1014.3  -2.8 999.0 999.0 99.0 99.00
2019 01 11 13 00 298 12.2 13.7 99.00 99.00 99.00 999 1016.7  -3.8 999.0 999.0 99.0 99.00
2019 01 11 14 00 312 12.3 13.9 99.00 99.00 99.00 999 1017.8  -4.2 999.0 999.0 99.0 99.00
2019 01 11 15 00 310 10.7 12.1 99.00 99.00 99.00 999 1018.5  -4.1 999.0 999.0 99.0 99.00
2019 01 11 16 00 306  9.4 11.3 99.00 99.00 99.00 999 1018.4  -3.2 999.0 999.0 99.0 99.00
2019 01 11 17 00 308  8.4 10.0 99.00 99.00 99.00 999 1018.5  -2.2 999.0 999.0 99.0 99.00
2019 01 11 18 00 305  9.2 10.6 99.00 99.00 99.00 999 1018.7  -1.5 999.0 999.0 99.0 99.00
2019 01 11 19 00 309  9.7 10.6 99.00 99.00 99.00 999 1019.2  -1.2 999.0 999.0 99.0 99.00
2019 01 11 20 00 313 10.8 12.6 99.00 99.00 99.00 999 1020.1  -1.5 999.0 999.0 99.0 99.00
2019 01 11 21 00 317  9.7 10.6 99.00 99.00 99.00 999 1021.0  -1.6 999.0 999.0 99.0 99.00
2019 01 11 22 00 315 11.9 13.8 99.00 99.00 99.00 999 1021.9  -2.1 999.0 999.0 99.0 99.00
2019 01 11 23 00 317 10.7 11.9 99.00 99.00 99.00 999 1023.2  -3.2 999.0 999.0 99.0 99.00
2019 01 12 00 00 299 12.6 14.1 99.00 99.00 99.00 999 1024.2  -4.3 999.0 999.0 99.0 99.00
2019 01 12 01 00 322 10.5 11.6 99.00 99.00 99.00 999 1025.3  -5.0 999.0 999.0 99.0 99.00
2019 01 12 02 00 311 10.7 13.0 99.00 99.00 99.00 999 1026.4  -5.7 999.0 999.0 99.0 99.00
2019 01 12 03 00 324 11.4 12.8 99.00 99.00 99.00 999 1027.2  -6.2 999.0 999.0 99.0 99.00
2019 01 12 04 00 338  9.2 10.9 99.00 99.00 99.00 999 1027.4  -6.6 999.0 999.0 99.0 99.00
2019 01 12 05 00 329  8.9  9.9 99.00 99.00 99.00 999 1028.2  -6.8 999.0 999.0 99.0 99.00
2019 01 12 06 00 307  8.4 10.1 99.00 99.00 99.00 999 1028.5  -6.8 999.0 999.0 99.0 99.00
2019 01 12 07 00 313  8.2  9.3 99.00 99.00 99.00 999 1029.5  -7.2 999.0 999.0 99.0 99.00
2019 01 12 08 00 304  7.9 10.7 99.00 99.00 99.00 999 1030.4  -7.6 999.0 999.0 99.0 99.00
2019 01 12 09 00 313  7.1  9.0 99.00 99.00 99.00 999 1030.6  -7.8 999.0 999.0 99.0 99.00
2019 01 12 10 00 298  8.5 10.1 99.00 99.00 99.00 999 1031.0  -8.0 999.0 999.0 99.0 99.00
2019 01 12 11 00 310  8.8 10.0 99.00 99.00 99.00 999 1031.9  -8.0 999.0 999.0 99.0 99.00
2019 01 12 12 00 323  8.5  9.6 99.00 99.00 99.00 999 1032.1  -7.4 999.0 999.0 99.0 99.00
2019 01 12 13 00 319 10.2 11.3 99.00 99.00 99.00 999 1032.7  -7.0 999.0 999.0 99.0 99.00
2019 01 12 14 00 317  9.5 10.7 99.00 99.00 99.00 999 1033.3  -6.6 999.0 999.0 99.0 99.00
2019 01 12 15 00 317  6.9  8.2 99.00 99.00 99.00 999 1033.5  -6.2 999.0 999.0 99.0 99.00
2019 01 12 16 00 304  6.9  7.8 99.00 99.00 99.00 999 1032.6  -5.0 999.0 999.0 99.0 99.00
2019 01 12 17 00 289  7.6  8.5 99.00 99.00 99.00 999 1031.7  -4.2 999.0 999.0 99.0 99.00
2019 01 12 18 00 298  6.6  7.4 99.00 99.00 99.00 999 1031.5  -3.2 999.0 999.0 99.0 99.00
2019 01 12 19 00 291  8.0  9.2 99.00 99.00 99.00 999 1031.5  -2.3 999.0 999.0 99.0 99.00
2019 01 12 20 00 287  6.2  7.6 99.00 99.00 99.00 999 1031.3  -1.4 999.0 999.0 99.0 99.00
2019 01 12 21 00 300  6.9  8.8 99.00 99.00 99.00 999 1031.2  -1.4 999.0 999.0 99.0 99.00
2019 01 12 22 00 288  7.6  8.8 99.00 99.00 99.00 999 1031.5  -1.2 999.0 999.0 99.0 99.00
2019 01 12 23 00 298  6.9  8.5 99.00 99.00 99.00 999 1032.3  -1.5 999.0 999.0 99.0 99.00
2019 01 13 00 00 302  7.9  9.1 99.00 99.00 99.00 999 1032.7  -1.5 999.0 999.0 99.0 99.00
2019 01 13 01 00 313  6.7  7.7 99.00 99.00 99.00 999 1032.4  -2.0 999.0 999.0 99.0 99.00
2019 01 13 02 00 329  9.4 11.5 99.00 99.00 99.00 999 1032.4  -2.6 999.0 999.0 99.0 99.00
2019 01 13 03 00 331  7.6  9.0 99.00 99.00 99.00 999 1032.7  -3.4 999.0 999.0 99.0 99.00
2019 01 13 04 00 331  7.1  8.2 99.00 99.00 99.00 999 1032.8  -3.9 999.0 999.0 99.0 99.00
2019 01 13 05 00 338  6.0  7.1 99.00 99.00 99.00 999 1032.2  -3.9 999.0 999.0 99.0 99.00
2019 01 13 06 00 320  6.0  7.3 99.00 99.00 99.00 999 1032.3  -4.3 999.0 999.0 99.0 99.00
2019 01 13 07 00 339  5.6  7.3 99.00 99.00 99.00 999 1032.2  -4.7 999.0 999.0 99.0 99.00
2019 01 13 08 00 347  5.6  6.3 99.00 99.00 99.00 999 1031.6  -5.1 999.0 999.0 99.0 99.00
2019 01 13 09 00 348  3.7  4.3 99.00 99.00 99.00 999 1031.9  -5.6 999.0 999.0 99.0 99.00
2019 01 13 10 00 343  4.6  5.5 99.00 99.00 99.00 999 1032.1  -5.8 999.0 999.0 99.0 99.00
2019 01 13 11 00 352  6.0  6.7 99.00 99.00 99.00 999 1031.9  -5.9 999.0 999.0 99.0 99.00
2019 01 13 12 00   5  3.2  4.2 99.00 99.00 99.00 999 1031.6  -6.3 999.0 999.0 99.0 99.00
2019 01 13 13 00   6  3.8  5.1 99.00 99.00 99.00 999 1031.8  -6.8 999.0 999.0 99.0 99.00
2019 01 13 14 00   8  4.2  4.6 99.00 99.00 99.00 999 1032.4  -7.1 999.0 999.0 99.0 99.00
2019 01 13 15 00 349  3.1  4.4 99.00 99.00 99.00 999 1032.5  -6.8 999.0 999.0 99.0 99.00
2019 01 13 16 00 355  3.9  4.9 99.00 99.00 99.00 999 1031.5  -6.2 999.0 999.0 99.0 99.00
2019 01 13 17 00  10  4.7  5.6 99.00 99.00 99.00 999 1030.1  -5.8 999.0 999.0 99.0 99.00
2019 01 13 18 00  16  6.7  7.5 99.00 99.00 99.00 999 1029.3  -4.7 999.0 999.0 99.0 99.00
2019 01 13 19 00  32  7.2  8.3 99.00 99.00 99.00 999 1029.0  -3.3 999.0 999.0 99.0 99.00
2019 01 13 20 00  48  7.8  9.2 99.00 99.00 99.00 999 1028.6  -2.5 999.0 999.0 99.0 99.00
2019 01 13 21 00  37  9.2 10.4 99.00 99.00 99.00 999 1028.0  -2.2 999.0 999.0 99.0 99.00
2019 01 13 22 00  33 10.6 11.7 99.00 99.00 99.00 999 1027.7  -2.2 999.0 999.0 99.0 99.00
2019 01 13 23 00  37  9.8 11.6 99.00 99.00 99.00 999 1028.2  -2.1 999.0 999.0 99.0 99.00
2019 01 14 00 00  55 10.5 11.7 99.00 99.00 99.00 999 1028.1  -2.2 999.0 999.0 99.0 99.00
2019 01 14 01 00  56  9.2 10.8 99.00 99.00 99.00 999 1028.0  -1.9 999.0 999.0 99.0 99.00
2019 01 14 02 00  44 11.9 12.9 99.00 99.00 99.00 999 1026.9  -1.8 999.0 999.0 99.0 99.00
2019 01 14 03 00  42 11.5 12.4 99.00 99.00 99.00 999 1026.6  -1.1 999.0 999.0 99.0 99.00
2019 01 14 04 00  51  9.3 10.2 99.00 99.00 99.00 999 1026.4  -0.6 999.0 999.0 99.0 99.00
2019 01 14 05 00  62  9.0 10.4 99.00 99.00 99.00 999 1025.6  -0.3 999.0 999.0 99.0 99.00
2019 01 14 06 00  47 12.8 14.3 99.00 99.00 99.00 999 1024.5  -0.2 999.0 999.0 99.0 99.00
2019 01 14 07 00  41 11.1 12.1 99.00 99.00 99.00 999 1024.5  -0.1 999.0 999.0 99.0 99.00
2019 01 14 08 00  43 11.4 12.6 99.00 99.00 99.00 999 1023.9  -0.1 999.0 999.0 99.0 99.00
2019 01 14 09 00  46 11.5 12.8 99.00 99.00 99.00 999 1023.4  -0.2 999.0 999.0 99.0 99.00
2019 01 14 10 00  34 13.2 14.1 99.00 99.00 99.00 999 1022.3  -0.1 999.0 999.0 99.0 99.00
2019 01 14 11 00  36 11.1 12.8 99.00 99.00 99.00 999 1022.6  -0.3 999.0 999.0 99.0 99.00
2019 01 14 12 00  32 10.6 12.2 99.00 99.00 99.00 999 1022.8  -0.2 999.0 999.0 99.0 99.00
2019 01 14 13 00  30 11.9 13.2 99.00 99.00 99.00 999 1023.1  -0.2 999.0 999.0 99.0 99.00
2019 01 14 14 00  26 10.1 11.8 99.00 99.00 99.00 999 1023.2  -0.2 999.0 999.0 99.0 99.00
2019 01 14 15 00 351  8.2  9.2 99.00 99.00 99.00 999 1023.2  -0.8 999.0 999.0 99.0 99.00
2019 01 14 16 00 358  8.6  9.9 99.00 99.00 99.00 999 1022.5  -0.8 999.0 999.0 99.0 99.00
2019 01 14 17 00   3  7.8  8.8 99.00 99.00 99.00 999 1021.3  -0.9 999.0 999.0 99.0 99.00
2019 01 14 18 00  16  6.9  8.3 99.00 99.00 99.00 999 1021.0  -0.2 999.0 999.0 99.0 99.00
2019 01 14 19 00  24  9.8 10.8 99.00 99.00 99.00 999 1020.3  -0.1 999.0 999.0 99.0 99.00
2019 01 14 20 00  12  9.6 10.4 99.00 99.00 99.00 999 1020.0  -0.4 999.0 999.0 99.0 99.00
2019 01 14 21 00  15  8.2  8.9 99.00 99.00 99.00 999 1019.8  -0.7 999.0 999.0 99.0 99.00
2019 01 14 22 00  10  7.4  8.2 99.00 99.00 99.00 999 1019.9  -1.1 999.0 999.0 99.0 99.00
2019 01 14 23 00   4  7.6  8.2 99.00 99.00 99.00 999 1020.1  -1.8 999.0 999.0 99.0 99.00
2019 01 15 00 00  12  5.3  6.2 99.00 99.00 99.00 999 1020.0  -2.0 999.0 999.0 99.0 99.00
2019 01 15 01 00  16  4.9  5.8 99.00 99.00 99.00 999 1019.7  -2.2 999.0 999.0 99.0 99.00
2019 01 15 02 00  23  3.4  3.9 99.00 99.00 99.00 999 1019.7  -2.0 999.0 999.0 99.0 99.00
2019 01 15 03 00 354  3.4  3.9 99.00 99.00 99.00 999 1019.5  -1.9 999.0 999.0 99.0 99.00
2019 01 15 04 00 318  4.5  5.1 99.00 99.00 99.00 999 1019.2  -1.7 999.0 999.0 99.0 99.00
2019 01 15 05 00 313  5.7  6.1 99.00 99.00 99.00 999 1018.5  -1.6 999.0 999.0 99.0 99.00
2019 01 15 06 00 311  5.4  6.2 99.00 99.00 99.00 999 1018.2  -1.3 999.0 999.0 99.0 99.00
2019 01 15 07 00 319  5.9  6.6 99.00 99.00 99.00 999 1018.2  -1.8 999.0 999.0 99.0 99.00
2019 01 15 08 00 342  5.9  6.3 99.00 99.00 99.00 999 1017.8  -1.8 999.0 999.0 99.0 99.00
2019 01 15 09 00 325  5.8  6.4 99.00 99.00 99.00 999 1017.5  -2.2 999.0 999.0 99.0 99.00
2019 01 15 10 00 331  6.9  7.6 99.00 99.00 99.00 999 1017.6  -2.1 999.0 999.0 99.0 99.00
2019 01 15 11 00 344  5.8  6.2 99.00 99.00 99.00 999 1018.0  -2.2 999.0 999.0 99.0 99.00
2019 01 15 12 00 343  5.6  6.3 99.00 99.00 99.00 999 1018.3  -2.0 999.0 999.0 99.0 99.00
2019 01 15 13 00 321  4.9  5.7 99.00 99.00 99.00 999 1018.9  -2.0 999.0 999.0 99.0 99.00
2019 01 15 14 00 317  4.6  5.2 99.00 99.00 99.00 999 1019.7  -1.9 999.0 999.0 99.0 99.00
2019 01 15 15 00 336  4.8  5.4 99.00 99.00 99.00 999 1019.9  -1.5 999.0 999.0 99.0 99.00
2019 01 15 16 00 350  4.9  5.5 99.00 99.00 99.00 999 1019.4  -1.0 999.0 999.0 99.0 99.00
2019 01 15 17 00 326  5.5  6.1 99.00 99.00 99.00 999 1018.8   0.0 999.0 999.0 99.0 99.00
2019 01 15 18 00 317  5.7  6.3 99.00 99.00 99.00 999 1018.3   0.9 999.0 999.0 99.0 99.00
2019 01 15 19 00 322  5.1  6.0 99.00 99.00 99.00 999 1018.4   1.1 999.0 999.0 99.0 99.00
2019 01 15 20 00 337  4.0  5.1 99.00 99.00 99.00 999 1018.7   1.3 999.0 999.0 99.0 99.00
2019 01 15 21 00 345  3.2  3.8 99.00 99.00 99.00 999 1018.6   1.5 999.0 999.0 99.0 99.00
2019 01 15 22 00 350  2.8  3.3 99.00 99.00 99.00 999 1018.8   1.5 999.0 999.0 99.0 99.00
2019 01 15 23 00 328  2.7  3.0 99.00 99.00 99.00 999 1019.4   1.7 999.0 999.0 99.0 99.00
2019 01 16 00 00 317  5.9  6.6 99.00 99.00 99.00 999 1019.7   1.5 999.0 999.0 99.0 99.00
2019 01 16 01 00 332  5.3  6.5 99.00 99.00 99.00 999 1019.6   1.0 999.0 999.0 99.0 99.00
2019 01 16 02 00 325  5.7  6.4 99.00 99.00 99.00 999 1020.0   0.7 999.0 999.0 99.0 99.00
2019 01 16 03 00 329  3.9  4.4 99.00 99.00 99.00 999 1020.0   0.4 999.0 999.0 99.0 99.00
2019 01 16 04 00 329  3.1  3.3 99.00 99.00 99.00 999 1019.7   0.3 999.0 999.0 99.0 99.00
2019 01 16 05 00 330  2.9  3.3 99.00 99.00 99.00 999 1019.1   0.3 999.0 999.0 99.0 99.00
2019 01 16 06 00 328  2.1  2.6 99.00 99.00 99.00 999 1018.6   0.3 999.0 999.0 99.0 99.00
2019 01 16 07 00 263  1.5  2.3 99.00 99.00 99.00 999 1018.5   0.3 999.0 999.0 99.0 99.00
2019 01 16 08 00 226  3.1  3.4 99.00 99.00 99.00 999 1017.9   0.7 999.0 999.0 99.0 99.00
2019 01 16 09 00 234  5.7 99.0 99.00 99.00 99.00 999 9999.0 999.0 999.0 999.0 99.0 99.00
2019 01 16 10 00 260  6.3  7.5 99.00 99.00 99.00 999 1017.4   1.1 999.0 999.0 99.0 99.00
2019 01 16 11 00 247  5.5  5.9 99.00 99.00 99.00 999 1017.3   1.2 999.0 999.0 99.0 99.00
2019 01 16 12 00 227  7.7  8.6 99.00 99.00 99.00 999 1017.4   1.6 999.0 999.0 99.0 99.00
2019 01 16 15 00 241 11.8 13.6 99.00 99.00 99.00 999 1017.1   2.3 999.0 999.0 99.0 99.00
2019 01 16 16 00 245 15.1 16.1 99.00 99.00 99.00 999 1016.4   2.1 999.0 999.0 99.0 99.00
2019 01 16 17 00 266 13.9 15.0 99.00 99.00 99.00 999 1015.7   1.4 999.0 999.0 99.0 99.00
2019 01 16 18 00 260 10.6 11.7 99.00 99.00 99.00 999 1015.2   1.5 999.0 999.0 99.0 99.00
2019 01 16 19 00 244  9.2  9.8 99.00 99.00 99.00 999 1015.0   1.6 999.0 999.0 99.0 99.00
2019 01 16 20 00 259 11.1 12.5 99.00 99.00 99.00 999 1015.3   1.9 999.0 999.0 99.0 99.00
2019 01 16 21 00 277  7.4  8.0 99.00 99.00 99.00 999 1016.1   2.4 999.0 999.0 99.0 99.00
2019 01 16 22 00 279  7.6  9.2 99.00 99.00 99.00 999 1016.8   2.6 999.0 999.0 99.0 99.00
2019 01 16 23 00 246  8.3  8.8 99.00 99.00 99.00 999 1017.2   2.8 999.0 999.0 99.0 99.00
2019 01 17 00 00 260  9.5 10.1 99.00 99.00 99.00 999 1017.9   3.3 999.0 999.0 99.0 99.00
2019 01 17 01 00 257 10.3 11.7 99.00 99.00 99.00 999 1017.9   3.8 999.0 999.0 99.0 99.00
2019 01 17 02 00 258 10.8 12.2 99.00 99.00 99.00 999 1018.5   4.2 999.0 999.0 99.0 99.00
2019 01 17 03 00 291 11.8 13.3 99.00 99.00 99.00 999 1019.4   3.6 999.0 999.0 99.0 99.00
2019 01 17 04 00 306 10.5 11.7 99.00 99.00 99.00 999 1020.5   2.5 999.0 999.0 99.0 99.00
2019 01 17 05 00 309 12.1 13.6 99.00 99.00 99.00 999 1021.4   1.1 999.0 999.0 99.0 99.00
2019 01 17 06 00 308 11.5 13.8 99.00 99.00 99.00 999 1022.0   0.4 999.0 999.0 99.0 99.00
2019 01 17 07 00 309 10.9 12.2 99.00 99.00 99.00 999 1023.2  -0.2 999.0 999.0 99.0 99.00
2019 01 17 08 00 314  9.8 10.5 99.00 99.00 99.00 999 1024.3  -0.7 999.0 999.0 99.0 99.00
2019 01 17 09 00 325  9.5 11.4 99.00 99.00 99.00 999 1024.6  -1.1 999.0 999.0 99.0 99.00
2019 01 17 10 00 336 12.8 13.7 99.00 99.00 99.00 999 1025.3  -1.9 999.0 999.0 99.0 99.00
2019 01 17 11 00 338  8.5 10.4 99.00 99.00 99.00 999 1026.4  -2.9 999.0 999.0 99.0 99.00
2019 01 17 12 00 351  7.1  8.4 99.00 99.00 99.00 999 1027.6  -3.4 999.0 999.0 99.0 99.00
2019 01 17 13 00 354  7.1  8.0 99.00 99.00 99.00 999 1028.5  -4.2 999.0 999.0 99.0 99.00
2019 01 17 14 00 336  7.9  9.1 99.00 99.00 99.00 999 1029.5  -4.9 999.0 999.0 99.0 99.00
2019 01 17 15 00 355  6.8  8.3 99.00 99.00 99.00 999 1030.1  -5.1 999.0 999.0 99.0 99.00
2019 01 17 16 00 354  2.9  3.8 99.00 99.00 99.00 999 1030.0  -4.7 999.0 999.0 99.0 99.00
2019 01 17 17 00  38  2.2  2.5 99.00 99.00 99.00 999 1029.4  -4.0 999.0 999.0 99.0 99.00
2019 01 17 18 00  59  1.6  2.6 99.00 99.00 99.00 999 1028.8  -3.6 999.0 999.0 99.0 99.00
2019 01 17 19 00  58  0.6  1.0 99.00 99.00 99.00 999 1028.6  -2.9 999.0 999.0 99.0 99.00
2019 01 17 20 00 104  2.2  2.6 99.00 99.00 99.00 999 1028.2  -3.1 999.0 999.0 99.0 99.00
2019 01 17 21 00 129  2.4  3.1 99.00 99.00 99.00 999 1028.2  -2.9 999.0 999.0 99.0 99.00
2019 01 17 22 00 115  3.3  3.8 99.00 99.00 99.00 999 1028.1  -2.5 999.0 999.0 99.0 99.00
2019 01 17 23 00 149  3.4  4.1 99.00 99.00 99.00 999 1027.9  -2.2 999.0 999.0 99.0 99.00
2019 01 18 00 00 153  4.0  4.7 99.00 99.00 99.00 999 1028.5  -2.0 999.0 999.0 99.0 99.00
2019 01 18 01 00 121  4.4  5.5 99.00 99.00 99.00 999 1028.2  -2.0 999.0 999.0 99.0 99.00
2019 01 18 02 00  98  4.8  5.5 99.00 99.00 99.00 999 1027.4  -1.8 999.0 999.0 99.0 99.00
2019 01 18 03 00  99  5.0  5.9 99.00 99.00 99.00 999 1027.4  -1.4 999.0 999.0 99.0 99.00
2019 01 18 04 00 100  6.1  6.9 99.00 99.00 99.00 999 1027.1  -1.1 999.0 999.0 99.0 99.00
2019 01 18 05 00  82  5.9  6.8 99.00 99.00 99.00 999 1025.8  -0.8 999.0 999.0 99.0 99.00
2019 01 18 06 00 100  6.0  7.5 99.00 99.00 99.00 999 1025.2  -0.4 999.0 999.0 99.0 99.00
2019 01 18 07 00  81  5.2  6.1 99.00 99.00 99.00 999 1024.7   0.0 999.0 999.0 99.0 99.00
2019 01 18 08 00  42  5.7  6.1 99.00 99.00 99.00 999 1023.8  -0.3 999.0 999.0 99.0 99.00
2019 01 18 09 00  50  6.7  7.3 99.00 99.00 99.00 999 1022.4   0.0 999.0 999.0 99.0 99.00
2019 01 18 10 00  61  6.7  7.2 99.00 99.00 99.00 999 1021.6  -0.1 999.0 999.0 99.0 99.00
2019 01 18 11 00  90  6.4  7.3 99.00 99.00 99.00 999 1021.3   0.9 999.0 999.0 99.0 99.00
2019 01 18 12 00  87  6.6  7.3 99.00 99.00 99.00 999 1020.9   1.0 999.0 999.0 99.0 99.00
2019 01 18 13 00  87  7.1  7.6 99.00 99.00 99.00 999 1020.8   1.0 999.0 999.0 99.0 99.00
2019 01 18 14 00  74  7.1  7.5 99.00 99.00 99.00 999 1020.5   0.9 999.0 999.0 99.0 99.00
2019 01 18 15 00  88  7.1  7.6 99.00 99.00 99.00 999 1020.4   1.3 999.0 999.0 99.0 99.00
2019 01 18 16 00  82  5.0  5.5 99.00 99.00 99.00 999 1020.2   1.7 999.0 999.0 99.0 99.00
2019 01 18 17 00  65  4.7  5.4 99.00 99.00 99.00 999 1019.1   1.8 999.0 999.0 99.0 99.00
2019 01 18 18 00  52  3.7  3.9 99.00 99.00 99.00 999 1018.0   1.9 999.0 999.0 99.0 99.00
2019 01 18 19 00  62  2.2  2.8 99.00 99.00 99.00 999 1017.6   2.0 999.0 999.0 99.0 99.00
2019 01 18 20 00  30  0.8  1.2 99.00 99.00 99.00 999 1017.8   2.3 999.0 999.0 99.0 99.00
2019 01 18 21 00  64  1.2  1.5 99.00 99.00 99.00 999 1017.2   2.3 999.0 999.0 99.0 99.00
2019 01 18 22 00 244  0.8  0.9 99.00 99.00 99.00 999 1018.1   2.2 999.0 999.0 99.0 99.00
2019 01 18 23 00 238  0.9  1.2 99.00 99.00 99.00 999 1018.5   2.5 999.0 999.0 99.0 99.00
2019 01 19 00 00 191  1.3  1.4 99.00 99.00 99.00 999 1018.0   2.8 999.0 999.0 99.0 99.00
2019 01 19 01 00 253  6.5  7.4 99.00 99.00 99.00 999 1018.2   4.2 999.0 999.0 99.0 99.00
2019 01 19 02 00 277  8.3  9.2 99.00 99.00 99.00 999 1018.8   3.7 999.0 999.0 99.0 99.00
2019 01 19 03 00 280  7.8  8.3 99.00 99.00 99.00 999 1019.6   3.7 999.0 999.0 99.0 99.00
2019 01 19 04 00 301  6.0  6.7 99.00 99.00 99.00 999 1020.1   3.3 999.0 999.0 99.0 99.00
2019 01 19 05 00 304  6.3  6.7 99.00 99.00 99.00 999 1020.7   3.2 999.0 999.0 99.0 99.00
2019 01 19 06 00 307  7.2  7.7 99.00 99.00 99.00 999 1021.1   2.6 999.0 999.0 99.0 99.00
2019 01 19 07 00 323  6.8  7.4 99.00 99.00 99.00 999 1021.4   2.2 999.0 999.0 99.0 99.00
2019 01 19 08 00 335  5.7  6.5 99.00 99.00 99.00 999 1021.7   2.0 999.0 999.0 99.0 99.00
2019 01 19 09 00 328  6.8  7.5 99.00 99.00 99.00 999 1022.6   1.8 999.0 999.0 99.0 99.00
2019 01 19 10 00 356  6.0  6.8 99.00 99.00 99.00 999 1022.6   1.2 999.0 999.0 99.0 99.00
2019 01 19 11 00   1  7.5  8.6 99.00 99.00 99.00 999 1023.3   0.8 999.0 999.0 99.0 99.00
2019 01 19 12 00   5  7.9  8.9 99.00 99.00 99.00 999 1024.2   0.7 999.0 999.0 99.0 99.00
2019 01 19 13 00  15  7.1  7.9 99.00 99.00 99.00 999 1024.5   0.2 999.0 999.0 99.0 99.00
2019 01 19 14 00  24  7.9  8.3 99.00 99.00 99.00 999 1024.5   0.3 999.0 999.0 99.0 99.00
2019 01 19 15 00  22  7.6  8.1 99.00 99.00 99.00 999 1025.9   0.4 999.0 999.0 99.0 99.00
2019 01 19 16 00  24  6.2  6.5 99.00 99.00 99.00 999 1025.7   0.9 999.0 999.0 99.0 99.00
2019 01 19 17 00  26  8.0  8.8 99.00 99.00 99.00 999 1025.4   1.4 999.0 999.0 99.0 99.00
2019 01 19 18 00  38 10.1 11.0 99.00 99.00 99.00 999 1024.2   0.6 999.0 999.0 99.0 99.00
2019 01 19 19 00  50  8.0  9.3 99.00 99.00 99.00 999 1023.7   0.2 999.0 999.0 99.0 99.00
2019 01 19 20 00  54  7.1  8.0 99.00 99.00 99.00 999 1023.0   0.2 999.0 999.0 99.0 99.00
2019 01 19 21 00  45  6.8  8.3 99.00 99.00 99.00 999 1023.3   0.5 999.0 999.0 99.0 99.00
2019 01 19 22 00  38  8.7  9.4 99.00 99.00 99.00 999 1023.3  -0.3 999.0 999.0 99.0 99.00
2019 01 19 23 00  40 10.7 11.9 99.00 99.00 99.00 999 1022.5   0.0 999.0 999.0 99.0 99.00
2019 01 20 00 00  48 10.2 11.4 99.00 99.00 99.00 999 1022.2   0.0 999.0 999.0 99.0 99.00
2019 01 20 01 00  71 10.8 12.6 99.00 99.00 99.00 999 1021.2   0.8 999.0 999.0 99.0 99.00
2019 01 20 02 00  83 12.0 13.3 99.00 99.00 99.00 999 1020.0   1.4 999.0 999.0 99.0 99.00
2019 01 20 03 00  88 12.9 14.7 99.00 99.00 99.00 999 1018.2   1.6 999.0 999.0 99.0 99.00
2019 01 20 04 00  84  8.8  9.8 99.00 99.00 99.00 999 1018.3   2.2 999.0 999.0 99.0 99.00
2019 01 20 05 00  73 11.5 13.0 99.00 99.00 99.00 999 1015.4   2.0 999.0 999.0 99.0 99.00
2019 01 20 06 00  78 14.2 15.3 99.00 99.00 99.00 999 1012.7   2.3 999.0 999.0 99.0 99.00
2019 01 20 07 00  80 12.1 13.2 99.00 99.00 99.00 999 1011.7   2.9 999.0 999.0 99.0 99.00
2019 01 20 08 00  67 11.0 11.7 99.00 99.00 99.00 999 1009.5   2.9 999.0 999.0 99.0 99.00
2019 01 20 09 00  46 13.2 14.4 99.00 99.00 99.00 999 1006.4   2.9 999.0 999.0 99.0 99.00
2019 01 20 10 00  21 12.4 13.5 99.00 99.00 99.00 999 1004.3   2.4 999.0 999.0 99.0 99.00
2019 01 20 11 00  51  9.7 11.1 99.00 99.00 99.00 999 1001.4   3.2 999.0 999.0 99.0 99.00
2019 01 20 12 00  31  6.5  7.3 99.00 99.00 99.00 999  998.8   4.9 999.0 999.0 99.0 99.00
2019 01 20 13 00  36  5.7  6.0 99.00 99.00 99.00 999  998.6   5.7 999.0 999.0 99.0 99.00
2019 01 20 14 00 117  1.8  2.4 99.00 99.00 99.00 999  997.2   9.0 999.0 999.0 99.0 99.00
2019 01 20 15 00 295  6.7  7.5 99.00 99.00 99.00 999  997.8   6.2 999.0 999.0 99.0 99.00
2019 01 20 16 00   1  5.9  6.7 99.00 99.00 99.00 999  995.4   4.6 999.0 999.0 99.0 99.00
2019 01 20 17 00  22  4.1  5.6 99.00 99.00 99.00 999  993.3   7.5 999.0 999.0 99.0 99.00
2019 01 20 18 00  58 10.0 10.6 99.00 99.00 99.00 999  989.5   3.8 999.0 999.0 99.0 99.00
2019 01 20 19 00 123  7.2  7.5 99.00 99.00 99.00 999  988.5   7.3 999.0 999.0 99.0 99.00
2019 01 20 20 00 161  9.6 10.8 99.00 99.00 99.00 999  987.6   8.8 999.0 999.0 99.0 99.00
2019 01 20 21 00 338 11.3 12.3 99.00 99.00 99.00 999  988.5   0.2 999.0 999.0 99.0 99.00
2019 01 20 22 00 351 11.7 12.8 99.00 99.00 99.00 999  990.4  -2.7 999.0 999.0 99.0 99.00
2019 01 20 23 00 330 10.8 11.9 99.00 99.00 99.00 999  991.9  -2.5 999.0 999.0 99.0 99.00
2019 01 21 00 00 326 10.3 12.0 99.00 99.00 99.00 999  994.1  -2.1 999.0 999.0 99.0 99.00
2019 01 21 01 00 313 14.0 15.0 99.00 99.00 99.00 999  995.0  -2.1 999.0 999.0 99.0 99.00
2019 01 21 02 00 300 12.8 14.4 99.00 99.00 99.00 999  996.7  -4.0 999.0 999.0 99.0 99.00
2019 01 21 03 00 299 14.4 16.7 99.00 99.00 99.00 999  998.5  -6.7 999.0 999.0 99.0 99.00
2019 01 21 04 00 306 15.2 16.8 99.00 99.00 99.00 999  999.4  -8.3 999.0 999.0 99.0 99.00
2019 01 21 05 00 311 13.5 15.1 99.00 99.00 99.00 999 1000.9  -9.6 999.0 999.0 99.0 99.00
2019 01 21 06 00 305 16.1 18.1 99.00 99.00 99.00 999 1001.5 -11.0 999.0 999.0 99.0 99.00
2019 01 21 07 00 308 18.1 20.8 99.00 99.00 99.00 999 1003.1 -12.4 999.0 999.0 99.0 99.00
2019 01 21 08 00 305 14.9 17.5 99.00 99.00 99.00 999 1004.1 -13.2 999.0 999.0 99.0 99.00
2019 01 21 09 00 291 15.2 16.9 99.00 99.00 99.00 999 1004.5 -13.7 999.0 999.0 99.0 99.00
2019 01 21 10 00 292 15.3 18.9 99.00 99.00 99.00 999 1005.5 -14.7 999.0 999.0 99.0 99.00
2019 01 21 11 00 295 16.5 18.7 99.00 99.00 99.00 999 1006.4 -14.9 999.0 999.0 99.0 99.00
2019 01 21 12 00 298 14.7 16.5 99.00 99.00 99.00 999 1007.3 -15.0 999.0 999.0 99.0 99.00
2019 01 21 13 00 299 14.5 16.4 99.00 99.00 99.00 999 1008.4 -14.9 999.0 999.0 99.0 99.00
2019 01 21 14 00 291 12.7 14.3 99.00 99.00 99.00 999 1009.8 -15.1 999.0 999.0 99.0 99.00
2019 01 21 15 00 289 13.1 15.1 99.00 99.00 99.00 999 1010.2 -15.3 999.0 999.0 99.0 99.00
2019 01 21 16 00 296 13.0 15.4 99.00 99.00 99.00 999 1010.5 -15.0 999.0 999.0 99.0 99.00
2019 01 21 17 00 308 13.3 14.5 99.00 99.00 99.00 999 1010.4 -15.4 999.0 999.0 99.0 99.00
2019 01 21 18 00 303 13.7 15.4 99.00 99.00 99.00 999 1010.2 -15.1 999.0 999.0 99.0 99.00
2019 01 21 19 00 311 12.6 15.6 99.00 99.00 99.00 999 1010.5 -15.0 999.0 999.0 99.0 99.00
2019 01 21 20 00 293 16.4 18.1 99.00 99.00 99.00 999 1011.4 -14.8 999.0 999.0 99.0 99.00
2019 01 21 21 00 305 15.1 17.7 99.00 99.00 99.00 999 1012.6 -14.6 999.0 999.0 99.0 99.00
2019 01 21 22 00 317 15.6 18.1 99.00 99.00 99.00 999 1013.8 -14.6 999.0 999.0 99.0 99.00
2019 01 21 23 00 317 16.2 19.8 99.00 99.00 99.00 999 1015.1 -14.1 999.0 999.0 99.0 99.00
2019 01 22 00 00 306 18.3 21.7 99.00 99.00 99.00 999 1016.1 -13.8 999.0 999.0 99.0 99.00
2019 01 22 01 00 309 15.5 17.9 99.00 99.00 99.00 999 1017.7 -13.4 999.0 999.0 99.0 99.00
2019 01 22 02 00 316 16.5 19.9 99.00 99.00 99.00 999 1018.7 -13.0 999.0 999.0 99.0 99.00
2019 01 22 03 00 314 17.7 20.1 99.00 99.00 99.00 999 1020.2 -13.3 999.0 999.0 99.0 99.00
2019 01 22 04 00 308 15.7 21.1 99.00 99.00 99.00 999 1021.5 -13.6 999.0 999.0 99.0 99.00
2019 01 22 05 00 309 17.1 19.5 99.00 99.00 99.00 999 1022.2 -13.3 999.0 999.0 99.0 99.00
2019 01 22 06 00 312 15.4 17.7 99.00 99.00 99.00 999 1023.1 -13.0 999.0 999.0 99.0 99.00
2019 01 22 07 00 304 16.6 19.2 99.00 99.00 99.00 999 1024.2 -12.7 999.0 999.0 99.0 99.00
2019 01 22 08 00 305 16.4 18.1 99.00 99.00 99.00 999 1024.9 -12.6 999.0 999.0 99.0 99.00
2019 01 22 09 00 314 13.4 16.5 99.00 99.00 99.00 999 1026.0 -12.0 999.0 999.0 99.0 99.00
2019 01 22 10 00 309 13.4 14.7 99.00 99.00 99.00 999 1027.9 -11.3 999.0 999.0 99.0 99.00
2019 01 22 11 00 311 16.8 18.1 99.00 99.00 99.00 999 1029.1 -11.1 999.0 999.0 99.0 99.00
2019 01 22 12 00 313 13.6 14.5 99.00 99.00 99.00 999 1030.8 -10.2 999.0 999.0 99.0 99.00
2019 01 22 13 00 311 14.5 16.5 99.00 99.00 99.00 999 1032.4  -9.4 999.0 999.0 99.0 99.00
2019 01 22 14 00 309 11.3 13.4 99.00 99.00 99.00 999 1033.5  -9.6 999.0 999.0 99.0 99.00
2019 01 22 15 00 309 11.0 12.5 99.00 99.00 99.00 999 1034.8  -8.8 999.0 999.0 99.0 99.00
2019 01 22 16 00 324 11.6 12.7 99.00 99.00 99.00 999 1034.1  -8.0 999.0 999.0 99.0 99.00
2019 01 22 17 00 320  9.2 10.7 99.00 99.00 99.00 999 1033.9  -6.7 999.0 999.0 99.0 99.00
2019 01 22 18 00 325  8.9 10.0 99.00 99.00 99.00 999 1033.4  -5.6 999.0 999.0 99.0 99.00
2019 01 22 19 00 315  8.3  9.7 99.00 99.00 99.00 999 1033.9  -4.6 999.0 999.0 99.0 99.00
2019 01 22 20 00 302  7.9  8.9 99.00 99.00 99.00 999 1034.7  -4.0 999.0 999.0 99.0 99.00
2019 01 22 21 00 308  8.1  9.6 99.00 99.00 99.00 999 1035.2  -3.4 999.0 999.0 99.0 99.00
2019 01 22 22 00 304  5.9  7.4 99.00 99.00 99.00 999 1035.6  -3.4 999.0 999.0 99.0 99.00
2019 01 22 23 00 310  6.5  7.1 99.00 99.00 99.00 999 1035.7  -3.2 999.0 999.0 99.0 99.00
2019 01 23 00 00 297  7.3  8.0 99.00 99.00 99.00 999 1036.5  -3.0 999.0 999.0 99.0 99.00
2019 01 23 01 00 274  7.5  8.8 99.00 99.00 99.00 999 1036.7  -2.7 999.0 999.0 99.0 99.00
2019 01 23 02 00 294  5.9  6.8 99.00 99.00 99.00 999 1035.9  -2.8 999.0 999.0 99.0 99.00
2019 01 23 03 00 283  6.3  7.1 99.00 99.00 99.00 999 1036.2  -2.5 999.0 999.0 99.0 99.00
2019 01 23 04 00 272  6.5  7.3 99.00 99.00 99.00 999 1035.9  -2.4 999.0 999.0 99.0 99.00
2019 01 23 05 00 285  4.2  4.6 99.00 99.00 99.00 999 1035.2  -2.4 999.0 999.0 99.0 99.00
2019 01 23 06 00 244  4.1  5.2 99.00 99.00 99.00 999 1034.7  -2.1 999.0 999.0 99.0 99.00
2019 01 23 07 00 259  3.6  4.5 99.00 99.00 99.00 999 1034.5  -2.0 999.0 999.0 99.0 99.00
2019 01 23 08 00 210  5.7  6.6 99.00 99.00 99.00 999 1033.2  -0.7 999.0 999.0 99.0 99.00
2019 01 23 09 00 219  7.7  8.8 99.00 99.00 99.00 999 1032.0   0.0 999.0 999.0 99.0 99.00
2019 01 23 10 00 215  9.0  9.9 99.00 99.00 99.00 999 1031.3   1.3 999.0 999.0 99.0 99.00
2019 01 23 11 00 219 12.5 13.4 99.00 99.00 99.00 999 1030.3   2.4 999.0 999.0 99.0 99.00
2019 01 23 12 00 215 13.3 14.3 99.00 99.00 99.00 999 1029.4   3.0 999.0 999.0 99.0 99.00
2019 01 23 13 00 222 12.3 13.7 99.00 99.00 99.00 999 1029.5   3.7 999.0 999.0 99.0 99.00
2019 01 23 14 00 215 12.6 13.3 99.00 99.00 99.00 999 1028.8   4.3 999.0 999.0 99.0 99.00
2019 01 23 15 00 219 11.7 12.8 99.00 99.00 99.00 999 1028.1   4.9 999.0 999.0 99.0 99.00
2019 01 23 16 00 218 10.6 11.6 99.00 99.00 99.00 999 1027.4   5.3 999.0 999.0 99.0 99.00
2019 01 23 17 00 214 10.9 11.9 99.00 99.00 99.00 999 1025.9   5.7 999.0 999.0 99.0 99.00
2019 01 23 18 00 210 11.3 12.0 99.00 99.00 99.00 999 1024.8   6.0 999.0 999.0 99.0 99.00
2019 01 23 19 00 212 11.0 11.6 99.00 99.00 99.00 999 1023.6   6.2 999.0 999.0 99.0 99.00
2019 01 23 20 00 212  9.8 10.2 99.00 99.00 99.00 999 1023.2   6.4 999.0 999.0 99.0 99.00
2019 01 23 21 00 200  9.6  9.8 99.00 99.00 99.00 999 1022.4   6.8 999.0 999.0 99.0 99.00
2019 01 23 22 00 191  7.3  7.4 99.00 99.00 99.00 999 1021.8   6.8 999.0 999.0 99.0 99.00
2019 01 23 23 00 182  5.4  5.7 99.00 99.00 99.00 999 1020.9   6.4 999.0 999.0 99.0 99.00
2019 01 24 00 00 190  6.9  7.1 99.00 99.00 99.00 999 1020.2   7.0 999.0 999.0 99.0 99.00
2019 01 24 01 00 194  6.6  7.1 99.00 99.00 99.00 999 1019.0   7.3 999.0 999.0 99.0 99.00
2019 01 24 02 00 208  9.7 10.2 99.00 99.00 99.00 999 1017.8   7.8 999.0 999.0 99.0 99.00
2019 01 24 03 00 206 11.5 12.5 99.00 99.00 99.00 999 1017.4   8.4 999.0 999.0 99.0 99.00
2019 01 24 04 00 198 14.8 15.9 99.00 99.00 99.00 999 1016.4   8.8 999.0 999.0 99.0 99.00
2019 01 24 05 00 193 14.3 15.1 99.00 99.00 99.00 999 1015.8   8.5 999.0 999.0 99.0 99.00
2019 01 24 06 00 198 11.8 12.7 99.00 99.00 99.00 999 1015.8   8.3 999.0 999.0 99.0 99.00
2019 01 24 07 00 201 11.1 12.1 99.00 99.00 99.00 999 1015.1   8.4 999.0 999.0 99.0 99.00
2019 01 24 08 00 192 13.9 15.1 99.00 99.00 99.00 999 1013.5   8.8 999.0 999.0 99.0 99.00
2019 01 24 09 00 188 14.3 15.4 99.00 99.00 99.00 999 1012.5   8.9 999.0 999.0 99.0 99.00
2019 01 24 10 00 192 16.6 17.9 99.00 99.00 99.00 999 1011.1   9.7 999.0 999.0 99.0 99.00
2019 01 24 11 00 190 16.2 17.7 99.00 99.00 99.00 999 1010.3   9.6 999.0 999.0 99.0 99.00
2019 01 24 12 00 186 17.5 19.2 99.00 99.00 99.00 999 1009.1   9.9 999.0 999.0 99.0 99.00
2019 01 24 13 00 180 18.3 20.0 99.00 99.00 99.00 999 1007.2  10.1 999.0 999.0 99.0 99.00
2019 01 24 14 00 182 16.4 17.8 99.00 99.00 99.00 999 1006.7   9.8 999.0 999.0 99.0 99.00
2019 01 24 15 00 175 15.9 17.1 99.00 99.00 99.00 999 1005.0   9.7 999.0 999.0 99.0 99.00
2019 01 24 16 00 171 17.6 18.4 99.00 99.00 99.00 999 1002.9   9.6 999.0 999.0 99.0 99.00
2019 01 24 17 00 175 16.4 17.7 99.00 99.00 99.00 999 1001.1   9.8 999.0 999.0 99.0 99.00
2019 01 24 18 00 177 17.3 18.9 99.00 99.00 99.00 999  998.8  10.1 999.0 999.0 99.0 99.00
2019 01 24 19 00 173 17.4 19.3 99.00 99.00 99.00 999  996.2  10.2 999.0 999.0 99.0 99.00
2019 01 24 20 00 168 20.4 22.3 99.00 99.00 99.00 999  993.1  10.8 999.0 999.0 99.0 99.00
2019 01 24 21 00 168 19.7 21.3 99.00 99.00 99.00 999  990.6  10.6 999.0 999.0 99.0 99.00
2019 01 24 22 00 208 15.9 18.0 99.00 99.00 99.00 999  990.6  11.1 999.0 999.0 99.0 99.00
2019 01 24 23 00 210 19.2 22.7 99.00 99.00 99.00 999  989.9  10.8 999.0 999.0 99.0 99.00
2019 01 25 00 00 298  6.9  7.4 99.00 99.00 99.00 999  991.3  10.2 999.0 999.0 99.0 99.00
2019 01 25 01 00 243 12.1 13.2 99.00 99.00 99.00 999  995.3   8.4 999.0 999.0 99.0 99.00
2019 01 25 02 00 269 14.4 15.6 99.00 99.00 99.00 999  997.8   6.8 999.0 999.0 99.0 99.00
2019 01 25 03 00 269 13.8 15.0 99.00 99.00 99.00 999  999.9   4.7 999.0 999.0 99.0 99.00
2019 01 25 04 00 281 12.3 13.6 99.00 99.00 99.00 999 1002.2   3.7 999.0 999.0 99.0 99.00
2019 01 25 05 00 284 14.1 15.8 99.00 99.00 99.00 999 1004.1   2.9 999.0 999.0 99.0 99.00
2019 01 25 06 00 281 12.4 15.1 99.00 99.00 99.00 999 1005.6   2.2 999.0 999.0 99.0 99.00
2019 01 25 07 00 288 12.1 13.0 99.00 99.00 99.00 999 1006.9   1.7 999.0 999.0 99.0 99.00
2019 01 25 08 00 285 10.1 10.9 99.00 99.00 99.00 999 1007.7   1.7 999.0 999.0 99.0 99.00
2019 01 25 09 00 278  8.6 10.2 99.00 99.00 99.00 999 1008.2   1.5 999.0 999.0 99.0 99.00
2019 01 25 10 00 271  8.3 10.0 99.00 99.00 99.00 999 1009.7   1.4 999.0 999.0 99.0 99.00
2019 01 25 11 00 274 11.1 12.3 99.00 99.00 99.00 999 1010.4   1.3 999.0 999.0 99.0 99.00
2019 01 25 12 00 290 10.2 11.7 99.00 99.00 99.00 999 1011.3   1.1 999.0 999.0 99.0 99.00
2019 01 25 13 00 282  9.6 10.2 99.00 99.00 99.00 999 1012.3   0.7 999.0 999.0 99.0 99.00
2019 01 25 14 00 286  9.9 11.3 99.00 99.00 99.00 999 1012.9   0.8 999.0 999.0 99.0 99.00
2019 01 25 15 00 273  9.0  9.9 99.00 99.00 99.00 999 1013.2   0.8 999.0 999.0 99.0 99.00
2019 01 25 16 00 264  7.2  7.8 99.00 99.00 99.00 999 1013.2   1.0 999.0 999.0 99.0 99.00
2019 01 25 17 00 241  8.2  8.8 99.00 99.00 99.00 999 1012.6   1.5 999.0 999.0 99.0 99.00
2019 01 25 18 00 243 12.1 13.1 99.00 99.00 99.00 999 1012.3   2.1 999.0 999.0 99.0 99.00
2019 01 25 19 00 254 14.1 16.1 99.00 99.00 99.00 999 1012.1   2.4 999.0 999.0 99.0 99.00
2019 01 25 20 00 248 13.7 15.7 99.00 99.00 99.00 999 1012.4   2.6 999.0 999.0 99.0 99.00
2019 01 25 21 00 255 13.2 14.5 99.00 99.00 99.00 999 1013.1   2.8 999.0 999.0 99.0 99.00
2019 01 25 22 00 246 13.6 15.6 99.00 99.00 99.00 999 1014.0   2.9 999.0 999.0 99.0 99.00
2019 01 25 23 00 245 16.3 17.8 99.00 99.00 99.00 999 1014.9   3.2 999.0 999.0 99.0 99.00
2019 01 26 00 00 272 15.0 16.4 99.00 99.00 99.00 999 1016.2   2.9 999.0 999.0 99.0 99.00
2019 01 26 01 00 276 16.2 17.3 99.00 99.00 99.00 999 1017.8   1.7 999.0 999.0 99.0 99.00
2019 01 26 02 00 285 13.7 14.8 99.00 99.00 99.00 999 1018.6   1.1 999.0 999.0 99.0 99.00
2019 01 26 03 00 287 11.0 12.9 99.00 99.00 99.00 999 1019.3   0.8 999.0 999.0 99.0 99.00
2019 01 26 04 00 282 10.5 11.9 99.00 99.00 99.00 999 1020.1   0.7 999.0 999.0 99.0 99.00
2019 01 26 05 00 278  9.0  9.8 99.00 99.00 99.00 999 1021.3   0.6 999.0 999.0 99.0 99.00
2019 01 26 06 00 283  7.0  7.7 99.00 99.00 99.00 999 1021.7   0.3 999.0 999.0 99.0 99.00
2019 01 26 07 00 297  6.2  6.7 99.00 99.00 99.00 999 1022.2  -0.1 999.0 999.0 99.0 99.00
2019 01 26 08 00 321  4.0  4.5 99.00 99.00 99.00 999 1022.6  -0.7 999.0 999.0 99.0 99.00
2019 01 26 09 00 332  3.2  3.8 99.00 99.00 99.00 999 1023.1  -1.3 999.0 999.0 99.0 99.00
2019 01 26 10 00 318  3.8  4.4 99.00 99.00 99.00 999 1023.3  -1.6 999.0 999.0 99.0 99.00
2019 01 26 11 00 318  4.9  5.3 99.00 99.00 99.00 999 1023.7  -1.8 999.0 999.0 99.0 99.00
2019 01 26 12 00 290  6.9  7.6 99.00 99.00 99.00 999 1024.2  -1.9 999.0 999.0 99.0 99.00
2019 01 26 13 00 276  7.2  8.4 99.00 99.00 99.00 999 1024.6  -2.0 999.0 999.0 99.0 99.00
2019 01 26 14 00 271  7.4  7.9 99.00 99.00 99.00 999 1024.9  -2.4 999.0 999.0 99.0 99.00
2019 01 26 15 00 244  5.7  6.8 99.00 99.00 99.00 999 1025.2  -2.5 999.0 999.0 99.0 99.00
2019 01 26 16 00 231  4.4  4.9 99.00 99.00 99.00 999 1025.3  -2.5 999.0 999.0 99.0 99.00
2019 01 26 17 00 219  6.8  7.7 99.00 99.00 99.00 999 1024.8  -1.7 999.0 999.0 99.0 99.00
2019 01 26 18 00 225  9.3 10.2 99.00 99.00 99.00 999 1024.4  -1.0 999.0 999.0 99.0 99.00
2019 01 26 19 00 225  8.2  9.7 99.00 99.00 99.00 999 1024.1  -0.8 999.0 999.0 99.0 99.00
2019 01 26 20 00 232  9.1 10.1 99.00 99.00 99.00 999 1024.1  -0.4 999.0 999.0 99.0 99.00
2019 01 26 21 00 228  9.3 10.0 99.00 99.00 99.00 999 1024.3  -0.2 999.0 999.0 99.0 99.00
2019 01 26 22 00 221  8.4  9.5 99.00 99.00 99.00 999 1024.5  -0.1 999.0 999.0 99.0 99.00
2019 01 26 23 00 245  7.2  8.0 99.00 99.00 99.00 999 1025.1   0.1 999.0 999.0 99.0 99.00
2019 01 27 00 00 248  6.0  6.7 99.00 99.00 99.00 999 1025.4   0.2 999.0 999.0 99.0 99.00
2019 01 27 01 00 249  4.0  4.3 99.00 99.00 99.00 999 1025.7   0.3 999.0 999.0 99.0 99.00
2019 01 27 02 00 273  3.0  3.5 99.00 99.00 99.00 999 1025.5   0.4 999.0 999.0 99.0 99.00
2019 01 27 03 00 308  2.8  3.2 99.00 99.00 99.00 999 1025.5   0.4 999.0 999.0 99.0 99.00
2019 01 27 04 00 307  2.2  2.6 99.00 99.00 99.00 999 1025.6   0.1 999.0 999.0 99.0 99.00
2019 01 27 05 00 341  1.0  1.1 99.00 99.00 99.00 999 1025.8   0.1 999.0 999.0 99.0 99.00
2019 01 27 06 00  41  1.2  1.5 99.00 99.00 99.00 999 1025.6   0.2 999.0 999.0 99.0 99.00
2019 01 27 07 00  77  2.5  2.8 99.00 99.00 99.00 999 1025.3   0.3 999.0 999.0 99.0 99.00
2019 01 27 08 00  77  4.5  5.3 99.00 99.00 99.00 999 1024.8   0.3 999.0 999.0 99.0 99.00
2019 01 27 09 00  93  5.6  6.1 99.00 99.00 99.00 999 1024.2   0.4 999.0 999.0 99.0 99.00
2019 01 27 10 00 100  8.4  9.0 99.00 99.00 99.00 999 1023.5   0.4 999.0 999.0 99.0 99.00
2019 01 27 11 00 115  7.5  8.1 99.00 99.00 99.00 999 1023.3   0.9 999.0 999.0 99.0 99.00
2019 01 27 12 00 127  7.1  7.6 99.00 99.00 99.00 999 1022.6   1.2 999.0 999.0 99.0 99.00
2019 01 27 13 00 130  9.5 10.2 99.00 99.00 99.00 999 1022.4   1.9 999.0 999.0 99.0 99.00
2019 01 27 14 00 121  9.3 10.3 99.00 99.00 99.00 999 1021.7   1.8 999.0 999.0 99.0 99.00
2019 01 27 15 00 122 10.1 11.4 99.00 99.00 99.00 999 1021.6   2.0 999.0 999.0 99.0 99.00
2019 01 27 16 00 123  9.2 10.0 99.00 99.00 99.00 999 1020.0   2.7 999.0 999.0 99.0 99.00
2019 01 27 17 00 144  9.4 10.2 99.00 99.00 99.00 999 1018.8   4.4 999.0 999.0 99.0 99.00
2019 01 27 18 00 160 10.6 11.3 99.00 99.00 99.00 999 1018.1   4.7 999.0 999.0 99.0 99.00
2019 01 27 19 00 165  8.2  8.6 99.00 99.00 99.00 999 1017.6   5.3 999.0 999.0 99.0 99.00
2019 01 27 20 00 178  9.0  9.8 99.00 99.00 99.00 999 1016.0   5.9 999.0 999.0 99.0 99.00
2019 01 27 21 00 189  9.6 10.4 99.00 99.00 99.00 999 1015.9   6.0 999.0 999.0 99.0 99.00
2019 01 27 22 00 185 11.3 11.8 99.00 99.00 99.00 999 1015.5   6.0 999.0 999.0 99.0 99.00
2019 01 27 23 00 192 10.8 11.5 99.00 99.00 99.00 999 1015.9   6.3 999.0 999.0 99.0 99.00
2019 01 28 00 00 197 10.9 11.6 99.00 99.00 99.00 999 1015.7   6.1 999.0 999.0 99.0 99.00
2019 01 28 01 00 200 10.0 11.2 99.00 99.00 99.00 999 1015.1   6.2 999.0 999.0 99.0 99.00
2019 01 28 02 00 207 11.5 12.0 99.00 99.00 99.00 999 1015.1   6.5 999.0 999.0 99.0 99.00
2019 01 28 03 00 210 11.6 12.5 99.00 99.00 99.00 999 1014.9   6.5 999.0 999.0 99.0 99.00
2019 01 28 04 00 225  9.8 10.6 99.00 99.00 99.00 999 1014.3   6.1 999.0 999.0 99.0 99.00
2019 01 28 05 00 252  7.6  7.9 99.00 99.00 99.00 999 1014.6   5.5 999.0 999.0 99.0 99.00
2019 01 28 06 00 268  6.1  6.4 99.00 99.00 99.00 999 1014.6   4.9 999.0 999.0 99.0 99.00
2019 01 28 07 00 277  4.2  4.7 99.00 99.00 99.00 999 1015.2   4.6 999.0 999.0 99.0 99.00
2019 01 28 08 00 306  5.4  6.3 99.00 99.00 99.00 999 1015.3   4.2 999.0 999.0 99.0 99.00
2019 01 28 09 00 312  6.4  7.2 99.00 99.00 99.00 999 1015.6   3.4 999.0 999.0 99.0 99.00
2019 01 28 10 00 348  9.1  9.6 99.00 99.00 99.00 999 1016.2   1.7 999.0 999.0 99.0 99.00
2019 01 28 11 00 342  8.0  8.5 99.00 99.00 99.00 999 1016.2   0.5 999.0 999.0 99.0 99.00
2019 01 28 12 00 354  9.3  9.9 99.00 99.00 99.00 999 1016.3   0.0 999.0 999.0 99.0 99.00
2019 01 28 13 00 359  7.3  8.5 99.00 99.00 99.00 999 1017.5  -0.9 999.0 999.0 99.0 99.00
2019 01 28 14 00 349  9.9 11.0 99.00 99.00 99.00 999 1018.4  -1.5 999.0 999.0 99.0 99.00
2019 01 28 15 00 340  9.7 11.6 99.00 99.00 99.00 999 1019.7  -1.5 999.0 999.0 99.0 99.00
2019 01 28 16 00   5  7.4  8.0 99.00 99.00 99.00 999 1019.2  -1.8 999.0 999.0 99.0 99.00
2019 01 28 17 00   6  6.7  7.8 99.00 99.00 99.00 999 1018.9  -1.4 999.0 999.0 99.0 99.00
2019 01 28 18 00  16  6.0  6.6 99.00 99.00 99.00 999 1018.1  -1.2 999.0 999.0 99.0 99.00
2019 01 28 19 00  19  5.8  6.5 99.00 99.00 99.00 999 1017.6  -0.9 999.0 999.0 99.0 99.00
2019 01 28 20 00  20  7.3  8.0 99.00 99.00 99.00 999 1017.6  -0.8 999.0 999.0 99.0 99.00
2019 01 28 21 00  24  7.7  8.3 99.00 99.00 99.00 999 1017.8  -1.2 999.0 999.0 99.0 99.00
2019 01 28 22 00  42 10.6 11.8 99.00 99.00 99.00 999 1017.6  -1.9 999.0 999.0 99.0 99.00
2019 01 28 23 00  31  9.3 10.6 99.00 99.00 99.00 999 1017.7  -2.1 999.0 999.0 99.0 99.00
2019 01 29 00 00  15  8.5  9.7 99.00 99.00 99.00 999 1017.2  -1.8 999.0 999.0 99.0 99.00
2019 01 29 01 00  23  7.5  8.3 99.00 99.00 99.00 999 1017.4  -1.6 999.0 999.0 99.0 99.00
2019 01 29 02 00  42  7.3  8.5 99.00 99.00 99.00 999 1017.9  -1.0 999.0 999.0 99.0 99.00
2019 01 29 03 00  50  7.9  8.4 99.00 99.00 99.00 999 1018.0  -1.0 999.0 999.0 99.0 99.00
2019 01 29 04 00  54  8.2  9.3 99.00 99.00 99.00 999 1018.2  -1.1 999.0 999.0 99.0 99.00
2019 01 29 05 00  50  8.3  9.0 99.00 99.00 99.00 999 1018.1  -1.1 999.0 999.0 99.0 99.00
2019 01 29 06 00  45  8.1  9.4 99.00 99.00 99.00 999 1018.0  -1.0 999.0 999.0 99.0 99.00
2019 01 29 07 00  41  5.5  6.6 99.00 99.00 99.00 999 1018.2  -1.0 999.0 999.0 99.0 99.00
2019 01 29 08 00 352  5.6  6.1 99.00 99.00 99.00 999 1018.6  -1.8 999.0 999.0 99.0 99.00
2019 01 29 09 00 353  5.1  5.7 99.00 99.00 99.00 999 1018.1  -2.3 999.0 999.0 99.0 99.00
2019 01 29 10 00  65  6.9  7.6 99.00 99.00 99.00 999 1018.1  -1.3 999.0 999.0 99.0 99.00
2019 01 29 11 00  59  7.1  7.7 99.00 99.00 99.00 999 1018.8  -1.3 999.0 999.0 99.0 99.00
2019 01 29 12 00  61  6.9  7.5 99.00 99.00 99.00 999 1019.3  -1.0 999.0 999.0 99.0 99.00
2019 01 29 13 00  58  7.9  8.4 99.00 99.00 99.00 999 1019.2  -1.0 999.0 999.0 99.0 99.00
2019 01 29 14 00  63  8.6  9.3 99.00 99.00 99.00 999 1019.1  -0.6 999.0 999.0 99.0 99.00
2019 01 29 15 00  74  9.9 10.5 99.00 99.00 99.00 999 1018.6  -0.3 999.0 999.0 99.0 99.00
2019 01 29 16 00  73  8.0  8.4 99.00 99.00 99.00 999 1018.5   0.0 999.0 999.0 99.0 99.00
2019 01 29 17 00  71  7.4  7.9 99.00 99.00 99.00 999 1017.5   0.5 999.0 999.0 99.0 99.00
2019 01 29 18 00  87  6.5  7.2 99.00 99.00 99.00 999 1016.9   1.3 999.0 999.0 99.0 99.00
2019 01 29 19 00 108  7.6  8.5 99.00 99.00 99.00 999 1016.4   1.5 999.0 999.0 99.0 99.00
2019 01 29 20 00 102  8.2  8.7 99.00 99.00 99.00 999 1016.1   1.5 999.0 999.0 99.0 99.00
2019 01 29 21 00 101  9.0  9.4 99.00 99.00 99.00 999 1015.3   1.8 999.0 999.0 99.0 99.00
2019 01 29 22 00 113  9.6 10.3 99.00 99.00 99.00 999 1014.1   2.1 999.0 999.0 99.0 99.00
2019 01 29 23 00 116 12.1 12.8 99.00 99.00 99.00 999 1013.8   2.5 999.0 999.0 99.0 99.00
2019 01 30 00 00 109 12.5 13.5 99.00 99.00 99.00 999 1012.6   2.6 999.0 999.0 99.0 99.00
2019 01 30 01 00 114 12.8 13.7 99.00 99.00 99.00 999 1011.8   2.9 999.0 999.0 99.0 99.00
2019 01 30 02 00 122 13.8 15.1 99.00 99.00 99.00 999 1010.9   3.3 999.0 999.0 99.0 99.00
2019 01 30 03 00 125 12.6 13.7 99.00 99.00 99.00 999 1010.2   3.4 999.0 999.0 99.0 99.00
2019 01 30 04 00 136  9.1 10.7 99.00 99.00 99.00 999 1010.0   3.7 999.0 999.0 99.0 99.00
2019 01 30 05 00 124  8.9  9.8 99.00 99.00 99.00 999 1008.9   4.0 999.0 999.0 99.0 99.00
2019 01 30 06 00 133 10.2 10.8 99.00 99.00 99.00 999 1007.9   4.3 999.0 999.0 99.0 99.00
2019 01 30 07 00 140  8.4  9.2 99.00 99.00 99.00 999 1007.0   4.7 999.0 999.0 99.0 99.00
2019 01 30 08 00 253  7.4  7.8 99.00 99.00 99.00 999 1007.1   3.8 999.0 999.0 99.0 99.00
2019 01 30 09 00 250 11.2 12.0 99.00 99.00 99.00 999 1006.9   3.1 999.0 999.0 99.0 99.00
2019 01 30 10 00 261 10.6 11.5 99.00 99.00 99.00 999 1007.6   2.8 999.0 999.0 99.0 99.00
2019 01 30 11 00 272 10.6 11.8 99.00 99.00 99.00 999 1007.7   2.0 999.0 999.0 99.0 99.00
2019 01 30 12 00 283  9.1 10.1 99.00 99.00 99.00 999 1008.2   1.2 999.0 999.0 99.0 99.00
2019 01 30 13 00 267 10.8 11.7 99.00 99.00 99.00 999 1008.7   0.8 999.0 999.0 99.0 99.00
2019 01 30 14 00 271  9.7 10.3 99.00 99.00 99.00 999 1009.5   0.3 999.0 999.0 99.0 99.00
2019 01 30 15 00 298  8.8  9.5 99.00 99.00 99.00 999 1010.5  -0.1 999.0 999.0 99.0 99.00
2019 01 30 16 00 271 10.0 11.7 99.00 99.00 99.00 999 1010.6  -0.9 999.0 999.0 99.0 99.00
2019 01 30 17 00 264  9.8 11.6 99.00 99.00 99.00 999 1010.0  -1.5 999.0 999.0 99.0 99.00
2019 01 30 18 00 248  9.6 10.6 99.00 99.00 99.00 999 1009.5  -1.3 999.0 999.0 99.0 99.00
2019 01 30 19 00 246 10.9 11.8 99.00 99.00 99.00 999 1009.2  -0.8 999.0 999.0 99.0 99.00
2019 01 30 20 00 254 13.6 14.6 99.00 99.00 99.00 999 1009.4  -1.0 999.0 999.0 99.0 99.00
2019 01 30 21 00 241  9.8 10.6 99.00 99.00 99.00 999 1010.0  -0.7 999.0 999.0 99.0 99.00
2019 01 30 22 00 237 13.5 14.9 99.00 99.00 99.00 999 1010.0  -0.1 999.0 999.0 99.0 99.00
2019 01 30 23 00 223 17.5 20.0 99.00 99.00 99.00 999 1008.9   1.0 999.0 999.0 99.0 99.00
2019 01 31 00 00 248 20.7 23.2 99.00 99.00 99.00 999 1009.3  -0.3 999.0 999.0 99.0 99.00
2019 01 31 01 00 262 19.8 22.3 99.00 99.00 99.00 999 1012.2  -4.3 999.0 999.0 99.0 99.00
2019 01 31 02 00 275 17.9 20.8 99.00 99.00 99.00 999 1013.7  -5.2 999.0 999.0 99.0 99.00
2019 01 31 03 00 311 17.9 19.2 99.00 99.00 99.00 999 1015.9  -9.3 999.0 999.0 99.0 99.00
2019 01 31 04 00 304 14.6 16.6 99.00 99.00 99.00 999 1018.4 -11.7 999.0 999.0 99.0 99.00
2019 01 31 05 00 303 14.4 15.8 99.00 99.00 99.00 999 1019.8 -12.3 999.0 999.0 99.0 99.00
2019 01 31 06 00 298 12.7 14.6 99.00 99.00 99.00 999 1020.8 -12.8 999.0 999.0 99.0 99.00
2019 01 31 07 00 290 12.4 14.0 99.00 99.00 99.00 999 1021.8 -13.0 999.0 999.0 99.0 99.00
2019 01 31 08 00 302 12.5 14.8 99.00 99.00 99.00 999 1022.5 -13.5 999.0 999.0 99.0 99.00
2019 01 31 09 00 298 11.7 14.1 99.00 99.00 99.00 999 1022.9 -13.1 999.0 999.0 99.0 99.00
2019 01 31 10 00 292 10.2 12.3 99.00 99.00 99.00 999 1023.9 -13.5 999.0 999.0 99.0 99.00
2019 01 31 11 00 283 10.1 12.0 99.00 99.00 99.00 999 1024.5 -13.6 999.0 999.0 99.0 99.00
2019 01 31 12 00 275 10.4 12.0 99.00 99.00 99.00 999 1025.5 -14.0 999.0 999.0 99.0 99.00
2019 01 31 13 00 302 11.0 13.3 99.00 99.00 99.00 999 1026.6 -13.6 999.0 999.0 99.0 99.00
2019 01 31 14 00 294 11.7 13.4 99.00 99.00 99.00 999 1027.3 -13.4 999.0 999.0 99.0 99.00
2019 01 31 15 00 281 10.0 12.3 99.00 99.00 99.00 999 1027.8 -13.0 999.0 999.0 99.0 99.00
2019 01 31 16 00 291  7.7  9.3 99.00 99.00 99.00 999 1027.7 -12.7 999.0 999.0 99.0 99.00
2019 01 31 17 00 294  6.3  8.6 99.00 99.00 99.00 999 1027.2 -12.0 999.0 999.0 99.0 99.00
2019 01 31 18 00 298  4.5  5.1 99.00 99.00 99.00 999 1026.4 -11.0 999.0 999.0 99.0 99.00
2019 01 31 19 00 260  5.5  5.9 99.00 99.00 99.00 999 1026.0 -10.7 999.0 999.0 99.0 99.00
2019 01 31 20 00 254  6.4  7.5 99.00 99.00 99.00 999 1025.6  -9.9 999.0 999.0 99.0 99.00
2019 01 31 21 00 243  8.0  9.1 99.00 99.00 99.00 999 1025.5  -9.3 999.0 999.0 99.0 99.00
2019 01 31 22 00 258 13.1 14.1 99.00 99.00 99.00 999 1025.4  -8.4 999.0 999.0 99.0 99.00
2019 01 31 23 00 245 11.5 13.4 99.00 99.00 99.00 999 1026.1  -7.9 999.0 999.0 99.0 99.00
