#YY  MM DD hh mm WDIR WSPD GST  WVHT   DPD   APD MWD   PRES  ATMP  WTMP  DEWP  VIS  TIDE
#yr  mo dy hr mn degT m/s  m/s     m   sec   sec deg    hPa  degC  degC  degC  nmi    ft
2019 12 01 00 00 321 10.0 11.6 99.00 99.00 99.00 999 1014.7   2.0 999.0 999.0 99.0 99.00
2019 12 01 01 00 333 10.7 12.1 99.00 99.00 99.00 999 1014.5   1.1 999.0 999.0 99.0 99.00
2019 12 01 02 00 338  9.5 10.6 99.00 99.00 99.00 999 1014.4   0.3 999.0 999.0 99.0 99.00
2019 12 01 03 00 356  9.1 10.0 99.00 99.00 99.00 999 1014.8  -0.4 999.0 999.0 99.0 99.00
2019 12 01 04 00 356  6.4  7.6 99.00 99.00 99.00 999 1015.4  -1.2 999.0 999.0 99.0 99.00
2019 12 01 05 00 350  7.1  7.9 99.00 99.00 99.00 999 1015.5  -1.6 999.0 999.0 99.0 99.00
2019 12 01 06 00 348  6.9  7.4 99.00 99.00 99.00 999 1016.0  -2.0 999.0 999.0 99.0 99.00
2019 12 01 07 00 357  7.4  8.2 99.00 99.00 99.00 999 1015.8  -2.5 999.0 999.0 99.0 99.00
2019 12 01 08 00 359  7.4  8.2 99.00 99.00 99.00 999 1016.4  -2.6 999.0 999.0 99.0 99.00
2019 12 01 09 00  10  6.3  7.2 99.00 99.00 99.00 999 1016.3  -2.5 999.0 999.0 99.0 99.00
2019 12 01 10 00  13  5.7  6.7 99.00 99.00 99.00 999 1016.9  -2.6 999.0 999.0 99.0 99.00
2019 12 01 11 00  30  4.7  5.8 99.00 99.00 99.00 999 1017.0  -2.5 999.0 999.0 99.0 99.00
2019 12 01 12 00  27  3.9  4.8 99.00 99.00 99.00 999 1017.1  -2.2 999.0 999.0 99.0 99.00
2019 12 01 13 00  23  4.2  4.8 99.00 99.00 99.00 999 1016.9  -1.8 999.0 999.0 99.0 99.00
2019 12 01 14 00  33  4.1  4.9 99.00 99.00 99.00 999 1016.8  -1.1 999.0 999.0 99.0 99.00
2019 12 01 15 00  79  2.8  3.8 99.00 99.00 99.00 999 1017.1   0.3 999.0 999.0 99.0 99.00
2019 12 01 16 00  70  5.1  5.7 99.00 99.00 99.00 999 1015.2   0.9 999.0 999.0 99.0 99.00
2019 12 01 17 00 101  4.9  6.6 99.00 99.00 99.00 999 1015.2   2.2 999.0 999.0 99.0 99.00
2019 12 01 18 00  87  4.6  5.8 99.00 99.00 99.00 999 1014.4   2.7 999.0 999.0 99.0 99.00
2019 12 01 19 00  81  4.6  5.3 99.00 99.00 99.00 999 1013.6   3.6 999.0 999.0 99.0 99.00
2019 12 01 20 00  81  5.4  6.5 99.00 99.00 99.00 999 1014.0   3.8 999.0 999.0 99.0 99.00
2019 12 01 21 00  66  8.6 10.8 99.00 99.00 99.00 999 1012.9   3.0 999.0 999.0 99.0 99.00
2019 12 01 22 00  86 10.1 11.7 99.00 99.00 99.00 999 1011.0   2.8 999.0 999.0 99.0 99.00
2019 12 01 23 00  90 10.9 11.7 99.00 99.00 99.00 999 1009.7   3.3 999.0 999.0 99.0 99.00
2019 12 02 00 00  70 12.4 14.0 99.00 99.00 99.00 999 1008.6   3.4 999.0 999.0 99.0 99.00
2019 12 02 01 00  64 15.2 16.9 99.00 99.00 99.00 999 1006.5   3.6 999.0 999.0 99.0 99.00
2019 12 02 02 00  56 17.0 18.9 99.00 99.00 99.00 999 1005.0   3.2 999.0 999.0 99.0 99.00
2019 12 02 03 00  53 16.3 17.6 99.00 99.00 99.00 999 1004.5   3.5 999.0 999.0 99.0 99.00
2019 12 02 04 00  54 17.2 18.5 99.00 99.00 99.00 999 1003.8   3.8 999.0 999.0 99.0 99.00
2019 12 02 05 00  50 18.0 19.9 99.00 99.00 99.00 999 1001.8   4.3 999.0 999.0 99.0 99.00
2019 12 02 06 00  51 16.3 18.7 99.00 99.00 99.00 999 1000.6   5.0 999.0 999.0 99.0 99.00
2019 12 02 07 00  53 18.8 22.0 99.00 99.00 99.00 999  999.0   5.0 999.0 999.0 99.0 99.00
2019 12 02 08 00  56 17.1 20.1 99.00 99.00 99.00 999  998.2   5.2 999.0 999.0 99.0 99.00
2019 12 02 09 00  53 18.0 20.4 99.00 99.00 99.00 999  997.9   5.3 999.0 999.0 99.0 99.00
2019 12 02 10 00  50 16.9 18.9 99.00 99.00 99.00 999  998.0   5.2 999.0 999.0 99.0 99.00
2019 12 02 11 00  49 18.0 20.6 99.00 99.00 99.00 999  997.4   5.5 999.0 999.0 99.0 99.00
2019 12 02 12 00  45 15.3 17.9 99.00 99.00 99.00 999  998.2   6.0 999.0 999.0 99.0 99.00
2019 12 02 13 00  47 15.3 16.5 99.00 99.00 99.00 999  998.7   6.0 999.0 999.0 99.0 99.00
2019 12 02 14 00  46 17.8 19.2 99.00 99.00 99.00 999  998.5   6.2 999.0 999.0 99.0 99.00
2019 12 02 15 00  41 16.9 19.0 99.00 99.00 99.00 999  998.1   6.3 999.0 999.0 99.0 99.00
2019 12 02 16 00  43 17.6 19.7 99.00 99.00 99.00 999  997.4   6.4 999.0 999.0 99.0 99.00
2019 12 02 17 00  39 17.9 20.5 99.00 99.00 99.00 999  995.9   6.4 999.0 999.0 99.0 99.00
2019 12 02 18 00  45 16.2 19.2 99.00 99.00 99.00 999  996.9   6.5 999.0 999.0 99.0 99.00
2019 12 02 19 00  43 17.2 19.4 99.00 99.00 99.00 999  996.7   6.3 999.0 999.0 99.0 99.00
2019 12 02 20 00  38 16.7 18.6 99.00 99.00 99.00 999  996.4   5.9 999.0 999.0 99.0 99.00
2019 12 02 21 00  31 17.1 19.6 99.00 99.00 99.00 999  995.4   5.9 999.0 999.0 99.0 99.00
2019 12 02 22 00  26 17.5 19.7 99.00 99.00 99.00 999  995.5   5.7 999.0 999.0 99.0 99.00
2019 12 02 23 00  21 15.6 17.7 99.00 99.00 99.00 999  995.8   5.6 999.0 999.0 99.0 99.00
2019 12 03 00 00  25 17.4 19.6 99.00 99.00 99.00 999  995.4   5.6 999.0 999.0 99.0 99.00
2019 12 03 01 00   8 15.2 16.7 99.00 99.00 99.00 999  994.5   5.0 999.0 999.0 99.0 99.00
2019 12 03 02 00   2 15.4 16.9 99.00 99.00 99.00 999  994.6   3.3 999.0 999.0 99.0 99.00
2019 12 03 03 00   2 17.1 18.0 99.00 99.00 99.00 999  994.3   2.1 999.0 999.0 99.0 99.00
2019 12 03 04 00 354 15.2 18.4 99.00 99.00 99.00 999  993.7   0.5 999.0 999.0 99.0 99.00
2019 12 03 05 00 358 16.0 17.6 99.00 99.00 99.00 999  992.8   0.6 999.0 999.0 99.0 99.00
2019 12 03 06 00 355 16.9 19.8 99.00 99.00 99.00 999  992.2   0.2 999.0 999.0 99.0 99.00
2019 12 03 07 00 357 16.6 18.4 99.00 99.00 99.00 999  991.7   0.0 999.0 999.0 99.0 99.00
2019 12 03 08 00   0 15.1 16.8 99.00 99.00 99.00 999  992.1  -0.2 999.0 999.0 99.0 99.00
2019 12 03 09 00 357 16.6 18.4 99.00 99.00 99.00 999  991.5  -0.5 999.0 999.0 99.0 99.00
2019 12 03 10 00 357 15.9 18.9 99.00 99.00 99.00 999  991.4  -0.8 999.0 999.0 99.0 99.00
2019 12 03 11 00 350 14.3 16.0 99.00 99.00 99.00 999  992.3  -0.8 999.0 999.0 99.0 99.00
2019 12 03 12 00 348 14.2 16.1 99.00 99.00 99.00 999  992.8  -1.1 999.0 999.0 99.0 99.00
2019 12 03 13 00 342 12.7 13.6 99.00 99.00 99.00 999  993.5  -0.8 999.0 999.0 99.0 99.00
2019 12 03 14 00 341 12.7 13.8 99.00 99.00 99.00 999  993.7  -0.6 999.0 999.0 99.0 99.00
2019 12 03 15 00 335 10.8 13.4 99.00 99.00 99.00 999  993.6  -0.2 999.0 999.0 99.0 99.00
2019 12 03 16 00 318 10.8 12.4 99.00 99.00 99.00 999  992.7   0.2 999.0 999.0 99.0 99.00
2019 12 03 17 00 312 11.5 13.3 99.00 99.00 99.00 999  992.0   0.4 999.0 999.0 99.0 99.00
2019 12 03 18 00 304 11.8 13.2 99.00 99.00 99.00 999  991.9   0.9 999.0 999.0 99.0 99.00
2019 12 03 19 00 301 12.0 14.0 99.00 99.00 99.00 999  992.2   1.4 999.0 999.0 99.0 99.00
2019 12 03 20 00 298 14.0 15.5 99.00 99.00 99.00 999  993.1   2.1 999.0 999.0 99.0 99.00
2019 12 03 21 00 313 13.8 16.0 99.00 99.00 99.00 999  993.8   2.5 999.0 999.0 99.0 99.00
2019 12 03 22 00 313 12.4 14.0 99.00 99.00 99.00 999  994.9   2.7 999.0 999.0 99.0 99.00
2019 12 03 23 00 310 11.9 13.1 99.00 99.00 99.00 999  995.7   2.8 999.0 999.0 99.0 99.00
2019 12 04 00 00 314 10.9 12.6 99.00 99.00 99.00 999  996.6   2.6 999.0 999.0 99.0 99.00
2019 12 04 01 00 295 10.8 11.5 99.00 99.00 99.00 999  997.1   2.3 999.0 999.0 99.0 99.00
2019 12 04 02 00 301 12.2 12.9 99.00 99.00 99.00 999  997.1   1.5 999.0 999.0 99.0 99.00
2019 12 04 03 00 304 11.3 13.0 99.00 99.00 99.00 999  997.4   1.8 999.0 999.0 99.0 99.00
2019 12 04 04 00 299  9.1 10.5 99.00 99.00 99.00 999  998.1   1.2 999.0 999.0 99.0 99.00
2019 12 04 05 00 287 10.2 12.8 99.00 99.00 99.00 999  998.8   1.0 999.0 999.0 99.0 99.00
2019 12 04 06 00 292 10.3 11.7 99.00 99.00 99.00 999  999.4   0.8 999.0 999.0 99.0 99.00
2019 12 04 07 00 297  7.7  9.3 99.00 99.00 99.00 999 1000.1   0.7 999.0 999.0 99.0 99.00
2019 12 04 08 00 300  7.1  8.0 99.00 99.00 99.00 999 1000.0   0.8 999.0 999.0 99.0 99.00
2019 12 04 09 00 282  5.9  6.3 99.00 99.00 99.00 999 1000.0   0.7 999.0 999.0 99.0 99.00
2019 12 04 10 00 294  6.4  7.3 99.00 99.00 99.00 999 1000.3   0.9 999.0 999.0 99.0 99.00
2019 12 04 11 00 271  4.7  5.8 99.00 99.00 99.00 999 1001.2   1.4 999.0 999.0 99.0 99.00
2019 12 04 12 00 263  6.2  6.5 99.00 99.00 99.00 999 1001.3   1.5 999.0 999.0 99.0 99.00
2019 12 04 13 00 281  5.3  5.9 99.00 99.00 99.00 999 1001.0   1.7 999.0 999.0 99.0 99.00
2019 12 04 14 00 277  5.6  6.6 99.00 99.00 99.00 999 1001.3   1.9 999.0 999.0 99.0 99.00
2019 12 04 15 00 272  7.1  7.9 99.00 99.00 99.00 999 1001.1   2.6 999.0 999.0 99.0 99.00
2019 12 04 16 00 276  7.2  8.7 99.00 99.00 99.00 999 1000.5   3.5 999.0 999.0 99.0 99.00
2019 12 04 17 00 279  7.9  9.1 99.00 99.00 99.00 999  999.6   3.7 999.0 999.0 99.0 99.00
2019 12 04 18 00 272  6.4  7.3 99.00 99.00 99.00 999  999.2   4.0 999.0 999.0 99.0 99.00
2019 12 04 19 00 286  4.1  4.5 99.00 99.00 99.00 999  998.6   4.2 999.0 999.0 99.0 99.00
2019 12 04 20 00 271  4.9  5.5 99.00 99.00 99.00 999  998.5   4.2 999.0 999.0 99.0 99.00
2019 12 04 21 00 255  5.4  6.1 99.00 99.00 99.00 999  998.5   4.3 999.0 999.0 99.0 99.00
2019 12 04 22 00 260  7.5  8.6 99.00 99.00 99.00 999  998.6   5.0 999.0 999.0 99.0 99.00
2019 12 04 23 00 272  8.4 10.5 99.00 99.00 99.00 999  999.0   4.4 999.0 999.0 99.0 99.00
2019 12 05 00 00 273  7.8  8.2 99.00 99.00 99.00 999  999.2   3.7 999.0 999.0 99.0 99.00
2019 12 05 01 00 294  6.8  7.5 99.00 99.00 99.00 999  999.1   3.5 999.0 999.0 99.0 99.00
2019 12 05 02 00 285  6.9  7.9 99.00 99.00 99.00 999  998.9   3.2 999.0 999.0 99.0 99.00
2019 12 05 03 00 292  7.3  7.9 99.00 99.00 99.00 999  999.0   3.6 999.0 999.0 99.0 99.00
2019 12 05 04 00 303  8.3  9.1 99.00 99.00 99.00 999  998.9   3.5 999.0 999.0 99.0 99.00
2019 12 05 05 00 313  6.8  7.4 99.00 99.00 99.00 999  998.8   3.1 999.0 999.0 99.0 99.00
2019 12 05 06 00 295  4.7  5.3 99.00 99.00 99.00 999  998.9   2.9 999.0 999.0 99.0 99.00
2019 12 05 07 00 270  6.3  7.0 99.00 99.00 99.00 999  999.2   2.8 999.0 999.0 99.0 99.00
2019 12 05 08 00 288  7.4  8.1 99.00 99.00 99.00 999  999.3   3.1 999.0 999.0 99.0 99.00
2019 12 05 09 00 289  6.8  7.3 99.00 99.00 99.00 999  999.6   3.0 999.0 999.0 99.0 99.00
2019 12 05 10 00 292  5.9  6.2 99.00 99.00 99.00 999 1000.1   3.0 999.0 999.0 99.0 99.00
2019 12 05 11 00 290  5.9  6.6 99.00 99.00 99.00 999 1001.1   3.2 999.0 999.0 99.0 99.00
2019 12 05 12 00 296  8.1  8.7 99.00 99.00 99.00 999 1001.8   3.9 999.0 999.0 99.0 99.00
2019 12 05 13 00 300  9.3 10.2 99.00 99.00 99.00 999 1002.4   4.2 999.0 999.0 99.0 99.00
2019 12 05 14 00 296  9.0 10.3 99.00 99.00 99.00 999 1003.0   3.9 999.0 999.0 99.0 99.00
2019 12 05 15 00 295 11.8 12.6 99.00 99.00 99.00 999 1003.6   4.5 999.0 999.0 99.0 99.00
2019 12 05 16 00 305 11.0 11.9 99.00 99.00 99.00 999 1003.7   5.2 999.0 999.0 99.0 99.00
2019 12 05 17 00 297 11.4 13.2 99.00 99.00 99.00 999 1003.8   5.7 999.0 999.0 99.0 99.00
2019 12 05 18 00 282 13.5 15.1 99.00 99.00 99.00 999 1003.9   5.6 999.0 999.0 99.0 99.00
2019 12 05 19 00 300 14.5 15.9 99.00 99.00 99.00 999 1004.2   5.8 999.0 999.0 99.0 99.00
2019 12 05 20 00 302 10.9 12.3 99.00 99.00 99.00 999 1005.9   5.6 999.0 999.0 99.0 99.00
2019 12 05 21 00 299 14.0 14.9 99.00 99.00 99.00 999 1006.9   5.2 999.0 999.0 99.0 99.00
2019 12 05 22 00 299 13.6 15.2 99.00 99.00 99.00 999 1008.6   4.7 999.0 999.0 99.0 99.00
2019 12 05 23 00 305 12.1 13.3 99.00 99.00 99.00 999 1010.4   4.4 999.0 999.0 99.0 99.00
2019 12 06 00 00 310 12.1 13.6 99.00 99.00 99.00 999 1011.3   3.7 999.0 999.0 99.0 99.00
2019 12 06 01 00 291 15.7 17.4 99.00 99.00 99.00 999 1011.6   3.6 999.0 999.0 99.0 99.00
2019 12 06 02 00 301 17.5 19.5 99.00 99.00 99.00 999 1012.6   2.5 999.0 999.0 99.0 99.00
2019 12 06 03 00 302 14.2 15.5 99.00 99.00 99.00 999 1013.7   2.2 999.0 999.0 99.0 99.00
2019 12 06 04 00 299 14.6 16.3 99.00 99.00 99.00 999 1014.6   1.9 999.0 999.0 99.0 99.00
2019 12 06 05 00 307 11.1 12.4 99.00 99.00 99.00 999 1015.6   1.5 999.0 999.0 99.0 99.00
2019 12 06 06 00 297 14.1 15.2 99.00 99.00 99.00 999 1016.5   1.2 999.0 999.0 99.0 99.00
2019 12 06 07 00 309 11.6 12.3 99.00 99.00 99.00 999 1017.8   0.8 999.0 999.0 99.0 99.00
2019 12 06 08 00 299 14.8 16.7 99.00 99.00 99.00 999 1018.3   0.7 999.0 999.0 99.0 99.00
2019 12 06 09 00 293 12.5 13.8 99.00 99.00 99.00 999 1018.9   0.8 999.0 999.0 99.0 99.00
2019 12 06 10 00 295 11.4 12.8 99.00 99.00 99.00 999 1019.1   0.7 999.0 999.0 99.0 99.00
2019 12 06 11 00 291  9.9 11.0 99.00 99.00 99.00 999 1019.9   1.0 999.0 999.0 99.0 99.00
2019 12 06 12 00 295  9.5 10.6 99.00 99.00 99.00 999 1020.0   1.5 999.0 999.0 99.0 99.00
2019 12 06 13 00 290  8.2  9.2 99.00 99.00 99.00 999 1020.6   1.6 999.0 999.0 99.0 99.00
2019 12 06 14 00 280  7.6  8.4 99.00 99.00 99.00 999 1020.6   2.1 999.0 999.0 99.0 99.00
2019 12 06 15 00 265  6.9  8.0 99.00 99.00 99.00 999 1020.7   2.5 999.0 999.0 99.0 99.00
2019 12 06 16 00 238  7.8  8.7 99.00 99.00 99.00 999 1019.4   3.1 999.0 999.0 99.0 99.00
2019 12 06 17 00 231  8.5  9.2 99.00 99.00 99.00 999 1018.3   3.5 999.0 999.0 99.0 99.00
2019 12 06 18 00 237  9.1 10.6 99.00 99.00 99.00 999 1017.2   4.1 999.0 999.0 99.0 99.00
2019 12 06 19 00 214  9.2  9.8 99.00 99.00 99.00 999 1015.9   5.7 999.0 999.0 99.0 99.00
2019 12 06 20 00 218 12.2 13.4 99.00 99.00 99.00 999 1014.5   7.6 999.0 999.0 99.0 99.00
2019 12 06 21 00 224 15.0 17.1 99.00 99.00 99.00 999 1014.1   8.7 999.0 999.0 99.0 99.00
2019 12 06 22 00 221 16.3 18.7 99.00 99.00 99.00 999 1013.0   9.6 999.0 999.0 99.0 99.00
2019 12 06 23 00 219 17.8 21.1 99.00 99.00 99.00 999 1012.0   9.8 999.0 999.0 99.0 99.00
2019 12 07 00 00 234 15.0 17.5 99.00 99.00 99.00 999 1012.7   9.9 999.0 999.0 99.0 99.00
2019 12 07 01 00 266 14.4 16.8 99.00 99.00 99.00 999 1013.4   9.5 999.0 999.0 99.0 99.00
2019 12 07 02 00 284 14.4 15.7 99.00 99.00 99.00 999 1014.0   8.7 999.0 999.0 99.0 99.00
2019 12 07 03 00 302 15.0 16.4 99.00 99.00 99.00 999 1015.3   7.4 999.0 999.0 99.0 99.00
2019 12 07 04 00 306 12.3 13.5 99.00 99.00 99.00 999 1016.6   5.8 999.0 999.0 99.0 99.00
2019 12 07 05 00 333 12.7 14.1 99.00 99.00 99.00 999 1017.6   3.7 999.0 999.0 99.0 99.00
2019 12 07 06 00 327 14.6 17.0 99.00 99.00 99.00 999 1018.6   2.5 999.0 999.0 99.0 99.00
2019 12 07 07 00 334  9.7 11.0 99.00 99.00 99.00 999 1019.8   1.9 999.0 999.0 99.0 99.00
2019 12 07 08 00 340 11.5 13.1 99.00 99.00 99.00 999 1020.5   1.4 999.0 999.0 99.0 99.00
2019 12 07 09 00 331 10.2 12.1 99.00 99.00 99.00 999 1021.5   1.0 999.0 999.0 99.0 99.00
2019 12 07 10 00 337 11.0 12.0 99.00 99.00 99.00 999 1022.7   0.3 999.0 999.0 99.0 99.00
2019 12 07 11 00 343 10.6 12.0 99.00 99.00 99.00 999 1023.5  -0.1 999.0 999.0 99.0 99.00
2019 12 07 12 00 350  9.9 10.8 99.00 99.00 99.00 999 1024.5  -0.8 999.0 999.0 99.0 99.00
2019 12 07 13 00 344  8.2  9.1 99.00 99.00 99.00 999 1025.8  -0.9 999.0 999.0 99.0 99.00
2019 12 07 14 00 321  5.7  6.8 99.00 99.00 99.00 999 1026.6  -1.0 999.0 999.0 99.0 99.00
2019 12 07 15 00 323  6.2  6.9 99.00 99.00 99.00 999 1026.9  -0.6 999.0 999.0 99.0 99.00
2019 12 07 16 00 329  5.8  6.6 99.00 99.00 99.00 999 1026.8  -0.4 999.0 999.0 99.0 99.00
2019 12 07 17 00 328  7.3  8.1 99.00 99.00 99.00 999 1026.4   0.0 999.0 999.0 99.0 99.00
2019 12 07 18 00 326  6.9  8.0 99.00 99.00 99.00 999 1026.2   0.7 999.0 999.0 99.0 99.00
2019 12 07 19 00 334  7.1  8.0 99.00 99.00 99.00 999 1026.4   1.2 999.0 999.0 99.0 99.00
2019 12 07 20 00 331  6.4  7.3 99.00 99.00 99.00 999 1027.1   1.5 999.0 999.0 99.0 99.00
2019 12 07 21 00 326  7.7  8.5 99.00 99.00 99.00 999 1027.8   1.2 999.0 999.0 99.0 99.00
2019 12 07 22 00 310  9.3 10.5 99.00 99.00 99.00 999 1028.6   0.9 999.0 999.0 99.0 99.00
2019 12 07 23 00 314  8.5  9.3 99.00 99.00 99.00 999 1029.6   0.5 999.0 999.0 99.0 99.00
2019 12 08 00 00 317  8.1  9.2 99.00 99.00 99.00 999 1030.3   0.2 999.0 999.0 99.0 99.00
2019 12 08 01 00 342  9.6 12.1 99.00 99.00 99.00 999 1030.8  -0.1 999.0 999.0 99.0 99.00
2019 12 08 02 00 346  7.7  9.2 99.00 99.00 99.00 999 1031.3  -0.4 999.0 999.0 99.0 99.00
2019 12 08 03 00 340  8.3  9.4 99.00 99.00 99.00 999 1031.8  -0.8 999.0 999.0 99.0 99.00
2019 12 08 04 00 354  7.5  8.1 99.00 99.00 99.00 999 1032.2  -1.2 999.0 999.0 99.0 99.00
2019 12 08 05 00 333  5.5  6.2 99.00 99.00 99.00 999 1032.4  -1.4 999.0 999.0 99.0 99.00
2019 12 08 06 00 345  5.6  6.5 99.00 99.00 99.00 999 1032.7  -1.6 999.0 999.0 99.0 99.00
2019 12 08 07 00 337  5.5  6.3 99.00 99.00 99.00 999 1033.2  -1.8 999.0 999.0 99.0 99.00
2019 12 08 08 00 346  5.3  6.2 99.00 99.00 99.00 999 1033.4  -2.0 999.0 999.0 99.0 99.00
2019 12 08 09 00 354  3.7  4.5 99.00 99.00 99.00 999 1033.5  -2.2 999.0 999.0 99.0 99.00
2019 12 08 10 00 347  4.0  4.7 99.00 99.00 99.00 999 1033.6  -2.5 999.0 999.0 99.0 99.00
2019 12 08 11 00   0  4.2  4.9 99.00 99.00 99.00 999 1034.1  -2.5 999.0 999.0 99.0 99.00
2019 12 08 12 00 349  2.8  3.4 99.00 99.00 99.00 999 1034.8  -2.5 999.0 999.0 99.0 99.00
2019 12 08 13 00 350  2.1  2.7 99.00 99.00 99.00 999 1035.2  -2.1 999.0 999.0 99.0 99.00
2019 12 08 14 00 211  0.5  0.9 99.00 99.00 99.00 999 1035.6   0.0 999.0 999.0 99.0 99.00
2019 12 08 15 00 157  0.8  1.1 99.00 99.00 99.00 999 1035.1  -0.6 999.0 999.0 99.0 99.00
2019 12 08 16 00 136  2.4  2.8 99.00 99.00 99.00 999 1034.4   0.0 999.0 999.0 99.0 99.00
2019 12 08 17 00 201  5.4  6.2 99.00 99.00 99.00 999 1033.5   1.3 999.0 999.0 99.0 99.00
2019 12 08 18 00 203  6.5  7.6 99.00 99.00 99.00 999 1032.9   2.1 999.0 999.0 99.0 99.00
2019 12 08 19 00 215  7.1  8.2 99.00 99.00 99.00 999 1032.4   2.6 999.0 999.0 99.0 99.00
2019 12 08 20 00 210  9.0 10.3 99.00 99.00 99.00 999 1031.9   3.3 999.0 999.0 99.0 99.00
2019 12 08 21 00 201  9.7 10.9 99.00 99.00 99.00 999 1031.9   4.2 999.0 999.0 99.0 99.00
2019 12 08 22 00 206 11.0 11.8 99.00 99.00 99.00 999 1031.7   4.8 999.0 999.0 99.0 99.00
2019 12 08 23 00 192 10.9 11.7 99.00 99.00 99.00 999 1031.2   5.6 999.0 999.0 99.0 99.00
2019 12 09 00 00 203 11.2 12.4 99.00 99.00 99.00 999 1030.9   6.5 999.0 999.0 99.0 99.00
2019 12 09 01 00 205 11.8 12.9 99.00 99.00 99.00 999 1030.3   7.1 999.0 999.0 99.0 99.00
2019 12 09 02 00 204 12.5 13.5 99.00 99.00 99.00 999 1029.5   7.5 999.0 999.0 99.0 99.00
2019 12 09 03 00 206 11.5 13.5 99.00 99.00 99.00 999 1029.4   7.8 999.0 999.0 99.0 99.00
2019 12 09 04 00 201 12.8 14.1 99.00 99.00 99.00 999 1028.9   8.3 999.0 999.0 99.0 99.00
2019 12 09 05 00 198 11.8 12.8 99.00 99.00 99.00 999 1028.1   8.5 999.0 999.0 99.0 99.00
2019 12 09 06 00 196 11.6 12.3 99.00 99.00 99.00 999 1027.4   8.9 999.0 999.0 99.0 99.00
2019 12 09 07 00 193 10.5 11.5 99.00 99.00 99.00 999 1026.9   9.4 999.0 999.0 99.0 99.00
2019 12 09 08 00 200 10.4 11.0 99.00 99.00 99.00 999 1026.3   9.8 999.0 999.0 99.0 99.00
2019 12 09 09 00 195  7.1  7.5 99.00 99.00 99.00 999 1025.8  10.1 999.0 999.0 99.0 99.00
2019 12 09 10 00 177  9.2 12.5 99.00 99.00 99.00 999 1025.2  10.4 999.0 999.0 99.0 99.00
2019 12 09 11 00 187  7.4  7.8 99.00 99.00 99.00 999 1024.7   9.9 999.0 999.0 99.0 99.00
2019 12 09 12 00 177 10.0 10.8 99.00 99.00 99.00 999 1023.7  10.4 999.0 999.0 99.0 99.00
2019 12 09 13 00 189  7.9  8.4 99.00 99.00 99.00 999 1023.8  10.4 999.0 999.0 99.0 99.00
2019 12 09 14 00 155  8.3  8.6 99.00 99.00 99.00 999 1022.8  10.5 999.0 999.0 99.0 99.00
2019 12 09 15 00 161 11.4 11.9 99.00 99.00 99.00 999 1021.8  10.4 999.0 999.0 99.0 99.00
2019 12 09 16 00 163 11.2 12.2 99.00 99.00 99.00 999 1020.5  10.8 999.0 999.0 99.0 99.00
2019 12 09 17 00 163 12.0 12.9 99.00 99.00 99.00 999 1018.9  11.0 999.0 999.0 99.0 99.00
2019 12 09 18 00 182 10.5 12.0 99.00 99.00 99.00 999 1018.2  11.1 999.0 999.0 99.0 99.00
2019 12 09 19 00 153 10.6 10.9 99.00 99.00 99.00 999 1016.4  10.9 999.0 999.0 99.0 99.00
2019 12 09 20 00 177  9.8 10.3 99.00 99.00 99.00 999 1015.7  11.2 999.0 999.0 99.0 99.00
2019 12 09 21 00 180 11.6 12.1 99.00 99.00 99.00 999 1014.5  11.6 999.0 999.0 99.0 99.00
2019 12 09 22 00 184 14.5 16.6 99.00 99.00 99.00 999 1012.7  12.1 999.0 999.0 99.0 99.00
2019 12 09 23 00 187 15.0 15.9 99.00 99.00 99.00 999 1012.0  12.3 999.0 999.0 99.0 99.00
2019 12 10 00 00 210 12.8 13.5 99.00 99.00 99.00 999 1011.7  12.6 999.0 999.0 99.0 99.00
2019 12 10 01 00 199 10.9 11.5 99.00 99.00 99.00 999 1011.1  12.4 999.0 999.0 99.0 99.00
2019 12 10 02 00 203 13.0 14.4 99.00 99.00 99.00 999 1009.4  12.8 999.0 999.0 99.0 99.00
2019 12 10 03 00 195 15.8 17.2 99.00 99.00 99.00 999 1008.3  13.0 999.0 999.0 99.0 99.00
2019 12 10 04 00 197 18.5 19.9 99.00 99.00 99.00 999 1006.6  13.5 999.0 999.0 99.0 99.00
2019 12 10 05 00 207 16.9 18.2 99.00 99.00 99.00 999 1006.8  13.2 999.0 999.0 99.0 99.00
2019 12 10 06 00 215 13.6 14.7 99.00 99.00 99.00 999 1007.6  12.5 999.0 999.0 99.0 99.00
2019 12 10 07 00 213 14.3 15.3 99.00 99.00 99.00 999 1007.8  12.6 999.0 999.0 99.0 99.00
2019 12 10 08 00 214 13.0 13.7 99.00 99.00 99.00 999 1007.8  12.5 999.0 999.0 99.0 99.00
2019 12 10 09 00 215 13.2 14.1 99.00 99.00 99.00 999 1008.0  12.4 999.0 999.0 99.0 99.00
2019 12 10 10 00 234 10.8 11.1 99.00 99.00 99.00 999 1008.7  12.0 999.0 999.0 99.0 99.00
2019 12 10 11 00 232  8.8  9.0 99.00 99.00 99.00 999 1009.1  11.5 999.0 999.0 99.0 99.00
2019 12 10 12 00 219  9.2  9.6 99.00 99.00 99.00 999 1008.9  11.6 999.0 999.0 99.0 99.00
2019 12 10 13 00 223  7.5  8.2 99.00 99.00 99.00 999 1009.7  11.4 999.0 999.0 99.0 99.00
2019 12 10 14 00 222  8.9  9.3 99.00 99.00 99.00 999 1010.0  11.7 999.0 999.0 99.0 99.00
2019 12 10 15 00 226  9.7 10.5 99.00 99.00 99.00 999 1010.1  11.7 999.0 999.0 99.0 99.00
2019 12 10 16 00 229  9.3  9.7 99.00 99.00 99.00 999 1009.8  11.5 999.0 999.0 99.0 99.00
2019 12 10 17 00 220  8.9  9.3 99.00 99.00 99.00 999 1008.8  11.4 999.0 999.0 99.0 99.00
2019 12 10 18 00 223 10.0 10.5 99.00 99.00 99.00 999 1008.0  11.6 999.0 999.0 99.0 99.00
2019 12 10 19 00 232 11.8 12.4 99.00 99.00 99.00 999 1008.9  11.6 999.0 999.0 99.0 99.00
2019 12 10 20 00 225 11.6 12.1 99.00 99.00 99.00 999 1009.4  11.0 999.0 999.0 99.0 99.00
2019 12 10 21 00 226 10.2 10.8 99.00 99.00 99.00 999 1009.7  10.7 999.0 999.0 99.0 99.00
2019 12 10 22 00 230 10.0 10.6 99.00 99.00 99.00 999 1010.6  10.5 999.0 999.0 99.0 99.00
2019 12 10 23 00 237 11.1 11.9 99.00 99.00 99.00 999 1011.5  10.5 999.0 999.0 99.0 99.00
2019 12 11 00 00 234  9.7 10.1 99.00 99.00 99.00 999 1012.7  10.6 999.0 999.0 99.0 99.00
2019 12 11 01 00 229 10.0 10.6 99.00 99.00 99.00 999 1013.1  10.6 999.0 999.0 99.0 99.00
2019 12 11 02 00 242  7.9  8.3 99.00 99.00 99.00 999 1013.3  10.4 999.0 999.0 99.0 99.00
2019 12 11 03 00 312  7.8  8.6 99.00 99.00 99.00 999 1016.4   7.5 999.0 999.0 99.0 99.00
2019 12 11 04 00 314  6.1  6.7 99.00 99.00 99.00 999 1017.3   7.5 999.0 999.0 99.0 99.00
2019 12 11 05 00 316  6.2  6.9 99.00 99.00 99.00 999 1018.2   6.4 999.0 999.0 99.0 99.00
2019 12 11 06 00 336  8.4  9.5 99.00 99.00 99.00 999 1017.9   5.3 999.0 999.0 99.0 99.00
2019 12 11 07 00 337  8.0  8.5 99.00 99.00 99.00 999 1018.5   4.6 999.0 999.0 99.0 99.00
2019 12 11 08 00 349  8.8  9.6 99.00 99.00 99.00 999 1019.0   3.8 999.0 999.0 99.0 99.00
2019 12 11 09 00 327  8.7  9.5 99.00 99.00 99.00 999 1020.0   3.2 999.0 999.0 99.0 99.00
2019 12 11 10 00 335  8.2  8.8 99.00 99.00 99.00 999 1021.4   2.2 999.0 999.0 99.0 99.00
2019 12 11 11 00 359  7.6  8.4 99.00 99.00 99.00 999 1021.8   1.0 999.0 999.0 99.0 99.00
2019 12 11 12 00 348  9.1  9.9 99.00 99.00 99.00 999 1022.7   0.4 999.0 999.0 99.0 99.00
2019 12 11 13 00 350 10.0 10.6 99.00 99.00 99.00 999 1023.7  -0.3 999.0 999.0 99.0 99.00
2019 12 11 14 00 330 10.2 11.3 99.00 99.00 99.00 999 1024.9  -0.9 999.0 999.0 99.0 99.00
2019 12 11 15 00 329  7.2  7.9 99.00 99.00 99.00 999 1025.3  -1.4 999.0 999.0 99.0 99.00
2019 12 11 16 00 338  8.1  9.9 99.00 99.00 99.00 999 1024.7  -1.8 999.0 999.0 99.0 99.00
2019 12 11 17 00 321  6.1  6.5 99.00 99.00 99.00 999 1024.7  -1.5 999.0 999.0 99.0 99.00
2019 12 11 18 00 325  4.9  5.6 99.00 99.00 99.00 999 1023.4  -1.2 999.0 999.0 99.0 99.00
2019 12 11 19 00 319  4.9  5.8 99.00 99.00 99.00 999 1023.3  -0.7 999.0 999.0 99.0 99.00
2019 12 11 20 00 308  6.9  8.2 99.00 99.00 99.00 999 1023.5   0.0 999.0 999.0 99.0 99.00
2019 12 11 21 00 309  5.5  6.4 99.00 99.00 99.00 999 1024.4   0.6 999.0 999.0 99.0 99.00
2019 12 11 22 00 285  7.5  8.2 99.00 99.00 99.00 999 1025.1   1.2 999.0 999.0 99.0 99.00
2019 12 11 23 00 290  7.6  8.3 99.00 99.00 99.00 999 1025.8   1.3 999.0 999.0 99.0 99.00
2019 12 12 00 00 282  8.5  9.7 99.00 99.00 99.00 999 1026.6   1.7 999.0 999.0 99.0 99.00
2019 12 12 01 00 274 12.7 13.7 99.00 99.00 99.00 999 1026.5   2.5 999.0 999.0 99.0 99.00
2019 12 12 02 00 274 12.8 15.0 99.00 99.00 99.00 999 1026.4   3.0 999.0 999.0 99.0 99.00
2019 12 12 03 00 286 14.5 16.3 99.00 99.00 99.00 999 1026.8   2.7 999.0 999.0 99.0 99.00
2019 12 12 04 00 297 15.0 17.0 99.00 99.00 99.00 999 1027.8   1.7 999.0 999.0 99.0 99.00
2019 12 12 05 00 302 13.0 14.0 99.00 99.00 99.00 999 1029.2   1.1 999.0 999.0 99.0 99.00
2019 12 12 06 00 308 11.5 13.2 99.00 99.00 99.00 999 1030.6   0.7 999.0 999.0 99.0 99.00
2019 12 12 07 00 315 12.3 13.4 99.00 99.00 99.00 999 1032.2  -0.1 999.0 999.0 99.0 99.00
2019 12 12 08 00 328  8.8 10.0 99.00 99.00 99.00 999 1033.0  -1.3 999.0 999.0 99.0 99.00
2019 12 12 09 00 317 12.0 13.7 99.00 99.00 99.00 999 1034.2  -1.9 999.0 999.0 99.0 99.00
2019 12 12 10 00 321 11.4 13.2 99.00 99.00 99.00 999 1035.2  -2.2 999.0 999.0 99.0 99.00
2019 12 12 11 00 331 11.3 12.7 99.00 99.00 99.00 999 1036.4  -2.1 999.0 999.0 99.0 99.00
2019 12 12 12 00 331  9.9 11.5 99.00 99.00 99.00 999 1037.7  -2.3 999.0 999.0 99.0 99.00
2019 12 12 13 00 320 10.1 11.2 99.00 99.00 99.00 999 1039.0  -2.3 999.0 999.0 99.0 99.00
2019 12 12 14 00 338  8.6 11.0 99.00 99.00 99.00 999 1040.2  -2.3 999.0 999.0 99.0 99.00
2019 12 12 15 00 350  8.5  9.7 99.00 99.00 99.00 999 1040.5  -2.4 999.0 999.0 99.0 99.00
2019 12 12 16 00 352  5.3  6.2 99.00 99.00 99.00 999 1040.3  -2.0 999.0 999.0 99.0 99.00
2019 12 12 17 00 339  5.7  6.5 99.00 99.00 99.00 999 1039.9  -2.0 999.0 999.0 99.0 99.00
2019 12 12 18 00 341  4.5  5.5 99.00 99.00 99.00 999 1039.7  -1.3 999.0 999.0 99.0 99.00
2019 12 12 19 00 334  2.1  2.9 99.00 99.00 99.00 999 1039.2  -0.9 999.0 999.0 99.0 99.00
2019 12 12 20 00 341  2.3  3.1 99.00 99.00 99.00 999 1039.8  -0.5 999.0 999.0 99.0 99.00
2019 12 12 21 00 345  2.5  2.9 99.00 99.00 99.00 999 1039.9  -0.3 999.0 999.0 99.0 99.00
2019 12 12 22 00  14  1.7  2.2 99.00 99.00 99.00 999 1040.3  -0.3 999.0 999.0 99.0 99.00
2019 12 12 23 00 114  1.4  1.8 99.00 99.00 99.00 999 1040.8  -0.1 999.0 999.0 99.0 99.00
2019 12 13 00 00  96  0.9  2.0 99.00 99.00 99.00 999 1040.9   0.0 999.0 999.0 99.0 99.00
2019 12 13 01 00 123  1.1  1.6 99.00 99.00 99.00 999 1040.6   0.1 999.0 999.0 99.0 99.00
2019 12 13 02 00 109  3.8  4.6 99.00 99.00 99.00 999 1040.0   0.0 999.0 999.0 99.0 99.00
2019 12 13 03 00 125  2.7  3.3 99.00 99.00 99.00 999 1040.1   0.5 999.0 999.0 99.0 99.00
2019 12 13 04 00 129  3.6  4.1 99.00 99.00 99.00 999 1039.5   0.7 999.0 999.0 99.0 99.00
2019 12 13 05 00 157  4.8  6.5 99.00 99.00 99.00 999 1038.7   1.8 999.0 999.0 99.0 99.00
2019 12 13 06 00 148  5.6  6.5 99.00 99.00 99.00 999 1038.1   2.1 999.0 999.0 99.0 99.00
2019 12 13 07 00 153  5.7  6.5 99.00 99.00 99.00 999 1038.0   2.7 999.0 999.0 99.0 99.00
2019 12 13 08 00 160  6.8  7.6 99.00 99.00 99.00 999 1037.4   3.3 999.0 999.0 99.0 99.00
2019 12 13 09 00 147  6.8  7.4 99.00 99.00 99.00 999 1036.5   3.7 999.0 999.0 99.0 99.00
2019 12 13 10 00 130  9.8 11.2 99.00 99.00 99.00 999 1034.7   4.1 999.0 999.0 99.0 99.00
2019 12 13 11 00 131  9.2 10.1 99.00 99.00 99.00 999 1034.4   4.6 999.0 999.0 99.0 99.00
2019 12 13 12 00 137  9.8 10.7 99.00 99.00 99.00 999 1033.8   5.2 999.0 999.0 99.0 99.00
2019 12 13 13 00 142  9.6 10.8 99.00 99.00 99.00 999 1033.2   5.9 999.0 999.0 99.0 99.00
2019 12 13 14 00 141 11.0 12.0 99.00 99.00 99.00 999 1032.2   6.6 999.0 999.0 99.0 99.00
2019 12 13 15 00 140  9.6 10.7 99.00 99.00 99.00 999 1032.0   7.4 999.0 999.0 99.0 99.00
2019 12 13 16 00 134 10.0 10.9 99.00 99.00 99.00 999 1030.9   7.9 999.0 999.0 99.0 99.00
2019 12 13 17 00 127  7.9  9.1 99.00 99.00 99.00 999 1029.5   8.0 999.0 999.0 99.0 99.00
2019 12 13 18 00 129  4.7  5.0 99.00 99.00 99.00 999 1029.1   8.2 999.0 999.0 99.0 99.00
2019 12 13 19 00  76  2.6  2.9 99.00 99.00 99.00 999 1028.6   8.1 999.0 999.0 99.0 99.00
2019 12 13 20 00  88  5.2  5.3 99.00 99.00 99.00 999 1027.7   8.5 999.0 999.0 99.0 99.00
2019 12 13 21 00  69  4.8  5.4 99.00 99.00 99.00 999 1026.9   7.5 999.0 999.0 99.0 99.00
2019 12 13 22 00  79  7.3  7.5 99.00 99.00 99.00 999 1026.1   7.8 999.0 999.0 99.0 99.00
2019 12 13 23 00  93  6.1  6.8 99.00 99.00 99.00 999 1025.0   8.2 999.0 999.0 99.0 99.00
2019 12 14 00 00 117  7.5  8.0 99.00 99.00 99.00 999 1024.4   8.9 999.0 999.0 99.0 99.00
2019 12 14 01 00 112  8.1  9.1 99.00 99.00 99.00 999 1023.0   9.1 999.0 999.0 99.0 99.00
2019 12 14 02 00 110  8.8  9.4 99.00 99.00 99.00 999 1021.5   8.8 999.0 999.0 99.0 99.00
2019 12 14 03 00 112  9.7 10.5 99.00 99.00 99.00 999 1019.9   9.0 999.0 999.0 99.0 99.00
2019 12 14 04 00 112  9.0  9.8 99.00 99.00 99.00 999 1018.5   9.5 999.0 999.0 99.0 99.00
2019 12 14 05 00 112 10.2 11.0 99.00 99.00 99.00 999 1016.4   9.6 999.0 999.0 99.0 99.00
2019 12 14 06 00 112 13.4 14.8 99.00 99.00 99.00 999 1013.8  10.1 999.0 999.0 99.0 99.00
2019 12 14 07 00 111 17.1 18.8 99.00 99.00 99.00 999 1010.6  10.4 999.0 999.0 99.0 99.00
2019 12 14 08 00 114 13.3 15.4 99.00 99.00 99.00 999 1009.2  10.5 999.0 999.0 99.0 99.00
2019 12 14 09 00 124 14.6 16.0 99.00 99.00 99.00 999 1007.0  10.5 999.0 999.0 99.0 99.00
2019 12 14 10 00 121 14.5 16.0 99.00 99.00 99.00 999 1005.1  10.6 999.0 999.0 99.0 99.00
2019 12 14 11 00 124 12.6 14.2 99.00 99.00 99.00 999 1003.7  11.0 999.0 999.0 99.0 99.00
2019 12 14 12 00 130 10.7 11.2 99.00 99.00 99.00 999 1002.6  11.0 999.0 999.0 99.0 99.00
2019 12 14 13 00 137 11.0 11.8 99.00 99.00 99.00 999 1001.2  12.0 999.0 999.0 99.0 99.00
2019 12 14 14 00 133  9.7 10.0 99.00 99.00 99.00 999  999.1  12.6 999.0 999.0 99.0 99.00
2019 12 14 15 00 171 11.8 12.4 99.00 99.00 99.00 999  996.4  12.7 999.0 999.0 99.0 99.00
2019 12 14 16 00 193 12.9 13.6 99.00 99.00 99.00 999  996.3  12.0 999.0 999.0 99.0 99.00
2019 12 14 17 00 195 10.0 10.5 99.00 99.00 99.00 999  995.2  12.1 999.0 999.0 99.0 99.00
2019 12 14 18 00 194  7.5  7.8 99.00 99.00 99.00 999  994.7  11.9 999.0 999.0 99.0 99.00
2019 12 14 19 00 175  8.7  9.5 99.00 99.00 99.00 999  993.1  11.7 999.0 999.0 99.0 99.00
2019 12 14 20 00 180 10.7 11.2 99.00 99.00 99.00 999  992.5  12.2 999.0 999.0 99.0 99.00
2019 12 14 21 00 180  9.8 10.6 99.00 99.00 99.00 999  991.9  12.1 999.0 999.0 99.0 99.00
2019 12 14 22 00 180 12.1 12.6 99.00 99.00 99.00 999  990.5  12.5 999.0 999.0 99.0 99.00
2019 12 14 23 00 186 11.2 11.8 99.00 99.00 99.00 999  990.2  12.0 999.0 999.0 99.0 99.00
2019 12 15 00 00 191 11.8 12.2 99.00 99.00 99.00 999  989.7  12.3 999.0 999.0 99.0 99.00
2019 12 15 01 00 219 12.7 13.5 99.00 99.00 99.00 999  989.4  11.7 999.0 999.0 99.0 99.00
2019 12 15 02 00 214 15.2 16.6 99.00 99.00 99.00 999  989.1  11.0 999.0 999.0 99.0 99.00
2019 12 15 03 00 229 15.9 18.2 99.00 99.00 99.00 999  989.7  10.1 999.0 999.0 99.0 99.00
2019 12 15 04 00 230 16.4 17.9 99.00 99.00 99.00 999  990.0   9.7 999.0 999.0 99.0 99.00
2019 12 15 05 00 237 17.3 19.4 99.00 99.00 99.00 999  990.4   9.8 999.0 999.0 99.0 99.00
2019 12 15 06 00 241 15.2 17.4 99.00 99.00 99.00 999  991.6   9.1 999.0 999.0 99.0 99.00
2019 12 15 07 00 251 18.7 21.8 99.00 99.00 99.00 999  992.5   7.6 999.0 999.0 99.0 99.00
2019 12 15 08 00 262 17.5 20.2 99.00 99.00 99.00 999  994.1   7.0 999.0 999.0 99.0 99.00
2019 12 15 09 00 262 14.4 15.8 99.00 99.00 99.00 999  995.7   6.9 999.0 999.0 99.0 99.00
2019 12 15 10 00 261 17.6 19.7 99.00 99.00 99.00 999  996.9   6.9 999.0 999.0 99.0 99.00
2019 12 15 11 00 263 16.9 18.5 99.00 99.00 99.00 999  998.3   6.7 999.0 999.0 99.0 99.00
2019 12 15 12 00 266 17.3 19.5 99.00 99.00 99.00 999  999.8   6.7 999.0 999.0 99.0 99.00
2019 12 15 13 00 267 17.3 19.1 99.00 99.00 99.00 999 1001.0   7.0 999.0 999.0 99.0 99.00
2019 12 15 14 00 262 16.7 18.4 99.00 99.00 99.00 999 1002.5   6.9 999.0 999.0 99.0 99.00
2019 12 15 15 00 266 14.3 16.3 99.00 99.00 99.00 999 1003.9   7.2 999.0 999.0 99.0 99.00
2019 12 15 16 00 268 14.6 17.9 99.00 99.00 99.00 999 1004.0   7.7 999.0 999.0 99.0 99.00
2019 12 15 17 00 254 18.0 19.9 99.00 99.00 99.00 999 1004.1   7.4 999.0 999.0 99.0 99.00
2019 12 15 18 00 255 17.1 18.8 99.00 99.00 99.00 999 1004.6   7.6 999.0 999.0 99.0 99.00
2019 12 15 19 00 269 16.0 17.7 99.00 99.00 99.00 999 1005.9   7.8 999.0 999.0 99.0 99.00
2019 12 15 20 00 260 16.4 18.0 99.00 99.00 99.00 999 1006.7   7.5 999.0 999.0 99.0 99.00
2019 12 15 21 00 267 14.4 16.7 99.00 99.00 99.00 999 1008.0   7.4 999.0 999.0 99.0 99.00
2019 12 15 22 00 270 16.2 18.0 99.00 99.00 99.00 999 1009.6   6.9 999.0 999.0 99.0 99.00
2019 12 15 23 00 270 16.3 18.7 99.00 99.00 99.00 999 1011.2   6.6 999.0 999.0 99.0 99.00
2019 12 16 00 00 284 12.9 14.7 99.00 99.00 99.00 999 1012.8   6.2 999.0 999.0 99.0 99.00
2019 12 16 01 00 305 14.0 15.3 99.00 99.00 99.00 999 1014.3   5.1 999.0 999.0 99.0 99.00
2019 12 16 02 00 299 13.6 14.8 99.00 99.00 99.00 999 1015.4   4.2 999.0 999.0 99.0 99.00
2019 12 16 03 00 297 14.6 16.2 99.00 99.00 99.00 999 1016.9   3.7 999.0 999.0 99.0 99.00
2019 12 16 04 00 306 14.3 15.5 99.00 99.00 99.00 999 1018.3   2.5 999.0 999.0 99.0 99.00
2019 12 16 05 00 305 13.6 15.3 99.00 99.00 99.00 999 1018.7   1.8 999.0 999.0 99.0 99.00
2019 12 16 06 00 308 11.1 11.9 99.00 99.00 99.00 999 1019.9   1.2 999.0 999.0 99.0 99.00
2019 12 16 07 00 293 11.4 12.8 99.00 99.00 99.00 999 1020.7   0.9 999.0 999.0 99.0 99.00
2019 12 16 08 00 292 11.6 13.2 99.00 99.00 99.00 999 1021.8   0.9 999.0 999.0 99.0 99.00
2019 12 16 09 00 286 10.1 11.2 99.00 99.00 99.00 999 1022.3   0.5 999.0 999.0 99.0 99.00
2019 12 16 10 00 294 10.2 11.2 99.00 99.00 99.00 999 1022.5   0.3 999.0 999.0 99.0 99.00
2019 12 16 11 00 296  8.8  9.8 99.00 99.00 99.00 999 1023.2   0.2 999.0 999.0 99.0 99.00
2019 12 16 12 00 293  9.7 11.5 99.00 99.00 99.00 999 1023.5   0.2 999.0 999.0 99.0 99.00
2019 12 16 13 00 290  8.9 10.2 99.00 99.00 99.00 999 1024.1   0.1 999.0 999.0 99.0 99.00
2019 12 16 14 00 281  7.4 10.0 99.00 99.00 99.00 999 1024.7   0.0 999.0 999.0 99.0 99.00
2019 12 16 15 00 282  6.0  7.2 99.00 99.00 99.00 999 1024.8   0.0 999.0 999.0 99.0 99.00
2019 12 16 16 00 289  6.9  8.0 99.00 99.00 99.00 999 1024.3   0.1 999.0 999.0 99.0 99.00
2019 12 16 17 00 292  6.4  7.2 99.00 99.00 99.00 999 1023.8   0.1 999.0 999.0 99.0 99.00
2019 12 16 18 00 281  6.6  7.3 99.00 99.00 99.00 999 1023.6   0.3 999.0 999.0 99.0 99.00
2019 12 16 19 00 301  7.3  8.0 99.00 99.00 99.00 999 1023.1   0.6 999.0 999.0 99.0 99.00
2019 12 16 20 00 295  6.2  7.1 99.00 99.00 99.00 999 1023.7   0.8 999.0 999.0 99.0 99.00
2019 12 16 21 00 302  5.6  6.3 99.00 99.00 99.00 999 1023.9   0.8 999.0 999.0 99.0 99.00
2019 12 16 22 00 310  4.9  5.9 99.00 99.00 99.00 999 1023.8   0.9 999.0 999.0 99.0 99.00
2019 12 16 23 00 308  3.5  4.0 99.00 99.00 99.00 999 1024.0   0.9 999.0 999.0 99.0 99.00
2019 12 17 00 00 310  4.8  5.4 99.00 99.00 99.00 999 1024.1   1.0 999.0 999.0 99.0 99.00
2019 12 17 01 00 335  4.5  5.3 99.00 99.00 99.00 999 1023.5   0.9 999.0 999.0 99.0 99.00
2019 12 17 02 00 339  3.8  4.6 99.00 99.00 99.00 999 1023.4   0.9 999.0 999.0 99.0 99.00
2019 12 17 03 00 345  3.0  3.4 99.00 99.00 99.00 999 1022.9   0.8 999.0 999.0 99.0 99.00
2019 12 17 04 00 358  3.2  3.9 99.00 99.00 99.00 999 1022.6   0.8 999.0 999.0 99.0 99.00
2019 12 17 05 00  28  2.9  3.5 99.00 99.00 99.00 999 1021.8   0.8 999.0 999.0 99.0 99.00
2019 12 17 06 00  62  2.1  2.5 99.00 99.00 99.00 999 1021.6   1.0 999.0 999.0 99.0 99.00
2019 12 17 07 00  66  4.2  4.8 99.00 99.00 99.00 999 1021.0   0.9 999.0 999.0 99.0 99.00
2019 12 17 08 00  36  4.8  5.4 99.00 99.00 99.00 999 1020.7   0.3 999.0 999.0 99.0 99.00
2019 12 17 09 00  61  5.5  5.9 99.00 99.00 99.00 999 1019.9  -1.1 999.0 999.0 99.0 99.00
2019 12 17 10 00  53  8.0  8.5 99.00 99.00 99.00 999 1018.6  -0.6 999.0 999.0 99.0 99.00
2019 12 17 11 00  60  7.6  8.4 99.00 99.00 99.00 999 1017.5   0.1 999.0 999.0 99.0 99.00
2019 12 17 12 00  43  9.7 11.0 99.00 99.00 99.00 999 1017.3   0.3 999.0 999.0 99.0 99.00
2019 12 17 13 00  52 10.0 11.4 99.00 99.00 99.00 999 1015.1   0.5 999.0 999.0 99.0 99.00
2019 12 17 14 00  63  8.8  9.8 99.00 99.00 99.00 999 1014.3   1.2 999.0 999.0 99.0 99.00
2019 12 17 15 00  64 10.3 11.3 99.00 99.00 99.00 999 1012.7   1.5 999.0 999.0 99.0 99.00
2019 12 17 16 00  60 10.0 11.2 99.00 99.00 99.00 999 1010.4   2.0 999.0 999.0 99.0 99.00
2019 12 17 17 00  55  9.1 10.2 99.00 99.00 99.00 999 1008.3   2.5 999.0 999.0 99.0 99.00
2019 12 17 18 00  36 10.1 10.7 99.00 99.00 99.00 999 1006.6   2.7 999.0 999.0 99.0 99.00
2019 12 17 19 00  31  8.6  9.6 99.00 99.00 99.00 999 1005.5   2.7 999.0 999.0 99.0 99.00
2019 12 17 20 00  33 10.7 11.5 99.00 99.00 99.00 999 1004.2   3.1 999.0 999.0 99.0 99.00
2019 12 17 21 00  45  9.9 11.1 99.00 99.00 99.00 999 1003.4   4.1 999.0 999.0 99.0 99.00
2019 12 17 22 00 354  7.3  8.0 99.00 99.00 99.00 999 1003.8   3.3 999.0 999.0 99.0 99.00
2019 12 17 23 00  27  8.7  9.7 99.00 99.00 99.00 999 1002.2   3.9 999.0 999.0 99.0 99.00
2019 12 18 00 00   2  7.1  7.8 99.00 99.00 99.00 999 1001.9   3.6 999.0 999.0 99.0 99.00
2019 12 18 01 00   9  7.1  8.3 99.00 99.00 99.00 999 1001.5   4.4 999.0 999.0 99.0 99.00
2019 12 18 02 00 353  8.4  9.3 99.00 99.00 99.00 999 1001.7   3.5 999.0 999.0 99.0 99.00
2019 12 18 03 00 351  9.5 10.2 99.00 99.00 99.00 999 1001.8   3.5 999.0 999.0 99.0 99.00
2019 12 18 04 00 339  9.3 10.2 99.00 99.00 99.00 999 1002.5   3.0 999.0 999.0 99.0 99.00
2019 12 18 05 00 348 11.4 12.6 99.00 99.00 99.00 999 1002.2   1.0 999.0 999.0 99.0 99.00
2019 12 18 06 00 343 11.4 12.5 99.00 99.00 99.00 999 1002.3   0.4 999.0 999.0 99.0 99.00
2019 12 18 07 00 338 10.5 11.6 99.00 99.00 99.00 999 1004.4   0.1 999.0 999.0 99.0 99.00
2019 12 18 08 00 337 11.5 12.7 99.00 99.00 99.00 999 1004.0  -0.3 999.0 999.0 99.0 99.00
2019 12 18 09 00 342 11.7 13.2 99.00 99.00 99.00 999 1004.2  -0.3 999.0 999.0 99.0 99.00
2019 12 18 10 00 338 12.8 14.2 99.00 99.00 99.00 999 1005.0  -0.3 999.0 999.0 99.0 99.00
2019 12 18 11 00 341 12.3 13.7 99.00 99.00 99.00 999 1006.2   0.0 999.0 999.0 99.0 99.00
2019 12 18 12 00 337 10.5 11.7 99.00 99.00 99.00 999 1006.9   0.3 999.0 999.0 99.0 99.00
2019 12 18 13 00 342 10.4 12.0 99.00 99.00 99.00 999 1007.5   0.2 999.0 999.0 99.0 99.00
2019 12 18 14 00 334 10.6 11.5 99.00 99.00 99.00 999 1008.0   0.3 999.0 999.0 99.0 99.00
2019 12 18 15 00 330  6.9  7.6 99.00 99.00 99.00 999 1008.6   0.6 999.0 999.0 99.0 99.00
2019 12 18 16 00 318  8.1  9.2 99.00 99.00 99.00 999 1008.0   1.1 999.0 999.0 99.0 99.00
2019 12 18 17 00 298  6.5  7.4 99.00 99.00 99.00 999 1007.4   2.2 999.0 999.0 99.0 99.00
2019 12 18 18 00 292  7.2  8.6 99.00 99.00 99.00 999 1007.0   2.6 999.0 999.0 99.0 99.00
2019 12 18 19 00 282  8.3  9.4 99.00 99.00 99.00 999 1006.8   2.4 999.0 999.0 99.0 99.00
2019 12 18 20 00 282  8.0  8.5 99.00 99.00 99.00 999 1007.3   2.1 999.0 999.0 99.0 99.00
2019 12 18 21 00 299  9.2 10.6 99.00 99.00 99.00 999 1007.6   2.1 999.0 999.0 99.0 99.00
2019 12 18 22 00 277  7.6  8.6 99.00 99.00 99.00 999 1007.8   2.0 999.0 999.0 99.0 99.00
2019 12 18 23 00 276 12.5 13.8 99.00 99.00 99.00 999 1008.4   1.6 999.0 999.0 99.0 99.00
2019 12 19 00 00 284 11.5 12.6 99.00 99.00 99.00 999 1009.0   1.2 999.0 999.0 99.0 99.00
2019 12 19 01 00 286 12.1 13.7 99.00 99.00 99.00 999 1009.3   0.6 999.0 999.0 99.0 99.00
2019 12 19 02 00 303 16.1 18.0 99.00 99.00 99.00 999 1009.7  -0.6 999.0 999.0 99.0 99.00
2019 12 19 03 00 310 15.2 16.7 99.00 99.00 99.00 999 1010.4  -1.7 999.0 999.0 99.0 99.00
2019 12 19 04 00 304 15.9 18.4 99.00 99.00 99.00 999 1011.4  -3.0 999.0 999.0 99.0 99.00
2019 12 19 05 00 307 14.9 16.3 99.00 99.00 99.00 999 1011.7  -3.8 999.0 999.0 99.0 99.00
2019 12 19 06 00 298 17.5 20.5 99.00 99.00 99.00 999 1012.2  -4.8 999.0 999.0 99.0 99.00
2019 12 19 07 00 293 17.9 19.8 99.00 99.00 99.00 999 1013.3  -5.6 999.0 999.0 99.0 99.00
2019 12 19 08 00 294 22.7 25.4 99.00 99.00 99.00 999 1013.5  -7.1 999.0 999.0 99.0 99.00
2019 12 19 09 00 301 18.4 20.5 99.00 99.00 99.00 999 1015.2  -8.1 999.0 999.0 99.0 99.00
2019 12 19 10 00 303 18.2 22.9 99.00 99.00 99.00 999 1016.2  -8.7 999.0 999.0 99.0 99.00
2019 12 19 11 00 301 19.2 20.9 99.00 99.00 99.00 999 1017.5  -8.8 999.0 999.0 99.0 99.00
2019 12 19 12 00 301 15.3 17.9 99.00 99.00 99.00 999 1018.7  -8.3 999.0 999.0 99.0 99.00
2019 12 19 13 00 307 14.5 16.3 99.00 99.00 99.00 999 1020.1  -8.7 999.0 999.0 99.0 99.00
2019 12 19 14 00 309 12.6 14.3 99.00 99.00 99.00 999 1021.0  -8.0 999.0 999.0 99.0 99.00
2019 12 19 15 00 296 12.6 14.1 99.00 99.00 99.00 999 1021.5  -7.8 999.0 999.0 99.0 99.00
2019 12 19 16 00 301 15.1 16.9 99.00 99.00 99.00 999 1021.4  -6.7 999.0 999.0 99.0 99.00
2019 12 19 17 00 300 13.5 15.2 99.00 99.00 99.00 999 1021.9  -7.0 999.0 999.0 99.0 99.00
2019 12 19 18 00 294 14.5 17.3 99.00 99.00 99.00 999 1021.2  -6.4 999.0 999.0 99.0 99.00
2019 12 19 19 00 294 12.1 13.4 99.00 99.00 99.00 999 1022.3  -5.0 999.0 999.0 99.0 99.00
2019 12 19 20 00 297 12.7 14.6 99.00 99.00 99.00 999 1022.9  -4.9 999.0 999.0 99.0 99.00
2019 12 19 21 00 285 12.9 14.6 99.00 99.00 99.00 999 1023.8  -5.0 999.0 999.0 99.0 99.00
2019 12 19 22 00 303 14.7 16.1 99.00 99.00 99.00 999 1024.3  -4.9 999.0 999.0 99.0 99.00
2019 12 19 23 00 299 14.1 15.8 99.00 99.00 99.00 999 1025.1  -5.1 999.0 999.0 99.0 99.00
2019 12 20 00 00 302 13.0 15.0 99.00 99.00 99.00 999 1025.5  -5.3 999.0 999.0 99.0 99.00
2019 12 20 01 00 298 11.8 12.9 99.00 99.00 99.00 999 1025.9  -5.8 999.0 999.0 99.0 99.00
2019 12 20 02 00 293 13.5 15.1 99.00 99.00 99.00 999 1026.0  -5.9 999.0 999.0 99.0 99.00
2019 12 20 03 00 301 12.9 14.4 99.00 99.00 99.00 999 1026.5  -6.2 999.0 999.0 99.0 99.00
2019 12 20 04 00 305 11.9 14.4 99.00 99.00 99.00 999 1026.7  -6.2 999.0 999.0 99.0 99.00
2019 12 20 05 00 303 11.1 12.9 99.00 99.00 99.00 999 1026.7  -6.4 999.0 999.0 99.0 99.00
2019 12 20 06 00 300 10.8 12.0 99.00 99.00 99.00 999 1026.7  -6.3 999.0 999.0 99.0 99.00
2019 12 20 07 00 304 11.4 13.7 99.00 99.00 99.00 999 1027.2  -6.5 999.0 999.0 99.0 99.00
2019 12 20 08 00 294 11.5 13.2 99.00 99.00 99.00 999 1027.2  -6.2 999.0 999.0 99.0 99.00
2019 12 20 09 00 305 10.2 12.4 99.00 99.00 99.00 999 1027.9  -6.4 999.0 999.0 99.0 99.00
2019 12 20 10 00 304 11.5 13.1 99.00 99.00 99.00 999 1028.0  -6.5 999.0 999.0 99.0 99.00
2019 12 20 11 00 303 10.6 12.6 99.00 99.00 99.00 999 1028.4  -6.7 999.0 999.0 99.0 99.00
2019 12 20 12 00 315 11.0 13.5 99.00 99.00 99.00 999 1029.1  -6.5 999.0 999.0 99.0 99.00
2019 12 20 13 00 323 10.0 11.7 99.00 99.00 99.00 999 1029.9  -6.6 999.0 999.0 99.0 99.00
2019 12 20 14 00 336 10.1 10.8 99.00 99.00 99.00 999 1030.3  -6.7 999.0 999.0 99.0 99.00
2019 12 20 15 00 339  8.6  9.9 99.00 99.00 99.00 999 1031.0  -6.3 999.0 999.0 99.0 99.00
2019 12 20 16 00 343  7.5  8.5 99.00 99.00 99.00 999 1030.8  -5.4 999.0 999.0 99.0 99.00
2019 12 20 17 00 339  5.0  6.0 99.00 99.00 99.00 999 1030.7  -4.6 999.0 999.0 99.0 99.00
2019 12 20 18 00 325  4.7  5.7 99.00 99.00 99.00 999 1030.8  -3.2 999.0 999.0 99.0 99.00
2019 12 20 19 00 316  5.9  6.4 99.00 99.00 99.00 999 1031.5  -2.3 999.0 999.0 99.0 99.00
2019 12 20 20 00 333  6.5  7.4 99.00 99.00 99.00 999 1032.1  -1.6 999.0 999.0 99.0 99.00
2019 12 20 21 00 339  6.1  6.6 99.00 99.00 99.00 999 1032.7  -0.9 999.0 999.0 99.0 99.00
2019 12 20 22 00 321  6.3  7.4 99.00 99.00 99.00 999 1033.6  -0.7 999.0 999.0 99.0 99.00
2019 12 20 23 00 318  6.9  7.7 99.00 99.00 99.00 999 1034.2  -0.8 999.0 999.0 99.0 99.00
2019 12 21 00 00 317  6.4  7.3 99.00 99.00 99.00 999 1034.9  -0.8 999.0 999.0 99.0 99.00
2019 12 21 01 00 329  5.8  6.4 99.00 99.00 99.00 999 1035.1  -0.9 999.0 999.0 99.0 99.00
2019 12 21 02 00 351  7.3  8.1 99.00 99.00 99.00 999 1035.2  -1.7 999.0 999.0 99.0 99.00
2019 12 21 03 00   2  7.4  8.1 99.00 99.00 99.00 999 1035.3  -2.0 999.0 999.0 99.0 99.00
2019 12 21 04 00   1  8.4  8.9 99.00 99.00 99.00 999 1035.6  -2.6 999.0 999.0 99.0 99.00
2019 12 21 05 00   1  7.4  8.1 99.00 99.00 99.00 999 1035.9  -3.0 999.0 999.0 99.0 99.00
2019 12 21 06 00   2  7.6  8.5 99.00 99.00 99.00 999 1036.2  -2.8 999.0 999.0 99.0 99.00
2019 12 21 07 00   1  6.9  7.8 99.00 99.00 99.00 999 1036.6  -3.0 999.0 999.0 99.0 99.00
2019 12 21 08 00   2  6.7  7.3 99.00 99.00 99.00 999 1036.8  -2.6 999.0 999.0 99.0 99.00
2019 12 21 09 00 354  5.6  6.4 99.00 99.00 99.00 999 1037.3  -2.8 999.0 999.0 99.0 99.00
2019 12 21 10 00   4  5.7  6.2 99.00 99.00 99.00 999 1037.0  -3.4 999.0 999.0 99.0 99.00
2019 12 21 11 00   7  5.3  6.1 99.00 99.00 99.00 999 1036.8  -2.7 999.0 999.0 99.0 99.00
2019 12 21 12 00  20  5.4  5.8 99.00 99.00 99.00 999 1037.1  -2.7 999.0 999.0 99.0 99.00
2019 12 21 13 00  15  4.6  4.9 99.00 99.00 99.00 999 1037.4  -2.7 999.0 999.0 99.0 99.00
2019 12 21 14 00  18  3.8  4.5 99.00 99.00 99.00 999 1037.6  -2.0 999.0 999.0 99.0 99.00
2019 12 21 15 00  41  3.4  4.3 99.00 99.00 99.00 999 1037.6  -0.9 999.0 999.0 99.0 99.00
2019 12 21 16 00  68  2.0  2.4 99.00 99.00 99.00 999 1037.3  -0.2 999.0 999.0 99.0 99.00
2019 12 21 17 00 166  0.9  1.4 99.00 99.00 99.00 999 1036.1   0.5 999.0 999.0 99.0 99.00
2019 12 21 18 00 176  0.1  0.5 99.00 99.00 99.00 999 1035.4   0.9 999.0 999.0 99.0 99.00
2019 12 21 19 00 166  2.3  2.7 99.00 99.00 99.00 999 1035.0   1.0 999.0 999.0 99.0 99.00
2019 12 21 20 00 164  2.5  2.9 99.00 99.00 99.00 999 1034.6   1.4 999.0 999.0 99.0 99.00
2019 12 21 21 00 150  4.9  5.8 99.00 99.00 99.00 999 1033.5   1.9 999.0 999.0 99.0 99.00
2019 12 21 22 00 169  4.0  4.6 99.00 99.00 99.00 999 1033.4   2.8 999.0 999.0 99.0 99.00
2019 12 21 23 00 151  3.4  3.8 99.00 99.00 99.00 999 1033.2   3.1 999.0 999.0 99.0 99.00
2019 12 22 00 00 174  5.6  6.5 99.00 99.00 99.00 999 1032.7   3.9 999.0 999.0 99.0 99.00
2019 12 22 01 00 170  6.2  6.6 99.00 99.00 99.00 999 1032.1   4.0 999.0 999.0 99.0 99.00
2019 12 22 02 00 179  6.6  7.3 99.00 99.00 99.00 999 1031.8   4.6 999.0 999.0 99.0 99.00
2019 12 22 03 00 190  7.2  7.7 99.00 99.00 99.00 999 1031.6   5.3 999.0 999.0 99.0 99.00
2019 12 22 04 00 205  6.6  7.3 99.00 99.00 99.00 999 1030.9   5.7 999.0 999.0 99.0 99.00
2019 12 22 05 00 298  4.6  5.0 99.00 99.00 99.00 999 1030.6   3.5 999.0 999.0 99.0 99.00
2019 12 22 06 00 283  3.2  4.1 99.00 99.00 99.00 999 1030.3   3.1 999.0 999.0 99.0 99.00
2019 12 22 07 00 278  4.7  5.1 99.00 99.00 99.00 999 1030.3   3.4 999.0 999.0 99.0 99.00
2019 12 22 08 00 269  4.9  5.5 99.00 99.00 99.00 999 1029.8   3.5 999.0 999.0 99.0 99.00
2019 12 22 09 00 276  5.1  5.7 99.00 99.00 99.00 999 1028.9   3.5 999.0 999.0 99.0 99.00
2019 12 22 10 00 292  6.5  7.3 99.00 99.00 99.00 999 1028.8   2.9 999.0 999.0 99.0 99.00
2019 12 22 11 00 258  4.4  4.9 99.00 99.00 99.00 999 1028.3   2.4 999.0 999.0 99.0 99.00
2019 12 22 12 00 261  4.9  6.1 99.00 99.00 99.00 999 1028.1   3.5 999.0 999.0 99.0 99.00
2019 12 22 13 00 250  5.4  6.8 99.00 99.00 99.00 999 1027.6   3.9 999.0 999.0 99.0 99.00
2019 12 22 14 00 237  9.0  9.8 99.00 99.00 99.00 999 1027.5   4.1 999.0 999.0 99.0 99.00
2019 12 22 15 00 242  8.7  9.3 99.00 99.00 99.00 999 1027.5   4.0 999.0 999.0 99.0 99.00
2019 12 22 16 00 235  9.1 10.0 99.00 99.00 99.00 999 1026.0   4.2 999.0 999.0 99.0 99.00
2019 12 22 17 00 239  9.7 11.2 99.00 99.00 99.00 999 1024.4   4.5 999.0 999.0 99.0 99.00
2019 12 22 18 00 246  8.2  9.4 99.00 99.00 99.00 999 1023.8   4.9 999.0 999.0 99.0 99.00
2019 12 22 19 00 248  8.8  9.4 99.00 99.00 99.00 999 1023.6   4.8 999.0 999.0 99.0 99.00
2019 12 22 20 00 248  7.4  8.6 99.00 99.00 99.00 999 1023.3   5.0 999.0 999.0 99.0 99.00
2019 12 22 21 00 231  7.3  7.8 99.00 99.00 99.00 999 1023.0   5.4 999.0 999.0 99.0 99.00
2019 12 22 22 00 257  6.3  6.6 99.00 99.00 99.00 999 1022.2   5.5 999.0 999.0 99.0 99.00
2019 12 22 23 00 257  5.8  6.4 99.00 99.00 99.00 999 1021.4   5.1 999.0 999.0 99.0 99.00
2019 12 23 00 00 234  7.8  8.4 99.00 99.00 99.00 999 1021.0   5.5 999.0 999.0 99.0 99.00
2019 12 23 01 00 252  8.9  9.8 99.00 99.00 99.00 999 1021.8   6.1 999.0 999.0 99.0 99.00
2019 12 23 02 00 260  8.9  9.5 99.00 99.00 99.00 999 1021.6   6.0 999.0 999.0 99.0 99.00
2019 12 23 03 00 253  9.2  9.9 99.00 99.00 99.00 999 1021.1   6.1 999.0 999.0 99.0 99.00
2019 12 23 04 00 253 10.5 11.3 99.00 99.00 99.00 999 1020.9   6.0 999.0 999.0 99.0 99.00
2019 12 23 05 00 262 10.2 11.6 99.00 99.00 99.00 999 1020.4   6.0 999.0 999.0 99.0 99.00
2019 12 23 06 00 256 11.3 12.3 99.00 99.00 99.00 999 1019.6   5.9 999.0 999.0 99.0 99.00
2019 12 23 07 00 272 10.2 11.0 99.00 99.00 99.00 999 1019.4   5.7 999.0 999.0 99.0 99.00
2019 12 23 08 00 264  7.6  8.3 99.00 99.00 99.00 999 1019.4   5.4 999.0 999.0 99.0 99.00
2019 12 23 09 00 255  8.4  9.1 99.00 99.00 99.00 999 1018.8   5.6 999.0 999.0 99.0 99.00
2019 12 23 10 00 263  7.8  8.1 99.00 99.00 99.00 999 1019.1   5.5 999.0 999.0 99.0 99.00
2019 12 23 11 00 260  6.5  7.1 99.00 99.00 99.00 999 1019.1   5.0 999.0 999.0 99.0 99.00
2019 12 23 12 00 244  7.1  7.5 99.00 99.00 99.00 999 1019.5   5.3 999.0 999.0 99.0 99.00
2019 12 23 13 00 243  7.1  7.4 99.00 99.00 99.00 999 1020.0   5.7 999.0 999.0 99.0 99.00
2019 12 23 14 00 269  7.1  7.5 99.00 99.00 99.00 999 1020.1   5.9 999.0 999.0 99.0 99.00
2019 12 23 15 00 253  6.3  6.6 99.00 99.00 99.00 999 1019.8   5.9 999.0 999.0 99.0 99.00
2019 12 23 16 00 249  7.3  7.6 99.00 99.00 99.00 999 1018.8   6.0 999.0 999.0 99.0 99.00
2019 12 23 17 00 246  6.2  6.6 99.00 99.00 99.00 999 1017.6   6.3 999.0 999.0 99.0 99.00
2019 12 23 18 00 231 10.1 10.9 99.00 99.00 99.00 999 1015.8   6.5 999.0 999.0 99.0 99.00
2019 12 23 19 00 230  8.6  9.2 99.00 99.00 99.00 999 1015.1   6.9 999.0 999.0 99.0 99.00
2019 12 23 20 00 219 10.4 11.4 99.00 99.00 99.00 999 1014.3   7.1 999.0 999.0 99.0 99.00
2019 12 23 21 00 227 13.0 13.8 99.00 99.00 99.00 999 1014.1   7.7 999.0 999.0 99.0 99.00
2019 12 23 22 00 233 14.1 15.6 99.00 99.00 99.00 999 1013.3   8.1 999.0 999.0 99.0 99.00
2019 12 23 23 00 241  9.1  9.6 99.00 99.00 99.00 999 1013.4   7.7 999.0 999.0 99.0 99.00
2019 12 24 00 00 256  6.3  6.7 99.00 99.00 99.00 999 1013.3   7.7 999.0 999.0 99.0 99.00
2019 12 24 01 00 236 10.8 11.7 99.00 99.00 99.00 999 1012.0   8.0 999.0 999.0 99.0 99.00
2019 12 24 02 00 232 12.5 13.1 99.00 99.00 99.00 999 1010.9   8.1 999.0 999.0 99.0 99.00
2019 12 24 03 00 232 11.5 12.7 99.00 99.00 99.00 999 1010.9   7.8 999.0 999.0 99.0 99.00
2019 12 24 04 00 245 12.1 13.0 99.00 99.00 99.00 999 1010.9   7.9 999.0 999.0 99.0 99.00
2019 12 24 05 00 241  9.8 10.7 99.00 99.00 99.00 999 1010.7   7.7 999.0 999.0 99.0 99.00
2019 12 24 06 00 252 11.0 11.7 99.00 99.00 99.00 999 1011.4   7.4 999.0 999.0 99.0 99.00
2019 12 24 07 00 264  8.8 10.5 99.00 99.00 99.00 999 1012.6   7.4 999.0 999.0 99.0 99.00
2019 12 24 08 00 275  9.0  9.8 99.00 99.00 99.00 999 1013.4   7.1 999.0 999.0 99.0 99.00
2019 12 24 09 00 319  6.5  6.9 99.00 99.00 99.00 999 1014.1   5.8 999.0 999.0 99.0 99.00
2019 12 24 10 00 328  6.1  6.3 99.00 99.00 99.00 999 1014.7   5.8 999.0 999.0 99.0 99.00
2019 12 24 11 00 327  6.7  7.5 99.00 99.00 99.00 999 1015.8   5.7 999.0 999.0 99.0 99.00
2019 12 24 12 00 320  7.5  8.1 99.00 99.00 99.00 999 1016.7   5.2 999.0 999.0 99.0 99.00
2019 12 24 13 00 351  7.2  8.3 99.00 99.00 99.00 999 1017.7   4.6 999.0 999.0 99.0 99.00
2019 12 24 14 00   1  6.9  7.7 99.00 99.00 99.00 999 1018.8   4.6 999.0 999.0 99.0 99.00
2019 12 24 15 00 355  9.7 10.2 99.00 99.00 99.00 999 1019.4   4.0 999.0 999.0 99.0 99.00
2019 12 24 16 00 357  8.8  9.3 99.00 99.00 99.00 999 1018.5   4.1 999.0 999.0 99.0 99.00
2019 12 24 17 00 354  5.4  6.0 99.00 99.00 99.00 999 1018.3   4.5 999.0 999.0 99.0 99.00
2019 12 24 18 00  45  4.8  5.5 99.00 99.00 99.00 999 1018.2   4.6 999.0 999.0 99.0 99.00
2019 12 24 19 00  32  3.9  4.5 99.00 99.00 99.00 999 1018.3   5.2 999.0 999.0 99.0 99.00
2019 12 24 20 00  82  0.8  1.0 99.00 99.00 99.00 999 1019.3   5.8 999.0 999.0 99.0 99.00
2019 12 24 21 00 184  1.6  1.8 99.00 99.00 99.00 999 1019.7   5.4 999.0 999.0 99.0 99.00
2019 12 24 22 00 225  2.1  2.2 99.00 99.00 99.00 999 1020.7   5.5 999.0 999.0 99.0 99.00
2019 12 24 23 00 245  1.2  1.3 99.00 99.00 99.00 999 1021.0   5.3 999.0 999.0 99.0 99.00
2019 12 25 00 00 339  1.1  1.6 99.00 99.00 99.00 999 1021.8   5.3 999.0 999.0 99.0 99.00
2019 12 25 01 00 353  3.0  3.3 99.00 99.00 99.00 999 1022.1   4.7 999.0 999.0 99.0 99.00
2019 12 25 02 00   0  5.4  5.7 99.00 99.00 99.00 999 1022.4   4.1 999.0 999.0 99.0 99.00
2019 12 25 03 00   8  5.7  6.0 99.00 99.00 99.00 999 1022.4   3.7 999.0 999.0 99.0 99.00
2019 12 25 04 00   1  7.3  7.8 99.00 99.00 99.00 999 1022.7   2.8 999.0 999.0 99.0 99.00
2019 12 25 05 00   7  7.3  8.0 99.00 99.00 99.00 999 1022.5   2.1 999.0 999.0 99.0 99.00
2019 12 25 06 00  15  6.3  7.5 99.00 99.00 99.00 999 1022.3   2.3 999.0 999.0 99.0 99.00
2019 12 25 07 00  12  7.4  8.1 99.00 99.00 99.00 999 1022.1   1.7 999.0 999.0 99.0 99.00
2019 12 25 08 00   6  7.0  7.6 99.00 99.00 99.00 999 1022.2   1.6 999.0 999.0 99.0 99.00
2019 12 25 09 00  11  5.1  5.6 99.00 99.00 99.00 999 1022.2   1.4 999.0 999.0 99.0 99.00
2019 12 25 10 00   2  5.5  5.9 99.00 99.00 99.00 999 1022.9   1.0 999.0 999.0 99.0 99.00
2019 12 25 11 00  16  3.8  4.8 99.00 99.00 99.00 999 1023.5   0.9 999.0 999.0 99.0 99.00
2019 12 25 12 00  35  2.5  3.0 99.00 99.00 99.00 999 1023.3   1.3 999.0 999.0 99.0 99.00
2019 12 25 13 00   4  2.9  3.2 99.00 99.00 99.00 999 1024.2   1.3 999.0 999.0 99.0 99.00
2019 12 25 14 00  23  2.5  2.7 99.00 99.00 99.00 999 1024.2   1.8 999.0 999.0 99.0 99.00
2019 12 25 15 00  17  3.3  3.7 99.00 99.00 99.00 999 1024.6   2.1 999.0 999.0 99.0 99.00
2019 12 25 16 00  39  2.8  3.1 99.00 99.00 99.00 999 1023.9   2.9 999.0 999.0 99.0 99.00
2019 12 25 17 00  37  2.5  2.7 99.00 99.00 99.00 999 1023.6   3.2 999.0 999.0 99.0 99.00
2019 12 25 18 00  59  1.5  1.8 99.00 99.00 99.00 999 1022.9   3.7 999.0 999.0 99.0 99.00
2019 12 25 19 00 107  1.2  1.4 99.00 99.00 99.00 999 1022.5   3.9 999.0 999.0 99.0 99.00
2019 12 25 20 00 125  2.0  2.4 99.00 99.00 99.00 999 1022.4   4.0 999.0 999.0 99.0 99.00
2019 12 25 21 00 140  2.7  3.3 99.00 99.00 99.00 999 1022.5   4.2 999.0 999.0 99.0 99.00
2019 12 25 22 00 136  2.7  2.9 99.00 99.00 99.00 999 1022.5   4.5 999.0 999.0 99.0 99.00
2019 12 25 23 00 152  3.5  3.7 99.00 99.00 99.00 999 1022.3   4.9 999.0 999.0 99.0 99.00
2019 12 26 00 00 153  3.8  4.2 99.00 99.00 99.00 999 1022.5   5.3 999.0 999.0 99.0 99.00
2019 12 26 01 00 163  3.5  3.7 99.00 99.00 99.00 999 1022.7   5.8 999.0 999.0 99.0 99.00
2019 12 26 02 00 148  3.8  4.1 99.00 99.00 99.00 999 1022.6   5.8 999.0 999.0 99.0 99.00
2019 12 26 03 00 155  2.7  2.9 99.00 99.00 99.00 999 1023.3   6.0 999.0 999.0 99.0 99.00
2019 12 26 04 00 156  2.9  3.0 99.00 99.00 99.00 999 1023.2   5.9 999.0 999.0 99.0 99.00
2019 12 26 05 00 113  1.6  2.4 99.00 99.00 99.00 999 1022.7   5.9 999.0 999.0 99.0 99.00
2019 12 26 06 00  91  3.4  3.6 99.00 99.00 99.00 999 1022.9   5.0 999.0 999.0 99.0 99.00
2019 12 26 07 00 103  2.7  2.9 99.00 99.00 99.00 999 1023.4   5.4 999.0 999.0 99.0 99.00
2019 12 26 08 00  96  2.6  2.8 99.00 99.00 99.00 999 1023.7   5.2 999.0 999.0 99.0 99.00
2019 12 26 09 00  45  5.5  5.7 99.00 99.00 99.00 999 1024.3   4.5 999.0 999.0 99.0 99.00
2019 12 26 10 00  46  5.5  6.0 99.00 99.00 99.00 999 1024.7   3.9 999.0 999.0 99.0 99.00
2019 12 26 11 00  50  5.9  6.4 99.00 99.00 99.00 999 1025.6   4.1 999.0 999.0 99.0 99.00
2019 12 26 12 00  43  5.3  5.8 99.00 99.00 99.00 999 1026.4   4.0 999.0 999.0 99.0 99.00
2019 12 26 13 00  47  5.3  5.6 99.00 99.00 99.00 999 1027.1   3.9 999.0 999.0 99.0 99.00
2019 12 26 14 00  42  5.5  5.9 99.00 99.00 99.00 999 1027.8   3.7 999.0 999.0 99.0 99.00
2019 12 26 15 00  41  6.1  6.6 99.00 99.00 99.00 999 1028.4   3.9 999.0 999.0 99.0 99.00
2019 12 26 16 00  38  5.0  5.5 99.00 99.00 99.00 999 1028.0   4.1 999.0 999.0 99.0 99.00
2019 12 26 17 00  39  5.7  6.1 99.00 99.00 99.00 999 1027.8   4.9 999.0 999.0 99.0 99.00
2019 12 26 18 00  46  8.2  9.4 99.00 99.00 99.00 999 1027.8   4.8 999.0 999.0 99.0 99.00
2019 12 26 19 00  40  9.6 10.3 99.00 99.00 99.00 999 1028.5   4.2 999.0 999.0 99.0 99.00
2019 12 26 20 00  48 10.2 10.6 99.00 99.00 99.00 999 1028.9   3.8 999.0 999.0 99.0 99.00
2019 12 26 21 00  52  8.9  9.1 99.00 99.00 99.00 999 1029.7   3.5 999.0 999.0 99.0 99.00
2019 12 26 22 00  57  7.3  7.8 99.00 99.00 99.00 999 1030.6   3.2 999.0 999.0 99.0 99.00
2019 12 26 23 00  58  6.6  7.2 99.00 99.00 99.00 999 1031.1   2.9 999.0 999.0 99.0 99.00
2019 12 27 00 00  69  7.4  7.7 99.00 99.00 99.00 999 1030.7   2.4 999.0 999.0 99.0 99.00
2019 12 27 01 00  73  7.4  7.7 99.00 99.00 99.00 999 1030.8   2.0 999.0 999.0 99.0 99.00
2019 12 27 02 00  63  5.4  6.0 99.00 99.00 99.00 999 1031.5   2.1 999.0 999.0 99.0 99.00
2019 12 27 03 00  62  4.7  5.1 99.00 99.00 99.00 999 1031.7   2.2 999.0 999.0 99.0 99.00
2019 12 27 04 00  63  4.5  4.7 99.00 99.00 99.00 999 1031.3   2.2 999.0 999.0 99.0 99.00
2019 12 27 05 00 108  3.4  4.0 99.00 99.00 99.00 999 1030.6   2.6 999.0 999.0 99.0 99.00
2019 12 27 06 00 122  2.4  2.7 99.00 99.00 99.00 999 1030.3   2.9 999.0 999.0 99.0 99.00
2019 12 27 07 00 134  4.7  5.5 99.00 99.00 99.00 999 1029.6   3.3 999.0 999.0 99.0 99.00
2019 12 27 08 00 152  5.6  6.0 99.00 99.00 99.00 999 1029.0   4.0 999.0 999.0 99.0 99.00
2019 12 27 09 00 168  6.2  6.6 99.00 99.00 99.00 999 1028.4   4.6 999.0 999.0 99.0 99.00
2019 12 27 10 00 162  6.9  7.6 99.00 99.00 99.00 999 1027.5   4.9 999.0 999.0 99.0 99.00
2019 12 27 11 00 172  7.3  8.2 99.00 99.00 99.00 999 1027.5   5.3 999.0 999.0 99.0 99.00
2019 12 27 12 00 175  8.8  9.4 99.00 99.00 99.00 999 1027.0   5.8 999.0 999.0 99.0 99.00
2019 12 27 13 00 180  8.5  9.7 99.00 99.00 99.00 999 1026.8   6.3 999.0 999.0 99.0 99.00
2019 12 27 14 00 185  9.1  9.8 99.00 99.00 99.00 999 1026.6   6.6 999.0 999.0 99.0 99.00
2019 12 27 15 00 186  8.5  8.9 99.00 99.00 99.00 999 1026.0   6.9 999.0 999.0 99.0 99.00
2019 12 27 16 00 195  7.8  8.1 99.00 99.00 99.00 999 1024.8   7.4 999.0 999.0 99.0 99.00
2019 12 27 17 00 202  8.2  8.7 99.00 99.00 99.00 999 1023.1   7.7 999.0 999.0 99.0 99.00
2019 12 27 18 00 205  8.7  9.2 99.00 99.00 99.00 999 1021.6   7.8 999.0 999.0 99.0 99.00
2019 12 27 19 00 210  8.2  8.8 99.00 99.00 99.00 999 1021.0   7.9 999.0 999.0 99.0 99.00
2019 12 27 20 00 209  8.4  8.9 99.00 99.00 99.00 999 1020.3   8.2 999.0 999.0 99.0 99.00
2019 12 27 21 00 206  8.4  8.9 99.00 99.00 99.00 999 1019.7   8.3 999.0 999.0 99.0 99.00
2019 12 27 22 00 223  8.4  8.9 99.00 99.00 99.00 999 1019.5   8.7 999.0 999.0 99.0 99.00
2019 12 27 23 00 226  9.0  9.4 99.00 99.00 99.00 999 1018.8   8.5 999.0 999.0 99.0 99.00
2019 12 28 00 00 237 11.0 12.0 99.00 99.00 99.00 999 1018.8   8.5 999.0 999.0 99.0 99.00
2019 12 28 01 00 236  9.3  9.6 99.00 99.00 99.00 999 1018.8   8.1 999.0 999.0 99.0 99.00
2019 12 28 02 00 252  7.2  7.6 99.00 99.00 99.00 999 1018.9   7.4 999.0 999.0 99.0 99.00
2019 12 28 03 00 247  7.7  8.2 99.00 99.00 99.00 999 1018.5   7.5 999.0 999.0 99.0 99.00
2019 12 28 04 00 251  8.4  9.1 99.00 99.00 99.00 999 1018.3   7.6 999.0 999.0 99.0 99.00
2019 12 28 05 00 261 10.1 10.9 99.00 99.00 99.00 999 1017.5   7.4 999.0 999.0 99.0 99.00
2019 12 28 06 00 265 11.6 12.4 99.00 99.00 99.00 999 1017.3   7.2 999.0 999.0 99.0 99.00
2019 12 28 07 00 269  9.8 10.2 99.00 99.00 99.00 999 1017.7   6.8 999.0 999.0 99.0 99.00
2019 12 28 08 00 262  8.0  8.5 99.00 99.00 99.00 999 1017.9   6.6 999.0 999.0 99.0 99.00
2019 12 28 09 00 280  6.1  6.5 99.00 99.00 99.00 999 1018.1   6.8 999.0 999.0 99.0 99.00
2019 12 28 10 00 260  4.4  4.7 99.00 99.00 99.00 999 1018.4   6.8 999.0 999.0 99.0 99.00
2019 12 28 11 00 288  4.6  5.4 99.00 99.00 99.00 999 1019.5   6.7 999.0 999.0 99.0 99.00
2019 12 28 12 00 321  6.1  6.3 99.00 99.00 99.00 999 1019.8   6.5 999.0 999.0 99.0 99.00
2019 12 28 13 00 306  6.3  6.7 99.00 99.00 99.00 999 1021.1   6.6 999.0 999.0 99.0 99.00
2019 12 28 14 00 285  5.0  5.5 99.00 99.00 99.00 999 1022.1   6.1 999.0 999.0 99.0 99.00
2019 12 28 15 00 287  4.4  4.8 99.00 99.00 99.00 999 1022.0   6.1 999.0 999.0 99.0 99.00
2019 12 28 16 00 302  4.7  5.1 99.00 99.00 99.00 999 1021.3   7.1 999.0 999.0 99.0 99.00
2019 12 28 17 00 312  4.7  4.9 99.00 99.00 99.00 999 1020.6   7.3 999.0 999.0 99.0 99.00
2019 12 28 18 00 316  5.1  5.4 99.00 99.00 99.00 999 1020.8   7.4 999.0 999.0 99.0 99.00
2019 12 28 19 00 308  6.2  6.5 99.00 99.00 99.00 999 1020.7   7.8 999.0 999.0 99.0 99.00
2019 12 28 20 00 326  5.0  5.8 99.00 99.00 99.00 999 1020.5   8.0 999.0 999.0 99.0 99.00
2019 12 28 21 00 309  3.0  3.3 99.00 99.00 99.00 999 1020.9   7.5 999.0 999.0 99.0 99.00
2019 12 28 22 00 321  4.1  4.3 99.00 99.00 99.00 999 1021.3   7.9 999.0 999.0 99.0 99.00
2019 12 28 23 00 270  5.2  5.4 99.00 99.00 99.00 999 1022.1   6.7 999.0 999.0 99.0 99.00
2019 12 29 00 00 287  6.5  7.1 99.00 99.00 99.00 999 1022.5   5.9 999.0 999.0 99.0 99.00
2019 12 29 01 00 291  6.1  6.8 99.00 99.00 99.00 999 1022.2   5.4 999.0 999.0 99.0 99.00
2019 12 29 02 00 285  4.2  4.4 99.00 99.00 99.00 999 1022.0   4.7 999.0 999.0 99.0 99.00
2019 12 29 03 00 289  5.9  6.3 99.00 99.00 99.00 999 1021.7   4.3 999.0 999.0 99.0 99.00
2019 12 29 04 00 283  6.3  6.6 99.00 99.00 99.00 999 1021.6   4.1 999.0 999.0 99.0 99.00
2019 12 29 05 00 297  5.9  6.6 99.00 99.00 99.00 999 1020.9   3.8 999.0 999.0 99.0 99.00
2019 12 29 06 00 292  7.8  8.4 99.00 99.00 99.00 999 1020.4   3.6 999.0 999.0 99.0 99.00
2019 12 29 07 00 299  7.9  8.5 99.00 99.00 99.00 999 1021.5   3.9 999.0 999.0 99.0 99.00
2019 12 29 08 00 301  7.0  7.9 99.00 99.00 99.00 999 1021.7   3.9 999.0 999.0 99.0 99.00
2019 12 29 09 00 335  5.4  6.0 99.00 99.00 99.00 999 1022.2   3.5 999.0 999.0 99.0 99.00
2019 12 29 10 00 350  6.3  6.8 99.00 99.00 99.00 999 1022.3   3.3 999.0 999.0 99.0 99.00
2019 12 29 11 00 339  7.2  7.7 99.00 99.00 99.00 999 1023.3   3.2 999.0 999.0 99.0 99.00
2019 12 29 12 00 339  6.7  7.6 99.00 99.00 99.00 999 1024.2   2.7 999.0 999.0 99.0 99.00
2019 12 29 13 00 335  6.1  6.9 99.00 99.00 99.00 999 1024.5   2.6 999.0 999.0 99.0 99.00
2019 12 29 14 00   1  7.0  8.4 99.00 99.00 99.00 999 1024.5   2.8 999.0 999.0 99.0 99.00
2019 12 29 15 00 334  4.8  5.5 99.00 99.00 99.00 999 1025.0   3.1 999.0 999.0 99.0 99.00
2019 12 29 16 00  22  3.2  4.0 99.00 99.00 99.00 999 1024.1   3.3 999.0 999.0 99.0 99.00
2019 12 29 17 00  16  2.4  2.5 99.00 99.00 99.00 999 1023.6   3.6 999.0 999.0 99.0 99.00
2019 12 29 18 00  94  0.4  0.6 99.00 99.00 99.00 999 1023.0   4.0 999.0 999.0 99.0 99.00
2019 12 29 19 00 217  0.4  0.5 99.00 99.00 99.00 999 1022.5   4.2 999.0 999.0 99.0 99.00
2019 12 29 20 00 232  0.4  0.6 99.00 99.00 99.00 999 1022.3   4.1 999.0 999.0 99.0 99.00
2019 12 29 21 00 156  2.0  2.2 99.00 99.00 99.00 999 1022.4   4.0 999.0 999.0 99.0 99.00
2019 12 29 22 00 151  3.9  4.4 99.00 99.00 99.00 999 1021.8   4.1 999.0 999.0 99.0 99.00
2019 12 29 23 00 152  3.5  4.1 99.00 99.00 99.00 999 1021.6   4.3 999.0 999.0 99.0 99.00
2019 12 30 00 00 165  3.8  3.9 99.00 99.00 99.00 999 1021.5   4.5 999.0 999.0 99.0 99.00
2019 12 30 01 00 179  2.8  3.2 99.00 99.00 99.00 999 1021.6   4.7 999.0 999.0 99.0 99.00
2019 12 30 02 00 141  2.6  2.9 99.00 99.00 99.00 999 1021.4   4.5 999.0 999.0 99.0 99.00
2019 12 30 03 00  94  3.3  3.9 99.00 99.00 99.00 999 1021.1   4.3 999.0 999.0 99.0 99.00
2019 12 30 04 00 110  5.1  5.4 99.00 99.00 99.00 999 1020.0   4.2 999.0 999.0 99.0 99.00
2019 12 30 05 00 121  4.6  5.1 99.00 99.00 99.00 999 1018.6   4.3 999.0 999.0 99.0 99.00
2019 12 30 06 00 105  7.7  8.4 99.00 99.00 99.00 999 1017.7   4.3 999.0 999.0 99.0 99.00
2019 12 30 07 00  90  7.0  7.4 99.00 99.00 99.00 999 1017.9   3.7 999.0 999.0 99.0 99.00
2019 12 30 08 00  59  7.5  8.2 99.00 99.00 99.00 999 1017.7   3.4 999.0 999.0 99.0 99.00
2019 12 30 09 00  56  7.0  7.7 99.00 99.00 99.00 999 1017.4   3.5 999.0 999.0 99.0 99.00
2019 12 30 10 00  50  9.9 10.9 99.00 99.00 99.00 999 1016.3   3.5 999.0 999.0 99.0 99.00
2019 12 30 11 00  56 11.2 12.1 99.00 99.00 99.00 999 1015.6   3.7 999.0 999.0 99.0 99.00
2019 12 30 12 00  67 11.3 13.2 99.00 99.00 99.00 999 1015.7   3.8 999.0 999.0 99.0 99.00
2019 12 30 13 00  73 14.3 16.3 99.00 99.00 99.00 999 1015.0   3.5 999.0 999.0 99.0 99.00
2019 12 30 14 00  66 14.2 15.9 99.00 99.00 99.00 999 1015.5   3.4 999.0 999.0 99.0 99.00
2019 12 30 15 00  72 13.3 15.0 99.00 99.00 99.00 999 1015.6   3.5 999.0 999.0 99.0 99.00
2019 12 30 16 00  76 15.6 17.1 99.00 99.00 99.00 999 1014.3   3.6 999.0 999.0 99.0 99.00
2019 12 30 17 00  73 13.9 15.0 99.00 99.00 99.00 999 1014.3   3.6 999.0 999.0 99.0 99.00
2019 12 30 18 00  74 16.1 18.4 99.00 99.00 99.00 999 1013.1   3.8 999.0 999.0 99.0 99.00
2019 12 30 19 00  74 14.8 18.2 99.00 99.00 99.00 999 1012.9   3.3 999.0 999.0 99.0 99.00
2019 12 30 20 00  74 15.3 16.6 99.00 99.00 99.00 999 1012.1   3.4 999.0 999.0 99.0 99.00
2019 12 30 21 00  82 16.7 18.2 99.00 99.00 99.00 999 1011.9   3.6 999.0 999.0 99.0 99.00
2019 12 30 22 00  80 15.8 17.2 99.00 99.00 99.00 999 1011.5   3.8 999.0 999.0 99.0 99.00
2019 12 30 23 00  86 17.0 19.2 99.00 99.00 99.00 999 1010.4   3.9 999.0 999.0 99.0 99.00
2019 12 31 00 00  81 15.3 16.5 99.00 99.00 99.00 999 1010.1   3.9 999.0 999.0 99.0 99.00
2019 12 31 01 00  72 12.5 13.7 99.00 99.00 99.00 999 1011.3   4.1 999.0 999.0 99.0 99.00
2019 12 31 02 00  67 10.9 11.7 99.00 99.00 99.00 999 1010.6   4.3 999.0 999.0 99.0 99.00
2019 12 31 03 00  62 11.1 12.6 99.00 99.00 99.00 999 1009.5   4.5 999.0 999.0 99.0 99.00
2019 12 31 04 00  60 11.9 13.4 99.00 99.00 99.00 999 1008.0   4.5 999.0 999.0 99.0 99.00
2019 12 31 05 00  56 12.8 13.7 99.00 99.00 99.00 999 1006.6   4.7 999.0 999.0 99.0 99.00
2019 12 31 06 00  54 12.7 14.2 99.00 99.00 99.00 999 1005.3   5.1 999.0 999.0 99.0 99.00
2019 12 31 07 00  50 13.5 14.8 99.00 99.00 99.00 999 1004.1   5.2 999.0 999.0 99.0 99.00
2019 12 31 08 00  41 13.1 14.5 99.00 99.00 99.00 999 1002.8   5.0 999.0 999.0 99.0 99.00
2019 12 31 09 00  42 13.3 14.7 99.00 99.00 99.00 999 1001.7   5.2 999.0 999.0 99.0 99.00
2019 12 31 10 00  19 10.5 11.4 99.00 99.00 99.00 999 1001.2   5.2 999.0 999.0 99.0 99.00
2019 12 31 11 00 330  9.3 10.3 99.00 99.00 99.00 999 1002.0   5.3 999.0 999.0 99.0 99.00
2019 12 31 12 00 339  7.1  8.3 99.00 99.00 99.00 999 1001.8   5.2 999.0 999.0 99.0 99.00
2019 12 31 13 00 331  8.5  9.4 99.00 99.00 99.00 999 1001.9   5.3 999.0 999.0 99.0 99.00
2019 12 31 14 00 317  7.3  8.1 99.00 99.00 99.00 999 1002.6   5.5 999.0 999.0 99.0 99.00
2019 12 31 15 00 301  8.9  9.5 99.00 99.00 99.00 999 1002.9   4.6 999.0 999.0 99.0 99.00
2019 12 31 16 00 316  8.8  9.7 99.00 99.00 99.00 999 1002.4   3.9 999.0 999.0 99.0 99.00
2019 12 31 17 00 313  6.8  8.1 99.00 99.00 99.00 999 1001.7   3.7 999.0 999.0 99.0 99.00
2019 12 31 18 00 334  6.3  6.6 99.00 99.00 99.00 999 1000.8   3.8 999.0 999.0 99.0 99.00
2019 12 31 19 00 315  8.0  8.6 99.00 99.00 99.00 999 1000.9   3.9 999.0 999.0 99.0 99.00
2019 12 31 20 00 324  5.8  6.2 99.00 99.00 99.00 999 1001.2   4.2 999.0 999.0 99.0 99.00
2019 12 31 21 00 301  4.1  4.4 99.00 99.00 99.00 999 1001.5   4.3 999.0 999.0 99.0 99.00
2019 12 31 22 00 276  6.0  6.3 99.00 99.00 99.00 999 1001.7   5.0 999.0 999.0 99.0 99.00
2019 12 31 23 00 266  9.6 10.7 99.00 99.00 99.00 999 1002.2   4.4 999.0 999.0 99.0 99.00
