#YY  MM DD hh mm WDIR WSPD GST  WVHT   DPD   APD MWD   PRES  ATMP  WTMP  DEWP  VIS  TIDE
#yr  mo dy hr mn degT m/s  m/s     m   sec   sec deg    hPa  degC  degC  degC  nmi    ft
2019 01 31 23 50 264 10.8 14.7  1.51  5.00  4.46 243 1027.6  -6.6   5.6 -13.7 99.0 99.00
2019 02 01 00 50 270 10.2 12.8  1.73  5.88  4.70 230 1028.2  -6.7   5.6 -15.0 99.0 99.00
2019 02 01 01 50 267 10.4 13.0  1.50  5.88  4.53 233 1028.8  -6.9   5.6 -15.1 99.0 99.00
2019 02 01 02 50 265 10.1 13.4  1.60  5.88  4.66 238 1029.3  -7.2   5.5 -14.9 99.0 99.00
2019 02 01 04 50 269 11.2 14.0  1.68  6.25  4.62 237 1029.6  -7.4   5.5 -14.5 99.0 99.00
2019 02 01 05 50 277 11.7 14.8  1.77  6.25  4.84 233 1029.5  -7.2   5.5 -14.2 99.0 99.00
2019 02 01 06 50 270 11.1 14.3  1.79  6.25  4.87 233 1029.5  -7.4   5.5 -14.9 99.0 99.00
2019 02 01 07 50 281 10.0 13.9  1.70  6.67  4.81 230 1029.6  -7.6   5.5 -15.5 99.0 99.00
2019 02 01 08 50 275  9.5 12.3  1.58  6.25  4.68 228 1029.6  -7.6   5.4 -14.6 99.0 99.00
2019 02 01 09 50 276  8.7 11.3  1.43  6.25  4.46 223 1029.9  -7.8   5.3 -15.1 99.0 99.00
2019 02 01 10 50 276  7.1 10.5  1.24  5.88  4.26 221 1030.1  -8.1   5.2 -15.2 99.0 99.00
2019 02 01 11 50 277  7.3  9.6  1.21  5.56  4.23 230 1030.2  -8.3   5.1 -15.7 99.0 99.00
2019 02 01 12 50 272  6.5  9.5  1.13  5.88  4.20 222 1030.9  -8.3   5.1 -15.4 99.0 99.00
2019 02 01 13 50 291  6.0  7.8  1.00  5.56  4.03 228 1031.2  -8.2   5.1 -15.4 99.0 99.00
2019 02 01 14 50 262  5.4  7.8  0.88  5.56  4.03 234 1031.5  -8.1   5.0 -14.9 99.0 99.00
2019 02 01 15 50 263  5.7  8.2  0.79  5.00  3.91 244 1031.3  -7.8   5.0 -14.7 99.0 99.00
2019 02 01 16 50 266  5.1  7.5  0.68  5.00  3.87 225 1030.6  -7.9   5.0 -15.6 99.0 99.00
2019 02 01 17 50 259  5.6  7.7  0.67  5.00  3.78 229 1029.5  -7.2   5.0 -14.8 99.0 99.00
2019 02 01 18 50 277  4.9  6.4  0.59  5.00  3.69 221 1028.7  -6.8   5.0 -15.4 99.0 99.00
2019 02 01 19 50 265  4.4  6.2  0.56  4.55  3.66 223 1028.1  -6.3   4.9 -14.2 99.0 99.00
2019 02 01 20 50 286  3.1  4.9  0.51  4.55  3.70 218 1027.9  -6.2   4.9 -12.9 99.0 99.00
2019 02 01 21 50 297  3.8  5.9  0.44  4.17  3.57 225 1027.6  -5.9   4.8 -13.3 99.0 99.00
2019 02 01 22 50 277  3.4  6.0  0.42  4.17  3.77 221 1027.8  -5.5   4.7 -13.1 99.0 99.00
2019 02 01 23 50 281  4.0  6.7  0.39  3.70  3.49 217 1028.0  -5.2   4.7 -13.7 99.0 99.00
2019 02 02 00 50 292  5.6  7.2  0.39  3.85  3.22 219 1028.1  -4.8   4.8 -16.7 99.0 99.00
2019 02 02 01 50 299  6.1  7.9  0.45  2.60  3.00 300 1028.6  -4.9   4.9 -14.1 99.0 99.00
2019 02 02 02 50 297  5.3  7.7  0.42  2.86  3.09 289 1028.2  -4.9   4.9 -13.6 99.0 99.00
2019 02 02 03 50 292  5.6  7.2  0.41  2.74  3.05 279 1028.5  -4.5   5.0 -12.5 99.0 99.00
2019 02 02 04 50 304  6.1  8.2  0.41  2.94  3.05 269 1028.5  -4.7   4.9 -14.1 99.0 99.00
2019 02 02 05 50 303  5.8  8.3  0.44  2.86  3.18 276 1028.1  -4.8   4.9 -14.2 99.0 99.00
2019 02 02 06 50 300  6.5  8.5  0.50  2.94  3.18 282 1028.4  -4.8   4.9 -12.8 99.0 99.00
2019 02 02 07 50 306  6.1  8.5  0.54  3.23  3.11 269 1028.5  -4.9   4.9 -12.2 99.0 99.00
2019 02 02 08 50 299  4.8  6.5  0.59  3.33  3.27 278 1027.8  -5.3   4.9 -12.8 99.0 99.00
2019 02 02 09 50 298  3.8  5.6  0.55  3.57  3.20 260 1028.1  -5.4   4.9 -12.2 99.0 99.00
2019 02 02 10 50 298  4.4  5.9  0.47  3.57  3.18 253 1027.9  -5.3   4.8 -11.3 99.0 99.00
2019 02 02 11 50 312  3.5  5.1  0.41  3.57  3.22 253 1027.5  -5.4   4.7 -11.5 99.0 99.00
2019 02 02 12 50 313  3.9  5.3  0.41  3.33  3.13 256 1027.7  -5.1   4.7 -11.1 99.0 99.00
2019 02 02 13 50 293  3.5  4.9  0.38  3.33  3.24 241 1027.7  -4.8   4.7 -11.3 99.0 99.00
2019 02 02 14 50 275  2.4  4.3  0.32  3.33  3.23 250 1027.1  -4.4   4.8 -11.5 99.0 99.00
2019 02 02 15 50 233  4.7  6.3  0.29 10.81  3.55 125 1026.3  -3.9   4.8 -11.1 99.0 99.00
2019 02 02 16 50 232  7.8 10.0  0.37  2.47  3.10 239 1024.7  -3.0   4.9 -10.5 99.0 99.00
2019 02 02 17 50 232  8.7 10.7  0.52  3.03  3.12 245 1023.0  -2.3   4.9  -9.5 99.0 99.00
2019 02 02 18 50 237 10.6 12.7  0.77  3.85  3.42 236 1022.0  -1.1   5.0  -7.9 99.0 99.00
2019 02 02 19 50 239 11.8 14.4  1.03  4.55  3.76 233 1021.0  -0.1   5.0  -5.3 99.0 99.00
2019 02 02 20 50 230 11.7 14.0  1.38  5.00  4.19 234 1019.7   0.9   5.1  -3.7 99.0 99.00
2019 02 02 21 50 236 12.1 14.3  1.60  5.26  4.47 243 1019.1   1.4   5.1  -2.9 99.0 99.00
2019 02 02 22 50 238 12.0 14.5  2.06  5.88  4.91 244 1018.2   1.7   5.1  -2.3 99.0 99.00
2019 02 02 23 50 245 13.1 15.8  2.24  6.25  5.19 232 1017.9   2.4   5.1  -1.6 99.0 99.00
2019 02 03 00 50 244 13.1 16.7  2.45  6.25  5.37 240 1017.8   2.9   5.1  -0.8 99.0 99.00
2019 02 03 01 50 245 13.7 16.1  2.54  6.67  5.40 243 1017.7   3.3   5.1  -0.5 99.0 99.00
2019 02 03 02 50 245 13.2 15.6  2.54  6.67  5.45 234 1018.0   3.4   5.1  -0.1 99.0 99.00
2019 02 03 03 50 243 12.8 15.9  2.50  6.67  5.45 233 1018.1   3.1   5.2   0.1 99.0 99.00
2019 02 03 04 50 245 12.7 15.2  2.49  6.67  5.39 229 1018.4   3.2   5.3   0.1 99.0 99.00
2019 02 03 05 50 259 11.6 13.4  2.56  7.14  5.54 218 1019.2   3.3   5.3  -0.1 99.0 99.00
2019 02 03 06 50 261 10.2 12.3  2.32  6.67  5.34 223 1019.5   3.4   5.3   0.3 99.0 99.00
2019 02 03 07 50 271  8.1 10.0  2.01  7.14  5.39 212 1020.2   3.0   5.3  -0.8 99.0 99.00
2019 02 03 08 50 271  5.5  6.3  1.83  6.25  5.25 213 1020.4   2.5   5.3  -1.3 99.0 99.00
2019 02 03 09 50 279  4.6  5.5  1.51  7.14  5.02 207 1020.7   2.4   5.4  -1.5 99.0 99.00
2019 02 03 10 50 272  3.4  4.5  1.52  6.67  5.15 212 1020.9   2.5   5.4  -1.6 99.0 99.00
2019 02 03 11 50 287  2.3  2.9  1.34  6.67  5.07 209 1021.3   2.7   5.3  -1.7 99.0 99.00
2019 02 03 12 50 250  1.6  2.3  1.11  5.88  4.76 208 1022.0   3.1   5.3  -1.8 99.0 99.00
2019 02 03 13 50 245  0.5  1.1  1.06  6.25  4.76 214 1022.4   3.7   5.4  -1.9 99.0 99.00
2019 02 03 14 50 246  0.6  1.0  0.89  6.25  4.59 209 1022.4   3.8   5.6  -2.0 99.0 99.00
2019 02 03 15 50 204  1.9  2.4  0.85  5.88  4.69 213 1023.1   4.4   5.8  -0.7 99.0 99.00
2019 02 03 16 50 224  2.4  3.2  0.75  5.56  4.58 216 1022.6   4.7   6.0   0.0 99.0 99.00
2019 02 03 17 50 208  2.0  2.7  0.72  5.56  4.67 221 1022.0   5.1   6.0   0.6 99.0 99.00
2019 02 03 18 50 215  2.4  2.9  0.68  5.56  4.58 212 1021.7   5.4   6.2   1.1 99.0 99.00
2019 02 03 19 50 190  1.7  2.2  0.63  5.56  4.52 205 1021.4   5.6   6.2   2.0 99.0 99.00
2019 02 03 20 50 173  3.4  4.3  0.56  5.26  4.45 222 1020.9   5.6   6.1   2.4 99.0 99.00
2019 02 03 21 50 168  4.2  4.9  0.50  4.76  4.32 221 1020.3   5.5   6.0   3.0 99.0 99.00
2019 02 03 22 50 188  5.4  6.3  0.55  5.00  4.19 213 1020.4   5.8   5.8   3.6 99.0 99.00
2019 02 03 23 50 205  4.4  5.1  0.57  4.76  3.75 208 1020.5   6.0   5.8   3.9 99.0 99.00
2019 02 04 00 50 211  4.8  5.6  0.52  5.26  3.78 184 1020.8   6.0   5.7   4.3 99.0 99.00
2019 02 04 01 50 215  5.3  6.0  0.52  4.76  3.57 211 1021.0   6.3   5.7   4.8 99.0 99.00
2019 02 04 02 50 211  3.5  4.2  0.49  4.76  3.54 196 1020.7   6.3   5.7   4.8 99.0 99.00
2019 02 04 03 50 214  4.2  5.0  0.54  4.35  3.77 207 1020.8   6.3   5.7   5.0 99.0 99.00
2019 02 04 04 50 212  3.6  4.2  0.49  3.70  3.74 197 1020.2   6.3   5.7   5.0 99.0 99.00
2019 02 04 05 50 204  4.2  4.7  0.49  3.70  3.79 200 1020.1   6.2   5.7   5.1 99.0 99.00
2019 02 04 06 50 203  3.5  4.0  0.45  3.45  3.89 209 1020.1   6.3   5.6   5.5 99.0 99.00
2019 02 04 07 50 210  3.3  3.8  0.47  4.35  3.88 189 1019.9   6.4   5.6   5.8 99.0 99.00
2019 02 04 08 50 222  2.3  2.9  0.45  5.56  3.87 139 1019.6   6.3   5.6   5.9 99.0 99.00
2019 02 04 09 50 211  2.4  2.7  0.44  3.85  4.17 195 1019.7   6.2   5.6   5.9 99.0 99.00
2019 02 04 10 50 227  2.3  2.9  0.44  4.17  4.06 199 1019.1   6.1   5.5   6.0 99.0 99.00
2019 02 04 11 50 200  2.3  2.7  0.43 11.43  4.21  76 1019.2   5.9   5.5   5.8 99.0 99.00
2019 02 04 12 50 273  1.2  1.4  0.41  5.00  4.13 144 1019.5   6.1   5.5   6.0 99.0 99.00
2019 02 04 13 50 243  0.8  1.3  0.41 11.43  4.16  82 1019.9   6.1   5.6   5.9 99.0 99.00
2019 02 04 14 50 249  1.0  1.3  0.39 10.81  4.22  91 1020.2   5.0   5.7   4.9 99.0 99.00
2019 02 04 15 50 256  1.0  1.3  0.39 10.81  4.35 166 1020.5   5.4   5.9   5.4 99.0 99.00
2019 02 04 16 50 200  1.5  1.9  0.37  5.88  4.39  81 1019.9   5.7   6.2   5.6 99.0 99.00
2019 02 04 17 50 232  1.3  1.6  0.37  5.00  4.50 108 1018.9   5.8   6.4   5.7 99.0 99.00
2019 02 04 18 50 244  0.9  1.3  0.38 10.81  4.90 118 1018.5   6.4   6.5   6.1 99.0 99.00
2019 02 04 19 50 303  0.6  0.9  0.37 10.81  5.04 131 1018.1   6.3   6.7   6.0 99.0 99.00
2019 02 04 20 50 331  1.3  1.5  0.36 10.81  4.86 163 1017.9   6.3   6.6   6.0 99.0 99.00
2019 02 04 21 50 351  2.5  3.0  0.39 10.81  5.08 149 1017.5   5.9   6.4   5.6 99.0 99.00
2019 02 04 22 50  34  1.0  1.4  0.37 10.00  5.11 178 1017.5   5.0   6.2   4.9 99.0 99.00
2019 02 04 23 50 108  1.8  2.2  0.36 12.90  5.18 115 1017.3   5.5   5.9   5.4 99.0 99.00
2019 02 05 00 50 136  2.4  2.9  0.40 10.00  5.50 146 1016.9   6.0   5.8   5.8 99.0 99.00
2019 02 05 01 50 149  1.4  1.6  0.36 10.00  5.38 132 1016.8   6.4   5.8   6.2 99.0 99.00
2019 02 05 02 50 142  1.1  1.4  0.41 10.00  5.75 145 1016.6   6.7   5.9   6.6 99.0 99.00
2019 02 05 03 50  13  1.1  1.5  0.39 10.81  5.84 178 1016.0   6.1   5.8   6.0 99.0 99.00
2019 02 05 04 50 353  1.6  1.9  0.42 10.00  6.11 171 1016.3   5.8   5.8   5.7 99.0 99.00
2019 02 05 05 50 345  0.8  1.2  0.42 10.00  6.25 169 1015.9   5.9   5.8   5.8 99.0 99.00
2019 02 05 06 50  55  1.0  1.4  0.50 10.00  6.66 181 1014.8   6.3   5.8   6.3 99.0 99.00
2019 02 05 07 50 166  0.0  0.0  0.58 10.00  7.02 214 1014.6   6.2   5.9   6.2 99.0 99.00
2019 02 05 08 50 137  0.3  0.8  0.72  7.14  7.23 140 1014.1   6.4   6.0   6.4 99.0 99.00
2019 02 05 09 50 319  1.1  1.6  0.90  9.09  7.47 180 1014.8   6.2   6.0   6.2 99.0 99.00
2019 02 05 10 50 351  0.3  0.9  1.23  9.09  7.88 169 1014.5   6.1   6.0   6.1 99.0 99.00
2019 02 05 11 50 294  2.1  3.5  1.44  9.09  7.79 169 1015.0   5.7   6.0   5.7 99.0 99.00
2019 02 05 12 50 166  0.0  0.4  1.40  9.09  7.65 173 1015.5   5.2   5.8   5.2 99.0 99.00
2019 02 05 13 50 171  1.9  2.8  1.46  9.09  7.50 180 1015.0   5.7   5.7   5.7 99.0 99.00
2019 02 05 14 50 224  2.3  2.9  1.44  8.33  7.55 170 1015.0   6.1   5.9   6.1 99.0 99.00
2019 02 05 15 50 242  2.8  3.5  1.43 10.00  7.80 154 1015.3   6.5   6.1   6.5 99.0 99.00
2019 02 05 16 50 236  2.4  3.1  1.62 10.00  8.25 165 1015.1   6.5   6.2   6.4 99.0 99.00
2019 02 05 17 50 208  3.2  3.9  1.51 10.81  8.09 168 1013.9   7.0   6.4   6.7 99.0 99.00
2019 02 05 18 50 225  4.0  4.6  1.76 12.12  8.25 166 1013.3   7.2   6.4   6.8 99.0 99.00
2019 02 05 19 50 242  4.4  5.2  1.92 10.81  8.55 162 1013.2   7.6   6.4   6.4 99.0 99.00
2019 02 05 20 50 235  5.7  6.9  2.04 10.81  8.52 162 1013.4   7.6   6.3   5.9 99.0 99.00
2019 02 05 21 50 239  6.0  7.1  1.69 10.81  7.40 156 1013.7   7.4   6.1   5.5 99.0 99.00
2019 02 05 22 50 239  5.6  6.5  1.74 10.81  7.23 162 1014.4   7.1   5.9   5.5 99.0 99.00
2019 02 05 23 50 243  5.2  6.0  2.08 10.00  8.10 136 1015.2   7.0   5.7   5.4 99.0 99.00
2019 02 06 00 50 250  4.4  5.3  1.89 10.00  7.49 137 1015.7   7.1   5.7   5.5 99.0 99.00
2019 02 06 01 50 278  3.8  4.7  1.92 10.00  7.58 133 1016.1   7.2   5.7   5.3 99.0 99.00
2019 02 06 02 50 321  7.5  9.6  2.06 10.81  7.93 135 1016.4   7.9   5.8   5.2 99.0 99.00
2019 02 06 03 50 326  8.1 10.0  1.98 10.81  7.73 145 1017.4   6.8   5.8   4.3 99.0 99.00
2019 02 06 04 50 325  9.3 11.2  2.00 10.81  7.01 138 1018.0   6.3   5.8   3.1 99.0 99.00
2019 02 06 05 50 326  8.7 10.6  2.05 10.81  6.65 139 1018.8   5.5   5.7   2.1 99.0 99.00
2019 02 06 06 50 332  9.7 12.0  1.92 10.00  6.30 139 1019.4   5.0   5.6   0.2 99.0 99.00
2019 02 06 07 50 343  7.1  9.0  1.75 10.81  5.96 131 1020.0   4.6   5.6   0.1 99.0 99.00
2019 02 06 08 50 345  7.1  8.8  1.61 10.00  6.26 144 1020.2   4.3   5.6  -0.1 99.0 99.00
2019 02 06 09 50 348  7.5  8.9  1.51  9.09  6.17 141 1021.0   4.2   5.5  -0.1 99.0 99.00
2019 02 06 10 50 350  7.0  8.1  1.67 10.00  6.66 141 1021.8   4.0   5.5   0.1 99.0 99.00
2019 02 06 11 50   2  5.5  6.8  1.51 10.00  6.56 142 1022.6   3.9   5.5   0.1 99.0 99.00
2019 02 06 12 50  18  6.5  7.4  1.33 10.00  6.19 150 1022.9   4.1   5.6   0.1 99.0 99.00
2019 02 06 13 50  43  7.4  8.9  1.33 10.00  6.17 145 1023.1   4.2   5.7  -0.1 99.0 99.00
2019 02 06 14 50  59  6.4  7.7  1.47 10.00  6.10 154 1023.7   4.0   5.7  -0.4 99.0 99.00
2019 02 06 15 50  74  5.6  6.8  1.36 10.00  5.94 126 1023.9   4.2   5.8   0.1 99.0 99.00
2019 02 06 16 50  82  5.4  6.7  1.28 10.00  6.13 141 1023.8   4.3   5.8   1.0 99.0 99.00
2019 02 06 17 50  89  5.8  7.2  1.35 10.00  6.01 159 1023.4   4.2   5.8   1.1 99.0 99.00
2019 02 06 18 50  97  5.7  6.8  1.21 10.00  5.78 145 1023.1   4.4   5.8   1.7 99.0 99.00
2019 02 06 19 50 103  6.8  7.8  1.24 10.00  5.78 161 1022.7   4.7   5.8   2.0 99.0 99.00
2019 02 06 20 50 107  6.2  7.2  1.39  9.09  5.83 161 1023.1   4.8   5.9   2.2 99.0 99.00
2019 02 06 21 50 114  6.9  8.3  1.33  9.09  5.74 160 1022.7   4.9   5.8   2.6 99.0 99.00
2019 02 06 22 50 117  8.3  9.8  1.29  9.09  5.24 156 1022.1   4.9   5.8   2.9 99.0 99.00
2019 02 06 23 50 123  8.3 10.1  1.36  9.09  5.38 154 1021.9   5.1   5.7   3.2 99.0 99.00
2019 02 07 00 50 125  8.5 10.2  1.52  9.09  5.28 153 1021.3   5.1   5.6   3.3 99.0 99.00
2019 02 07 01 50 127  9.1 10.4  1.51  9.09  5.13 157 1020.8   4.9   5.6   3.2 99.0 99.00
2019 02 07 02 50 120  9.0 10.6  1.58  9.09  5.21 161 1020.2   4.8   5.6   3.7 99.0 99.00
2019 02 07 03 50 122  9.4 10.9  1.51  9.09  4.84 158 1019.6   5.1   5.5   4.3 99.0 99.00
2019 02 07 04 50 129 10.0 11.9  1.51 10.00  4.82 145 1018.3   5.4   5.5   4.8 99.0 99.00
2019 02 07 05 50 128  8.9 10.8  1.80  5.26  4.91 115 1018.0   5.8   5.5   5.4 99.0 99.00
2019 02 07 06 50 120  7.9  9.3  1.72  5.00  5.10 118 1017.3   6.2   5.5   6.0 99.0 99.00
2019 02 07 07 50 119  8.7 10.3  1.59 10.00  5.03 160 1015.9   6.8   5.5   6.8 99.0 99.00
2019 02 07 08 50 122  8.2  9.7  1.56  5.26  4.98 115 1015.0   7.3   5.5   7.3 99.0 99.00
2019 02 07 09 50  60  5.3  8.1  1.44 10.00  4.97 151 1015.1   7.6   5.5   7.6 99.0 99.00
2019 02 07 10 50  44  9.9 11.7  1.49  9.09  4.83 147 1013.9   5.6   5.4   5.6 99.0 99.00
2019 02 07 11 50  58  8.7 10.3  1.50  9.09  4.76 146 1014.1   5.7   5.4   5.7 99.0 99.00
2019 02 07 12 50  21 10.2 12.1  1.53 10.00  4.66 134 1014.9   5.0   5.4   5.0 99.0 99.00
2019 02 07 13 50  28 12.7 15.9  1.63  5.26  4.71  74 1015.5   4.6   5.4   4.6 99.0 99.00
2019 02 07 14 50  30 11.5 14.5  2.00  5.56  4.91  58 1016.5   4.4   5.4   4.3 99.0 99.00
2019 02 07 15 50  31 10.9 13.6  1.99  5.56  5.02  68 1017.1   4.5   5.4   4.4 99.0 99.00
2019 02 07 16 50  29 10.2 12.0  2.06  5.88  5.02  68 1017.4   4.5   5.4   4.4 99.0 99.00
2019 02 07 17 50  27 11.2 13.5  2.13  5.88  5.27  78 1017.3   4.6   5.4   4.6 99.0 99.00
2019 02 07 18 50  29 10.8 13.1  2.02  6.25  5.05  70 1016.8   4.7   5.4   4.7 99.0 99.00
2019 02 07 19 50  29  7.9  9.5  1.98  6.25  5.05  70 1017.6   4.9   5.4   4.7 99.0 99.00
2019 02 07 20 50  22  6.8  7.9  1.87  6.25  5.12  85 1019.0   5.1   5.4   4.6 99.0 99.00
2019 02 07 21 50  19  8.7 10.0  1.75  6.25  5.15  76 1018.2   4.9   5.3   4.6 99.0 99.00
2019 02 07 22 50  37  7.7  9.3  1.68  6.67  5.04  91 1017.8   5.0   5.3   4.7 99.0 99.00
2019 02 07 23 50  31  7.5  9.1  1.63  6.25  5.02  97 1018.4   4.9   5.4   4.8 99.0 99.00
2019 02 08 00 50  27  7.1  9.0  1.52  5.88  4.96  86 1018.7   4.7   5.3   4.7 99.0 99.00
2019 02 08 01 50  35  7.0  8.6  1.47  6.25  4.97  88 1018.5   4.4   5.2   4.4 99.0 99.00
2019 02 08 02 50  44  5.0  6.3  1.54  5.88  5.17  88 1017.9   4.3   5.1   4.3 99.0 99.00
2019 02 08 03 50  71  6.7  7.8  1.49  5.88  5.19  96 1015.9   4.4   5.0   4.4 99.0 99.00
2019 02 08 04 50  70  4.2  5.0  1.26  6.25  5.14 116 1016.9   4.6   5.0   4.6 99.0 99.00
2019 02 08 05 50 107  4.8  5.8  1.44  5.88  5.58 107 1015.8   4.8   5.0   4.8 99.0 99.00
2019 02 08 06 50 127  5.5  6.4  1.35  9.09  5.48 123 1014.3   4.7   4.9   4.7 99.0 99.00
2019 02 08 07 50 152  6.0  7.3  1.23  6.25  5.24 135 1013.0   5.1   4.9   5.1 99.0 99.00
2019 02 08 08 50 278  3.1  4.1  1.29  6.25  5.31 133 1014.4   5.3   4.9   5.3 99.0 99.00
2019 02 08 09 50 306  2.8  3.8  1.27  6.67  5.58 117 1014.4   5.0   4.9   5.0 99.0 99.00
2019 02 08 10 50 157  3.6  4.3  1.18  9.09  5.63 133 1012.4   4.8   4.9   4.8 99.0 99.00
2019 02 08 11 50 345  0.7  1.2  1.14  8.33  5.47 159 1012.7   5.0   4.9   5.0 99.0 99.00
2019 02 08 12 50 251  1.8  2.3  1.12  6.25  5.63 121 1013.8   5.0   4.9   5.0 99.0 99.00
2019 02 08 13 50 234  3.0  3.4  1.04  8.33  5.75 152 1013.7   5.4   4.9   5.4 99.0 99.00
2019 02 08 14 50 189  2.6  3.3  1.02  9.09  5.84 139 1012.3   5.5   4.9   5.5 99.0 99.00
2019 02 08 15 50 187  6.1  7.1  0.98  7.14  5.82 155 1010.9   5.8   4.9   5.8 99.0 99.00
2019 02 08 16 50 214  6.4  7.3  1.09  9.09  5.92 113 1010.9   6.4   4.9   6.4 99.0 99.00
2019 02 08 17 50 244  8.6 10.7  0.94  6.25  4.98 146 1011.5   6.4   4.9   6.4 99.0 99.00
2019 02 08 18 50 247  8.4  9.8  1.01  7.69  4.40 134 1011.5   6.1   4.9   6.0 99.0 99.00
2019 02 08 19 50 240  9.0 10.5  1.09  7.14  4.29 152 1012.0   6.8   4.9   5.9 99.0 99.00
2019 02 08 20 50 242  9.6 11.4  1.19  4.35  4.37 216 1012.2   7.3   4.9   5.2 99.0 99.00
2019 02 08 21 50 245  8.8 10.7  1.30  4.76  4.50 214 1012.7   7.0   4.9   4.7 99.0 99.00
2019 02 08 22 50 251 10.7 12.8  1.33  4.55  4.45 233 1013.6   7.3   4.9   2.0 99.0 99.00
2019 02 08 23 50 257 10.4 12.4  1.58  5.26  4.59 220 1015.0   7.3   4.9  -0.5 99.0 99.00
2019 02 09 00 50 262 12.5 15.2  1.60  5.26  4.62 225 1016.2   6.9   4.9  -2.0 99.0 99.00
2019 02 09 01 50 259 12.5 15.0  1.79  5.88  4.75 227 1017.5   6.1   5.0  -1.7 99.0 99.00
2019 02 09 02 50 283 12.3 14.9  2.18  6.25  5.16 227 1019.0   4.9   5.0  -2.4 99.0 99.00
2019 02 09 03 50 289 12.1 14.8  2.10  6.25  5.16 232 1020.4   3.5   5.0  -4.0 99.0 99.00
2019 02 09 04 50 277 13.4 16.3  2.02  7.14  5.16 212 1021.2   2.7   5.0  -5.4 99.0 99.00
2019 02 09 05 50 275 15.4 18.8  2.11  7.14  4.96 235 1022.2   1.3   5.0  -7.6 99.0 99.00
2019 02 09 06 50 289 14.3 17.6  2.32  7.14  5.16 222 1023.1   0.7   5.0  -6.8 99.0 99.00
2019 02 09 07 50 287 14.2 17.7  2.40  7.14  5.12 221 1024.4  -0.2   5.0  -8.1 99.0 99.00
2019 02 09 08 50 282 14.1 17.3  2.43  7.14  5.18 226 1025.3  -0.8   5.1  -9.0 99.0 99.00
2019 02 09 09 50 289 14.4 18.5  2.08  6.67  4.97 240 1026.6  -1.3   5.1  -9.5 99.0 99.00
2019 02 09 10 50 291 15.0 18.4  2.20  6.25  5.13 243 1027.2  -1.7   5.1  -9.3 99.0 99.00
2019 02 09 11 50 289 13.4 16.7  2.10  6.67  5.04 234 1028.8  -2.0   5.1  -9.3 99.0 99.00
2019 02 09 12 50 294 12.5 15.2  2.01  6.67  4.84 233 1030.4  -2.2   5.1  -9.7 99.0 99.00
2019 02 09 13 50 290 12.6 17.7  1.88  5.56  4.65 244 1031.3  -2.5   5.1 -10.7 99.0 99.00
2019 02 09 14 50 287 12.0 15.0  1.81  7.14  4.60 220 1032.5  -2.7   5.1 -10.6 99.0 99.00
2019 02 09 15 50 293 13.9 16.7  2.01  5.88  4.75 236 1032.7  -2.2   5.1 -10.6 99.0 99.00
2019 02 09 16 50 297 10.9 13.2  1.76  5.88  4.47 245 1033.6  -1.7   5.1 -10.4 99.0 99.00
2019 02 09 17 50 284 11.9 15.4  1.63  5.88  4.42 244 1032.7  -1.2   5.2  -9.8 99.0 99.00
2019 02 09 18 50 299 12.8 16.5  1.43  5.26  4.26 246 1032.9  -0.1   5.2  -9.4 99.0 99.00
2019 02 09 19 50 293 12.5 15.8  1.57  4.35  4.23 285 1033.5   0.5   5.3  -8.9 99.0 99.00
2019 02 09 20 50 294 11.1 13.9  1.65  4.55  4.31 280 1034.1   0.7   5.2  -9.3 99.0 99.00
2019 02 09 21 50 295 13.1 16.0  1.51  4.35  4.27 289 1034.5   0.9   5.0 -10.0 99.0 99.00
2019 02 09 22 50 295 10.8 13.5  1.47  5.56  4.23 234 1035.6   0.8   5.0 -10.5 99.0 99.00
2019 02 09 23 50 300  9.1 11.3  1.33  5.26  4.10 241 1036.8   0.6   4.9 -10.9 99.0 99.00
2019 02 10 00 50 302  9.1 11.3  1.25  5.26  4.08 234 1037.6   0.3   4.9 -11.7 99.0 99.00
2019 02 10 01 50 299  8.4 10.9  1.12  4.76  3.93 239 1038.0   0.2   4.9 -11.0 99.0 99.00
2019 02 10 02 50 305  9.6 11.1  1.09  5.26  3.92 227 1038.6   0.0   4.9 -11.1 99.0 99.00
2019 02 10 03 50 302  9.8 12.0  0.99  4.76  3.83 238 1038.5  -0.2   4.8 -11.0 99.0 99.00
2019 02 10 04 50 306  9.1 11.0  0.97  4.00  3.74 244 1038.7  -0.6   4.8 -11.1 99.0 99.00
2019 02 10 05 50 309 10.2 12.0  1.04  3.85  3.76 267 1038.7  -0.8   4.8 -10.3 99.0 99.00
2019 02 10 06 50 317  8.9 11.3  1.01  4.76  3.71 234 1038.3  -1.2   4.8 -10.3 99.0 99.00
2019 02 10 07 50 323  8.4 10.2  0.98  4.00  3.74 293 1037.6  -1.8   4.8 -11.1 99.0 99.00
2019 02 10 08 50 320  7.6  9.5  1.00  4.00  3.75 322 1037.3  -2.2   4.8 -10.3 99.0 99.00
2019 02 10 09 50 320  7.3  9.8  0.97  4.17  3.67 332 1038.0  -2.3   4.8 -10.6 99.0 99.00
2019 02 10 10 50 306  8.1  9.9  0.90  3.85  3.70 334 1038.4  -2.3   4.8  -9.5 99.0 99.00
2019 02 10 11 50 295  5.5  8.0  0.80  3.70  3.56 332 1038.5  -2.4   4.8  -9.7 99.0 99.00
2019 02 10 12 50 286  5.1  6.7  0.66  3.45  3.48 323 1038.1  -2.1   4.8  -9.4 99.0 99.00
2019 02 10 13 50 294  5.2  6.7  0.58  3.45  3.47 318 1038.0  -2.1   4.7  -9.4 99.0 99.00
2019 02 10 14 50 291  5.4  7.3  0.54  3.03  3.33 285 1037.6  -2.3   4.5  -8.6 99.0 99.00
2019 02 10 15 50 271  4.3  6.1  0.48  3.70  3.33 249 1036.8  -2.2   4.6  -8.8 99.0 99.00
2019 02 10 16 50 262  5.5  7.0  0.43  3.45  3.24 236 1036.0  -2.1   4.7  -8.8 99.0 99.00
2019 02 10 17 50 258  6.2  7.8  0.44  2.86  3.19 270 1034.9  -1.5   5.0  -8.3 99.0 99.00
2019 02 10 18 50 247  7.2  9.3  0.48  2.60  3.00 256 1033.8  -1.0   5.1  -8.0 99.0 99.00
2019 02 10 19 50 247  8.3 10.0  0.60  3.45  3.17 244 1033.1  -0.4   5.1  -6.8 99.0 99.00
2019 02 10 20 50 255  7.8 10.1  0.69  3.45  3.26 242 1032.7   0.2   5.2  -6.5 99.0 99.00
2019 02 10 21 50 259  7.3  8.9  0.77  3.70  3.44 244 1031.9   0.6   5.3  -5.9 99.0 99.00
2019 02 10 22 50 256  7.4  9.4  0.78  4.00  3.56 244 1031.1   0.8   5.3  -5.7 99.0 99.00
2019 02 10 23 50 263  6.7  8.4  0.79  4.35  3.68 243 1031.2   1.1   5.3  -7.3 99.0 99.00
2019 02 11 00 50 260  6.5  8.1  0.76  4.17  3.59 237 1031.1   1.4   5.3  -6.6 99.0 99.00
2019 02 11 01 50 267  5.6  7.7  0.80  4.55  3.77 238 1030.3   1.4   5.2  -7.7 99.0 99.00
2019 02 11 02 50 273  5.3  6.3  0.65  4.17  3.60 234 1029.9   1.5   5.2  -7.3 99.0 99.00
2019 02 11 03 50 266  4.9  6.3  0.60  4.35  3.64 231 1029.8   1.7   5.4  -7.7 99.0 99.00
2019 02 11 04 50 263  5.9  7.3  0.57  4.17  3.57 234 1029.4   1.8   5.5  -6.7 99.0 99.00
2019 02 11 05 50 261  4.4  5.9  0.56  4.00  3.40 231 1028.4   1.8   5.2  -6.4 99.0 99.00
2019 02 11 06 50 265  3.3  4.4  0.54  3.85  3.55 234 1027.7   2.0   5.0  -8.0 99.0 99.00
2019 02 11 07 50 241  1.5  2.5  0.48  3.70  3.48 242 1026.9   1.8   5.0  -6.9 99.0 99.00
2019 02 11 08 50 238  2.6  3.5  0.43  3.57  3.53 237 1026.3   1.7   4.9  -6.7 99.0 99.00
2019 02 11 09 50 279  2.0  2.9  0.39  3.57  3.58 238 1025.9   1.3   4.9  -5.8 99.0 99.00
2019 02 11 10 50 346  2.9  3.7  0.38  3.57  3.64 225 1025.8   1.4   4.8  -7.2 99.0 99.00
2019 02 11 11 50 312  1.9  3.0  0.34  3.70  3.84 218 1025.9   1.3   4.8  -6.8 99.0 99.00
2019 02 11 12 50 339  3.1  4.1  0.36  3.57  3.82 224 1026.3   1.4   4.8  -7.2 99.0 99.00
2019 02 11 13 50 334  3.4  4.9  0.33  3.70  3.85 220 1026.6   1.3   4.9  -4.8 99.0 99.00
2019 02 11 14 50  15  5.3  6.5  0.35  3.57  4.02 225 1026.5   1.5   4.9  -5.3 99.0 99.00
2019 02 11 15 50  26  6.3  7.6  0.36 12.90  3.37  53 1026.1   1.3   5.0  -6.2 99.0 99.00
2019 02 11 16 50  21  6.7  8.1  0.47  2.94  3.13  24 1025.8   1.1   5.1  -6.4 99.0 99.00
2019 02 11 17 50  30  5.8  7.0  0.48  3.03  3.21  33 1025.7   1.2   5.1  -6.3 99.0 99.00
2019 02 11 18 50  43  4.9  5.6  0.48  3.13  3.33  43 1025.6   1.0   5.1  -6.6 99.0 99.00
2019 02 11 19 50  46  4.9  6.2  0.42  3.13  3.35  45 1025.6   0.9   5.2  -5.5 99.0 99.00
2019 02 11 20 50  69  4.1  5.4  0.44  3.33  3.39  53 1025.8   0.9   5.2  -5.6 99.0 99.00
2019 02 11 21 50  62  1.9  3.1  0.40  3.33  3.47  63 1026.5   1.0   5.1  -6.3 99.0 99.00
2019 02 11 22 50  47  2.0  2.8  0.34  3.33  3.51  52 1026.8   1.1   5.1  -6.2 99.0 99.00
2019 02 11 23 50  63  1.3  2.2  0.33  3.13  3.67  54 1027.4   1.2   5.0  -6.0 99.0 99.00
2019 02 12 00 50  50  1.9  2.4  0.30  9.09  3.84 189 1027.9   1.3   5.0  -6.2 99.0 99.00
2019 02 12 01 50  41  2.0  2.9  0.28  7.69  3.90 224 1028.4   1.4   4.9  -5.8 99.0 99.00
2019 02 12 02 50  29  2.7  3.6  0.27  9.09  4.14 147 1028.8   1.5   5.0  -5.7 99.0 99.00
2019 02 12 03 50  21  2.5  3.3  0.28 10.00  4.32 220 1029.0   1.7   5.0  -5.7 99.0 99.00
2019 02 12 04 50  11  2.6  3.7  0.28  7.69  4.47 142 1029.5   1.8   5.0  -5.4 99.0 99.00
2019 02 12 05 50  44  3.7  5.0  0.29  3.70  4.37  83 1029.7   1.9   5.0  -5.1 99.0 99.00
2019 02 12 06 50  46  8.3  9.8  0.32  8.33  3.59 133 1029.2   1.6   5.1  -5.8 99.0 99.00
2019 02 12 07 50  47  7.9 10.0  0.59  3.33  3.26  59 1029.7   1.0   5.1  -7.1 99.0 99.00
2019 02 12 08 50  48  8.6 10.8  0.87  4.17  3.67  56 1029.4   0.7   5.1  -7.3 99.0 99.00
2019 02 12 09 50  52  8.8 10.2  1.07  4.55  3.88  48 1030.4   0.4   5.1  -7.2 99.0 99.00
2019 02 12 10 50  64  9.6 11.2  1.16  4.35  3.94  50 1029.5   0.1   5.1  -7.0 99.0 99.00
2019 02 12 11 50  63 10.6 12.3  1.13  4.35  3.85  57 1028.9  -0.1   5.1  -5.4 99.0 99.00
2019 02 12 12 50  75 11.0 13.4  1.17  4.55  3.98  65 1029.0   0.0   5.1  -4.6 99.0 99.00
2019 02 12 13 50  75 11.7 14.0  1.48  5.26  4.33  78 1028.6   0.1   5.0  -3.8 99.0 99.00
2019 02 12 14 50  87 10.8 12.5  1.68  5.00  4.53  75 1029.0   0.0   5.0  -4.1 99.0 99.00
2019 02 12 15 50  90 10.5 12.8  1.61  5.26  4.59  79 1029.2  -0.5   5.1  -1.6 99.0 99.00
2019 02 12 16 50  96 12.0 14.0  1.73  5.88  4.57  95 1026.8  -0.3   5.0  -0.9 99.0 99.00
2019 02 12 17 50  98 11.1 13.2  1.82  5.88  4.72  93 1026.1   0.0   5.1  -0.6 99.0 99.00
2019 02 12 18 50  94 12.7 15.8  2.03  6.25  4.92  95 1023.2   0.3   5.1  -0.1 99.0 99.00
2019 02 12 19 50 100 12.9 16.2  2.06  6.25  5.04  90 1021.4   1.1   5.1   0.1 99.0 99.00
2019 02 12 20 50 107 11.5 14.2  2.35  6.25  5.22  92 1021.4   1.2   5.1   0.4 99.0 99.00
2019 02 12 21 50 103 13.4 15.4  2.48  6.25  5.42 101 1018.9   1.9   5.1   0.8 99.0 99.00
2019 02 12 22 50 102 13.6 16.2  2.44  6.67  5.27 107 1017.7   2.5   5.2   1.4 99.0 99.00
2019 02 12 23 50 100 12.9 15.3  2.78  7.14  5.58 106 1016.3   3.1   5.2   2.5 99.0 99.00
2019 02 13 01 50 109 14.3 17.5  2.90  7.14  5.72 107 1010.0   4.8   5.2   4.4 99.0 99.00
2019 02 13 02 50 111 13.1 16.9  2.89  7.14  5.75 116 1008.0   5.5   5.2   5.3 99.0 99.00
2019 02 13 03 50 121 12.1 14.5  3.09  7.69  6.12 125 1005.3   6.2   5.3   6.1 99.0 99.00
2019 02 13 04 50 139  9.3 11.8  2.77  7.69  5.86 125 1004.1   7.0   5.3   7.0 99.0 99.00
2019 02 13 05 50 155  8.4  9.8  2.79  7.69  6.14 121 1001.5   8.0   5.3   8.0 99.0 99.00
2019 02 13 06 50 186  8.4 10.1  2.71  9.09  6.30 137 1000.4   8.9   5.3   8.9 99.0 99.00
2019 02 13 07 50 206  5.6  6.6  2.55  9.09  6.27 120  999.7   8.0   5.3   8.0 99.0 99.00
2019 02 13 08 50 201  5.2  6.2  2.75  9.09  6.77 129  998.1   7.6   5.3   7.6 99.0 99.00
2019 02 13 09 50 241  7.6  9.2  2.76  9.09  6.62 104  999.0   6.9   5.4   6.9 99.0 99.00
2019 02 13 10 50 247  6.9  8.4  2.18  8.33  6.26 103 1000.0   5.3   5.3   5.3 99.0 99.00
2019 02 13 11 50 260  8.8 10.5  2.27  9.09  6.59 109 1001.5   3.8   5.3   3.8 99.0 99.00
2019 02 13 12 50 268  9.5 11.7  2.21 10.00  6.05 127 1002.6   3.1   5.3   2.8 99.0 99.00
2019 02 13 13 50 263  9.6 11.8  2.06  9.09  5.76 125 1002.5   3.9   5.2   2.3 99.0 99.00
2019 02 13 14 50 257 11.0 13.1  2.07  8.33  5.63 111 1003.4   4.4   5.0   1.7 99.0 99.00
2019 02 13 15 50 255 11.1 13.2  2.15  8.33  5.61 124 1003.9   4.6   5.0   0.9 99.0 99.00
2019 02 13 16 50 250  9.2 11.3  1.97  9.09  5.58 124 1004.0   4.7   5.0   0.6 99.0 99.00
2019 02 13 17 50 247 11.6 14.0  1.90  5.56  5.09 214 1003.7   5.0   5.1  -0.3 99.0 99.00
2019 02 13 18 50 252 12.0 14.6  2.15  5.88  5.40 209 1003.6   4.8   5.1  -0.6 99.0 99.00
2019 02 13 19 50 251 12.6 16.4  2.31  6.25  5.41 217 1004.2   4.9   5.1  -2.1 99.0 99.00
2019 02 13 20 50 253 11.4 14.1  2.39 10.00  5.84 141 1005.0   4.7   5.1  -1.8 99.0 99.00
2019 02 13 21 50 254 13.2 16.2  2.38  6.25  5.59 235 1005.1   4.4   5.1  -1.2 99.0 99.00
2019 02 13 22 50 257 13.6 16.7  2.50  6.67  5.64 241 1006.0   4.0   5.1  -2.5 99.0 99.00
2019 02 13 23 50 247 16.2 20.0  2.54  9.09  5.73 133 1006.4   3.5   5.1  -2.2 99.0 99.00
2019 02 14 00 50 256 15.1 18.3  2.81  6.67  5.88 242 1007.4   3.2   5.0  -3.1 99.0 99.00
2019 02 14 01 50 261 14.2 17.9  2.65  6.67  5.79 236 1008.4   2.9   5.0  -4.3 99.0 99.00
2019 02 14 02 50 265 14.2 16.9  2.93  7.69  6.02 228 1009.1   2.7   5.0  -5.5 99.0 99.00
2019 02 14 03 50 263 13.9 17.1  3.20  7.69  6.22 231 1009.5   2.6   5.0  -4.9 99.0 99.00
2019 02 14 04 50 258 14.1 17.0  2.78  7.69  5.91 220 1009.9   2.5   4.9  -5.2 99.0 99.00
2019 02 14 05 50 259 13.9 16.2  3.01  7.69  5.93 218 1010.4   2.3   4.9  -5.3 99.0 99.00
2019 02 14 06 50 264 12.5 16.6  2.54  7.14  5.61 222 1010.6   2.3   4.9  -4.3 99.0 99.00
2019 02 14 07 50 266 12.9 15.9  2.49  6.67  5.69 237 1011.2   2.1   4.9  -5.0 99.0 99.00
2019 02 14 08 50 264 12.8 15.2  2.43  7.14  5.65 228 1011.5   2.1   4.9  -4.3 99.0 99.00
2019 02 14 09 50 263 13.8 15.9  2.52  7.14  5.55 228 1012.4   1.9   4.9  -4.5 99.0 99.00
2019 02 14 10 50 264 14.0 16.7  2.36  6.25  5.39 239 1013.6   1.8   4.8  -5.0 99.0 99.00
2019 02 14 11 50 266 13.5 16.7  2.35  6.67  5.34 232 1014.6   1.7   4.8  -5.5 99.0 99.00
2019 02 14 12 50 263 12.8 15.9  2.34  6.67  5.41 228 1015.8   1.7   4.8  -5.6 99.0 99.00
2019 02 14 13 50 273 11.6 14.6  2.32  6.67  5.59 226 1016.6   1.6   4.8  -6.1 99.0 99.00
2019 02 14 14 50 266 10.6 13.0  2.17  6.67  5.39 226 1016.8   1.5   4.8  -6.2 99.0 99.00
2019 02 14 15 50 257  8.6 10.5  1.94  6.67  5.34 216 1017.4   1.8   4.8  -5.5 99.0 99.00
2019 02 14 16 50 261  8.2 10.2  1.80  6.25  5.21 227 1017.0   1.9   4.9  -5.8 99.0 99.00
2019 02 14 17 50 254  8.7 10.7  1.67  6.67  5.08 217 1016.8   2.2   4.9  -5.5 99.0 99.00
2019 02 14 18 50 255  8.0 10.5  1.58  6.25  5.09 215 1017.1   2.8   4.9  -4.6 99.0 99.00
2019 02 14 19 50 246  8.2  9.9  1.41  6.25  4.84 217 1017.4   3.3   5.0  -2.9 99.0 99.00
2019 02 14 20 50 248  7.0  8.6  1.38  8.33  4.86 165 1017.4   3.7   5.0  -2.6 99.0 99.00
2019 02 14 21 50 237  7.2  8.5  1.23  6.25  4.74 213 1018.0   4.2   5.0  -3.1 99.0 99.00
2019 02 14 22 50 231  7.9  9.2  1.22  6.25  4.72 214 1018.7   4.3   5.0  -1.2 99.0 99.00
2019 02 14 23 50 225  5.4  6.4  1.05  5.88  4.58 216 1018.8   4.6   4.9  -1.1 99.0 99.00
2019 02 15 00 50 204  4.2  5.3  0.94  5.88  4.46 213 1019.0   4.9   4.9  -0.4 99.0 99.00
2019 02 15 01 50 189  4.1  5.0  0.88  5.56  4.58 214 1018.8   5.2   4.9   0.5 99.0 99.00
2019 02 15 02 50 189  4.3  4.9  0.82  5.56  4.71 210 1018.7   5.5   4.9   0.7 99.0 99.00
2019 02 15 03 50 167  6.0  7.2  0.75  5.56  4.50 212 1018.2   5.7   4.9   1.6 99.0 99.00
2019 02 15 04 50 172  6.0  6.9  0.79  5.26  4.32 210 1018.0   5.8   4.9   2.7 99.0 99.00
2019 02 15 05 50 186  5.8  6.8  0.73  6.67  3.95 198 1018.5   6.1   4.9   3.8 99.0 99.00
2019 02 15 06 50 184  5.5  6.4  0.77  4.76  4.07 210 1018.2   6.2   4.9   4.1 99.0 99.00
2019 02 15 07 50 161  6.7  7.8  0.82  3.57  3.88 209 1016.6   6.2   5.0   3.8 99.0 99.00
2019 02 15 08 50 146  7.7  8.9  0.81  4.00  3.91 208 1015.3   6.1   5.0   4.0 99.0 99.00
2019 02 15 09 50 156  9.1 10.6  0.89  3.70  3.77 194 1014.3   6.7   5.0   3.8 99.0 99.00
2019 02 15 10 50 156  9.7 11.3  1.04  4.17  3.92 198 1013.6   7.1   5.2   4.6 99.0 99.00
2019 02 15 11 50 164 10.7 12.7  1.12  4.35  4.04 185 1012.7   7.8   5.3   5.7 99.0 99.00
2019 02 15 12 50 167 10.5 12.2  1.35  4.76  4.23 182 1012.6   8.1   5.3   6.4 99.0 99.00
2019 02 15 13 50 175 10.2 12.8  1.33  5.26  4.23 188 1011.9   8.9   5.4   7.0 99.0 99.00
2019 02 15 14 50 178 10.3 11.8  1.58  5.00  4.54 174 1011.2   9.1   5.3   7.2 99.0 99.00
2019 02 15 15 50 185  8.7 10.3  1.52  5.56  4.56 186 1010.7   8.9   5.4   7.0 99.0 99.00
2019 02 15 16 50 185  9.1 11.7  1.43  5.56  4.45 182 1009.4   9.1   5.4   7.3 99.0 99.00
2019 02 15 17 50 185  9.8 11.4  1.60  5.56  4.69 183 1007.8   9.1   5.4   7.1 99.0 99.00
2019 02 15 18 50 187 10.5 12.5  1.62  5.88  4.65 181 1006.3   9.3   5.3   7.6 99.0 99.00
2019 02 15 19 50 189 11.4 13.6  1.67  5.56  4.68 181 1005.2   9.5   5.3   7.9 99.0 99.00
2019 02 15 20 50 190 11.2 13.3  2.08  5.88  5.00 175 1004.8   9.4   5.3   7.8 99.0 99.00
2019 02 15 21 50 189 10.7 12.9  2.14  6.25  5.14 181 1004.7   9.1   5.3   8.1 99.0 99.00
2019 02 15 22 50 195 10.2 12.6  2.19  6.25  5.19 186 1004.8   9.2   5.3   8.5 99.0 99.00
2019 02 15 23 50 197  9.5 11.0  2.50  6.67  5.58 175 1005.2   8.9   5.4   8.2 99.0 99.00
2019 02 16 00 50 197  9.4 11.0  2.26  6.67  5.42 175 1005.1   8.7   5.4   8.1 99.0 99.00
2019 02 16 01 50 201  7.8  9.1  2.09  6.67  5.40 174 1004.9   8.5   5.3   8.2 99.0 99.00
2019 02 16 02 50 203  6.9  8.2  2.27  7.14  5.69 178 1004.5   8.0   5.3   7.8 99.0 99.00
2019 02 16 03 50 208  7.4  8.4  2.20  7.14  5.71 165 1003.9   8.4   5.2   7.8 99.0 99.00
2019 02 16 04 50 228  5.4  6.5  2.01  7.14  5.61 160 1004.3   7.2   5.2   6.4 99.0 99.00
2019 02 16 05 50 247  6.5  7.5  2.05  7.14  5.61 143 1004.8   6.3   5.2   5.2 99.0 99.00
2019 02 16 06 50 282  7.4  9.2  1.85  7.69  5.55 138 1004.9   6.6   5.1   4.8 99.0 99.00
2019 02 16 07 50 324  5.8  7.1  1.91  7.69  5.95 130 1005.7   5.7   5.1   3.0 99.0 99.00
2019 02 16 08 50 317  5.0  6.1  1.75  7.14  5.75 144 1006.5   5.3   5.1   1.6 99.0 99.00
2019 02 16 09 50 313  6.2  7.7  1.80  7.69  6.10 139 1007.0   5.0   5.0   0.4 99.0 99.00
2019 02 16 10 50 304  6.9  8.6  1.66  8.33  5.97 146 1007.7   4.6   5.0  -0.2 99.0 99.00
2019 02 16 11 50 320  7.3  9.0  1.64  8.33  5.85 154 1008.3   3.7   5.0  -2.5 99.0 99.00
2019 02 16 12 50 328  6.5  7.9  1.92  9.09  6.24 162 1009.9   2.9   5.0  -4.1 99.0 99.00
2019 02 16 13 50 320  7.5  9.8  1.90  9.09  6.19 155 1010.6   2.6   5.0  -5.5 99.0 99.00
2019 02 16 14 50 303  7.1  8.8  1.82  9.09  6.28 167 1010.5   2.3   5.0  -5.7 99.0 99.00
2019 02 16 15 50 312  5.9  7.7  1.84 10.00  6.40 166 1010.6   2.1   5.0  -5.7 99.0 99.00
2019 02 16 16 50 295  6.5  8.3  1.77  8.33  6.36 159 1010.4   2.2   5.0  -5.7 99.0 99.00
2019 02 16 17 50 289  5.8  7.3  1.70  8.33  6.31 157 1009.8   2.4   5.0  -5.5 99.0 99.00
2019 02 16 18 50 279  6.6  8.0  1.70  9.09  6.65 173 1009.9   3.1   5.0  -4.9 99.0 99.00
2019 02 16 19 50 286  7.5  9.0  1.48  8.33  5.95 152 1009.7   3.8   5.0  -4.2 99.0 99.00
2019 02 16 20 50 291  7.1  8.4  1.42  8.33  5.51 145 1009.9   4.2   5.0  -4.4 99.0 99.00
2019 02 16 21 50 292  7.6  8.9  1.32  7.69  5.21 143 1010.1   4.3   4.9  -4.2 99.0 99.00
2019 02 16 22 50 297  7.4  8.9  1.29  9.09  5.47 151 1011.0   4.3   4.9  -3.8 99.0 99.00
2019 02 16 23 50 307  6.2  7.6  1.18  8.33  5.13 152 1012.4   4.2   4.8  -3.0 99.0 99.00
2019 02 17 00 50 323  8.5 10.4  1.09  8.33  4.96 151 1013.1   3.7   4.8  -3.9 99.0 99.00
2019 02 17 01 50 324  9.3 11.1  1.23  8.33  4.59 150 1013.7   2.8   4.7  -5.6 99.0 99.00
2019 02 17 02 50 328  9.0 10.8  1.21  8.33  4.40 144 1014.3   1.9   4.7  -5.5 99.0 99.00
2019 02 17 03 50 329  9.1 10.6  1.11  8.33  4.36 149 1014.9   1.3   4.6  -5.3 99.0 99.00
2019 02 17 04 50 328  9.4 12.0  1.14  7.69  4.12 147 1015.4   0.7   4.6  -5.5 99.0 99.00
2019 02 17 05 50 331  9.7 12.3  1.19  3.85  4.17 339 1015.7   0.2   4.5  -5.6 99.0 99.00
2019 02 17 06 50 328 10.0 11.8  1.15  4.17  3.98 327 1016.3   0.0   4.5  -5.5 99.0 99.00
2019 02 17 07 50 337 10.2 12.7  1.18  4.17  4.12 333 1016.1  -0.2   4.5  -5.4 99.0 99.00
2019 02 17 08 50 350  9.8 11.3  1.28  4.17  4.11 334 1016.2  -0.2   4.5  -5.7 99.0 99.00
2019 02 17 09 50 349  9.5 11.4  1.26  4.55  4.21   2 1017.5  -0.4   4.5  -6.5 99.0 99.00
2019 02 17 10 50 360  8.6 11.1  1.36  5.00  4.48  16 1018.3  -0.8   4.4  -7.0 99.0 99.00
2019 02 17 11 50   9  7.4  9.3  1.10  4.55  4.16  18 1018.7  -0.9   4.4  -6.8 99.0 99.00
2019 02 17 12 50  19  7.4  9.0  1.00  7.14  4.21 111 1019.7  -1.0   4.4  -7.2 99.0 99.00
2019 02 17 13 50  16  5.8  7.7  0.91  7.69  4.33 132 1021.1  -1.1   4.5  -7.4 99.0 99.00
2019 02 17 14 50  11  4.5  6.3  0.79  7.69  4.42 123 1021.4  -1.2   4.6  -7.8 99.0 99.00
2019 02 17 15 50   9  2.4  3.5  0.78  7.69  4.65 115 1021.7  -1.1   4.6  -8.2 99.0 99.00
2019 02 17 16 50  48  2.9  4.6  0.72  8.33  4.60 148 1020.7  -1.1   4.7  -7.5 99.0 99.00
2019 02 17 17 50 117  0.8  1.6  0.75  7.69  4.92 129 1020.5  -0.4   4.9  -7.5 99.0 99.00
2019 02 17 18 50 258  1.7  2.5  0.72  7.69  5.38 145 1021.3  -0.4   5.1  -6.9 99.0 99.00
2019 02 17 19 50 319  0.4  1.4  0.68  8.33  5.53 118 1020.1  -0.4   5.0  -6.6 99.0 99.00
2019 02 17 20 50 177  2.6  3.8  0.74  8.33  5.76 128 1019.0  -0.1   4.9  -5.9 99.0 99.00
2019 02 17 21 50 159  3.0  4.4  0.65  9.09  5.83 145 1017.9   0.4   4.9  -5.2 99.0 99.00
2019 02 17 22 50 150  1.9  2.7  0.69  8.33  6.36 136 1018.7   0.5   4.8  -4.9 99.0 99.00
2019 02 17 23 50 145  1.8  2.7  0.73  8.33  6.60 125 1018.7   0.9   4.7  -4.6 99.0 99.00
2019 02 18 00 50 186  3.0  4.2  0.74  8.33  6.77 105 1018.7   1.2   4.6  -4.6 99.0 99.00
2019 02 18 01 50 154  3.8  5.4  0.65  8.33  6.68 127 1017.4   1.7   4.6  -3.3 99.0 99.00
2019 02 18 02 50 141  5.1  6.4  0.71  8.33  6.69 143 1016.1   1.9   4.6  -2.7 99.0 99.00
2019 02 18 03 50 165  3.0  4.1  0.70  8.33  5.70 151 1017.5   2.1   4.5  -1.5 99.0 99.00
2019 02 18 04 50 119  3.8  5.1  0.72  8.33  5.91 163 1015.7   1.5   4.5  -0.1 99.0 99.00
2019 02 18 05 50  85  4.7  5.7  0.71  9.09  5.68 167 1014.5   1.5   4.4  -0.2 99.0 99.00
2019 02 18 06 50  67  5.6  6.8  0.72  8.33  5.73 163 1014.1   1.3   4.4   0.0 99.0 99.00
2019 02 18 07 50  56  6.9  8.2  0.72  8.33  4.96 138 1013.0   0.9   4.4   0.3 99.0 99.00
2019 02 18 08 50  63  7.2  8.4  0.76  7.69  4.15 126 1011.7   1.5   4.6   1.1 99.0 99.00
2019 02 18 09 50  71  9.1 10.6  0.92  7.69  4.07 159 1010.1   1.7   4.7   1.2 99.0 99.00
2019 02 18 10 50  76  9.8 11.4  1.03  8.33  4.15 142 1008.5   2.2   4.7   1.7 99.0 99.00
2019 02 18 11 50  80  8.7 10.5  1.23  4.35  4.34  93 1008.9   2.7   4.7   2.0 99.0 99.00
2019 02 18 12 50  95  9.0 10.6  1.37  4.55  4.56  94 1007.7   3.2   4.8   2.3 99.0 99.00
2019 02 18 13 50  94  6.9  8.1  1.39  5.00  4.59  95 1008.1   3.4   4.9   3.0 99.0 99.00
2019 02 18 14 50  66  4.5  5.3  1.35  5.56  4.78  98 1008.7   3.5   5.0   3.2 99.0 99.00
2019 02 18 15 50  21  3.3  3.9  1.25  5.56  4.66  95 1009.0   3.6   5.0   3.3 99.0 99.00
2019 02 18 16 50   6  4.2  5.1  1.36  5.56  4.97  84 1009.0   3.3   5.0   3.1 99.0 99.00
2019 02 18 17 50 330  4.9  5.6  1.34  5.56  4.85  68 1009.4   2.5   5.0   2.2 99.0 99.00
2019 02 18 18 50 295  5.2  6.3  1.19  5.26  4.82  72 1010.2   2.3   5.0   1.8 99.0 99.00
2019 02 18 19 50 278  6.8  8.4  1.13  5.56  4.93  83 1010.7   2.6   5.0   1.5 99.0 99.00
2019 02 18 20 50 279  8.7 10.5  1.20  5.26  4.47  87 1011.2   3.5   5.0   1.1 99.0 99.00
2019 02 18 21 50 285  8.0 10.9  1.17  5.88  4.49  89 1012.4   3.9   4.9   1.5 99.0 99.00
2019 02 18 22 50 306 10.9 13.0  1.12  9.09  4.19 114 1014.2   3.2   4.9  -0.4 99.0 99.00
2019 02 18 23 50 307 14.3 17.7  1.27  4.17  4.10 266 1016.4   1.8   4.8  -3.9 99.0 99.00
2019 02 19 00 50 302 12.7 15.0  1.70  4.76  4.44 293 1018.7   1.4   4.8  -4.3 99.0 99.00
2019 02 19 01 50 301 13.1 15.5  1.72  5.00  4.54 285 1020.0   1.3   4.7  -4.2 99.0 99.00
2019 02 19 02 50 304 13.2 16.0  1.79  4.55  4.72 296 1021.5   0.7   4.6  -4.6 99.0 99.00
2019 02 19 03 50 307 10.6 13.5  1.64  4.76  4.66 291 1022.9   0.0   4.6  -4.5 99.0 99.00
2019 02 19 04 50 310 12.8 15.2  1.85  6.25  4.78 219 1024.0  -0.9   4.5  -6.1 99.0 99.00
2019 02 19 05 50 309 12.2 15.5  1.88  5.00  4.79 297 1025.7  -1.4   4.5  -7.3 99.0 99.00
2019 02 19 06 50 309 12.8 15.1  1.83  6.25  4.69 220 1026.2  -2.2   4.4  -7.7 99.0 99.00
2019 02 19 07 50 310 15.6 18.5  2.03  5.88  4.71 245 1026.8  -3.2   4.3  -9.9 99.0 99.00
2019 02 19 08 50 316 14.0 17.0  2.08  5.26  4.91 306 1028.1  -3.1   4.3  -9.6 99.0 99.00
2019 02 19 09 50 312 12.1 15.7  1.70  5.26  4.60 312 1029.3  -3.1   4.2  -9.6 99.0 99.00
2019 02 19 10 50 316 11.5 14.3  1.75  5.00  4.59 321 1030.3  -3.4   4.2  -9.6 99.0 99.00
2019 02 19 11 50 313 11.5 13.6  1.60  5.26  4.38 282 1031.1  -3.1   4.2  -9.0 99.0 99.00
2019 02 19 12 50 310 12.4 14.4  1.61  4.76  4.38 299 1031.9  -3.2   4.2  -9.8 99.0 99.00
2019 02 19 13 50 313 10.1 12.1  1.60  4.55  4.22 306 1033.3  -3.1   4.2 -10.2 99.0 99.00
2019 02 19 14 50 296  9.1 11.6  1.28  4.55  4.04 300 1033.8  -3.1   4.2 -10.6 99.0 99.00
2019 02 19 15 50 297  8.9 11.3  1.19  4.35  4.02 289 1034.0  -2.9   4.2 -10.6 99.0 99.00
2019 02 19 16 50 289  8.8 10.4  1.01  3.85  4.00 297 1034.1  -2.5   4.2 -10.7 99.0 99.00
2019 02 19 17 50 298  8.1  9.9  0.95  4.00  3.92 279 1033.7  -2.0   4.3 -11.1 99.0 99.00
2019 02 19 18 50 290  6.8  8.5  0.85  4.55  3.82 255 1033.5  -1.4   4.3 -10.4 99.0 99.00
2019 02 19 19 50 285  8.2 11.1  0.86  4.35  3.83 256 1033.3  -0.9   4.3 -10.1 99.0 99.00
2019 02 19 20 50 282  8.1  9.9  0.94  4.00  4.00 258 1033.6  -0.3   4.3  -9.8 99.0 99.00
2019 02 19 21 50 291  8.4 10.6  0.87  3.85  3.79 268 1033.6  -0.3   4.2 -10.3 99.0 99.00
2019 02 19 22 50 300  8.9 10.6  0.88  3.85  3.92 259 1033.2  -0.2   4.2 -10.3 99.0 99.00
2019 02 19 23 50 290  7.5  9.5  0.86  3.85  3.75 265 1034.4   0.0   4.2  -9.9 99.0 99.00
2019 02 20 00 50 296  8.6 11.1  0.80  4.00  3.68 243 1034.9   0.3   4.1  -9.8 99.0 99.00
2019 02 20 01 50 301  7.3  9.1  0.83  4.00  3.55 242 1035.3   0.3   4.1  -9.4 99.0 99.00
2019 02 20 02 50 308  7.6 10.4  0.81  3.85  3.49 248 1035.6   0.1   4.1  -9.6 99.0 99.00
2019 02 20 03 50 324  7.5  9.3  0.80  3.23  3.48 313 1035.6  -0.4   4.1 -10.2 99.0 99.00
2019 02 20 04 50 331  8.9 11.0  0.83  3.70  3.51 315 1035.6  -1.5   4.1 -11.9 99.0 99.00
2019 02 20 05 50 325  8.4 10.3  0.94  3.70  3.64 340 1035.7  -1.7   4.1 -12.2 99.0 99.00
2019 02 20 06 50 339  7.5  9.4  0.91  3.85  3.61 341 1035.9  -1.8   4.0 -11.8 99.0 99.00
2019 02 20 07 50 336  6.9  8.4  0.77  3.57  3.50 341 1036.3  -2.3   4.0 -12.0 99.0 99.00
2019 02 20 08 50 317  6.6  8.2  0.72  3.33  3.46 346 1036.5  -2.6   3.9 -10.1 99.0 99.00
2019 02 20 09 50 351  6.5  7.9  0.61  3.57  3.51 346 1036.5  -2.7   4.0  -9.3 99.0 99.00
2019 02 20 10 50   6  5.8  7.9  0.63  3.45  3.40  10 1036.0  -2.8   4.0  -9.2 99.0 99.00
2019 02 20 11 50  27  5.5  7.2  0.55  3.33  3.46  14 1035.7  -2.6   4.0  -9.3 99.0 99.00
2019 02 20 12 50  24  3.3  4.8  0.47  8.33  3.62 112 1037.0  -2.1   3.9  -9.8 99.0 99.00
2019 02 20 13 50  50  2.9  4.4  0.43  8.33  3.88 114 1036.6  -2.0   3.9 -11.3 99.0 99.00
2019 02 20 14 50  55  2.2  4.0  0.41  8.33  3.98 120 1036.8  -2.0   3.9 -10.9 99.0 99.00
2019 02 20 15 50  77  2.9  4.3  0.41  8.33  4.02 126 1036.1  -1.6   3.9  -9.7 99.0 99.00
2019 02 20 16 50  84  3.4  4.7  0.37  9.09  4.06 117 1035.2  -1.3   3.9  -8.8 99.0 99.00
2019 02 20 17 50 122  3.1  5.2  0.37  9.09  4.36 142 1034.1  -1.0   3.9  -9.0 99.0 99.00
2019 02 20 18 50 194  5.6  8.1  0.36  7.69  4.63 121 1033.8  -0.3   3.9  -7.5 99.0 99.00
2019 02 20 19 50 196  3.4  4.4  0.37  9.09  4.51 201 1033.7  -1.7   4.0  -3.3 99.0 99.00
2019 02 20 20 50 163  2.7  3.6  0.38  9.09  4.12  25 1032.5  -1.7   3.9  -2.7 99.0 99.00
2019 02 20 21 50 135  4.6  5.7  0.37  8.33  4.19 150 1031.2  -1.6   3.9  -2.3 99.0 99.00
2019 02 20 22 50 129  5.6  6.8  0.38  7.69  4.17 107 1030.1  -1.2   4.0  -1.7 99.0 99.00
2019 02 20 23 50 122  6.9  8.6  0.42  9.09  3.51 152 1028.8  -0.7   4.0  -1.1 99.0 99.00
2019 02 21 00 50 123  8.6 11.2  0.57  2.86  3.40 135 1026.9   0.2   4.0  -0.2 99.0 99.00
2019 02 21 01 50 131  9.5 11.2  0.84  3.70  3.51 133 1025.7   0.8   4.1   0.3 99.0 99.00
2019 02 21 02 50 123 10.1 11.6  1.05  4.17  3.85 135 1023.9   1.5   4.1   1.0 99.0 99.00
2019 02 21 03 50 118  9.9 11.5  1.34  4.55  4.19 127 1021.9   2.3   4.1   2.0 99.0 99.00
2019 02 21 04 50 114  9.8 11.5  1.40  5.26  4.34 129 1019.7   3.3   4.2   3.1 99.0 99.00
2019 02 21 05 50 112  7.4  8.9  1.48  5.56  4.44 122 1018.6   4.2   4.2   4.1 99.0 99.00
2019 02 21 06 50 116 10.4 13.0  1.68  5.26  4.55 115 1015.2   4.2   4.2   4.2 99.0 99.00
2019 02 21 07 50 122  9.1 10.7  1.85  5.56  4.78 121 1012.1   5.1   4.2   5.1 99.0 99.00
2019 02 21 08 50 135  7.6  9.0  2.02  5.88  5.18 130 1010.2   6.2   4.2   6.2 99.0 99.00
2019 02 21 09 50 193  6.4  7.4  1.97  7.14  5.28 155 1009.3   7.9   4.2   7.9 99.0 99.00
2019 02 21 10 50 237  9.6 12.1  2.04  7.69  5.52 135 1009.3   6.8   4.2   6.8 99.0 99.00
2019 02 21 11 50 270  6.8  8.3  2.10  7.69  5.66 116 1010.4   4.2   4.2   4.2 99.0 99.00
2019 02 21 12 50 282  6.1  7.4  1.91  7.69  5.79 113 1011.8   3.5   4.2   3.5 99.0 99.00
2019 02 21 13 50 270  7.1  8.7  1.92  7.69  5.71  99 1012.5   3.1   4.3   3.1 99.0 99.00
2019 02 21 14 50 261  9.3 11.3  1.88  8.33  5.62 102 1012.5   3.0   4.3   3.0 99.0 99.00
2019 02 21 15 50 259  9.8 11.6  1.70  8.33  5.14 108 1013.1   3.1   4.3   2.9 99.0 99.00
2019 02 21 16 50 257  8.5 10.1  1.74  8.33  5.41 111 1013.1   3.2   4.4   2.9 99.0 99.00
2019 02 21 17 50 249  7.8  8.9  1.75  7.69  5.42 132 1012.9   4.1   4.4   3.4 99.0 99.00
2019 02 21 18 50 263  5.8  6.9  1.83  7.69  5.70 129 1012.9   4.8   4.4   3.6 99.0 99.00
2019 02 21 19 50 259  6.6  7.9  1.97  7.69  5.91 134 1013.2   4.9   4.4   3.4 99.0 99.00
2019 02 21 20 50 258  7.0  8.2  2.00  9.09  5.98 160 1013.7   5.3   4.4   3.4 99.0 99.00
2019 02 21 21 50 239  5.3  6.6  2.11  8.33  6.18 170 1014.1   5.5   4.3   3.4 99.0 99.00
2019 02 21 22 50 250  5.8  7.1  2.02 10.00  6.17 184 1014.7   5.5   4.3   3.4 99.0 99.00
2019 02 21 23 50 252  7.6  9.1  2.10  8.33  6.26 161 1015.5   5.8   4.4   3.3 99.0 99.00
2019 02 22 00 50 262  5.7  6.9  1.78  8.33  6.01 171 1016.1   5.6   4.4   3.4 99.0 99.00
2019 02 22 01 50 269  5.3  6.2  1.84 10.00  6.22 161 1017.1   5.3   4.5   3.3 99.0 99.00
2019 02 22 02 50 295  4.0  4.8  1.72  9.09  6.31 155 1018.2   5.5   4.5   2.1 99.0 99.00
2019 02 22 03 50 288  2.4  3.2  1.74  9.09  6.56 155 1018.7   5.1   4.5   2.1 99.0 99.00
2019 02 22 04 50 259  3.2  4.1  1.54  9.09  6.54 153 1019.7   5.1   4.5   1.6 99.0 99.00
2019 02 22 05 50 278  3.9  5.2  1.28  8.33  6.27 156 1020.9   5.1   4.5   1.0 99.0 99.00
2019 02 22 06 50 302  6.5  7.9  1.48  9.09  6.84 162 1021.5   4.9   4.5  -0.2 99.0 99.00
2019 02 22 07 50 299  6.1  7.4  1.36  9.09  6.38 160 1022.0   4.9   4.4  -1.6 99.0 99.00
2019 02 22 08 50 290  5.7  6.9  1.29  9.09  6.37 176 1022.6   4.6   4.3  -0.8 99.0 99.00
2019 02 22 09 50 299  6.5  7.8  1.15  9.09  6.18 163 1023.1   4.6   4.3  -1.4 99.0 99.00
2019 02 22 10 50 294  7.7  9.3  1.11  9.09  5.61 168 1023.7   4.5   4.3  -1.3 99.0 99.00
2019 02 22 11 50 296  6.6  8.1  1.21  9.09  5.61 167 1024.6   4.2   4.4  -0.8 99.0 99.00
2019 02 22 12 50 295  6.1  7.3  1.02  9.09  5.35 159 1025.1   3.9   4.5  -1.3 99.0 99.00
2019 02 22 13 50 317  6.3  8.0  0.92  9.09  5.18 139 1026.3   3.9   4.6  -2.5 99.0 99.00
2019 02 22 14 50 312  7.7  9.0  0.94  9.09  5.06 145 1026.6   3.9   4.7  -2.8 99.0 99.00
2019 02 22 15 50 315  7.5  9.0  0.99  8.33  4.33 142 1027.1   4.0   4.7  -3.2 99.0 99.00
2019 02 22 16 50 307  6.9  8.6  0.99  9.09  3.90 137 1027.7   4.0   4.8  -3.6 99.0 99.00
2019 02 22 17 50 306  6.8  8.2  0.86  8.33  3.92 157 1026.6   4.1   4.8  -3.9 99.0 99.00
2019 02 22 18 50 295  5.9  7.0  0.76  3.45  3.85 294 1026.4   4.3   4.8  -3.3 99.0 99.00
2019 02 22 19 50 291  6.0  7.1  0.75  8.33  4.10 142 1026.7   4.4   4.8  -3.1 99.0 99.00
2019 02 22 20 50 284  6.1  7.0  0.69  8.33  4.27 136 1027.7   4.6   4.8  -3.0 99.0 99.00
2019 02 22 21 50 291  6.0  7.0  0.61  7.69  4.24 153 1027.7   4.5   4.8  -3.2 99.0 99.00
2019 02 22 22 50 284  6.1  7.1  0.61  8.33  4.35 175 1028.1   4.5   4.8  -2.6 99.0 99.00
2019 02 22 23 50 287  6.5  7.5  0.60  7.69  4.10 157 1029.2   4.5   4.8  -2.6 99.0 99.00
2019 02 23 00 50 298  7.1  8.5  0.58  7.69  4.05 140 1029.6   4.4   4.9  -2.1 99.0 99.00
2019 02 23 01 50 308  6.7  7.6  0.60  8.33  3.83 162 1029.8   4.1   4.9  -2.1 99.0 99.00
2019 02 23 02 50 324  6.9  8.2  0.62  7.14  3.74 148 1029.9   3.7   4.9  -2.8 99.0 99.00
2019 02 23 03 50 329  6.3  7.4  0.59  7.69  3.60 160 1030.1   3.4   4.9  -2.8 99.0 99.00
2019 02 23 04 50 332  7.2  8.6  0.65  2.94  3.44 324 1030.3   3.1   4.9  -2.8 99.0 99.00
2019 02 23 05 50 332  7.4  8.9  0.64  7.69  3.48 155 1031.2   2.9   4.9  -2.3 99.0 99.00
2019 02 23 06 50 341  7.0  8.3  0.71  3.13  3.38 327 1031.6   2.5   4.9  -2.7 99.0 99.00
2019 02 23 07 50 351  7.1  8.2  0.68  3.13  3.33 334 1031.9   2.5   4.9  -2.5 99.0 99.00
2019 02 23 08 50   8  5.8  7.1  0.66  3.13  3.36 349 1031.8   2.4   4.9  -2.8 99.0 99.00
2019 02 23 09 50  11  6.0  7.1  0.60  9.09  3.57 132 1031.8   2.4   5.0  -2.6 99.0 99.00
2019 02 23 10 50  28  5.7  6.7  0.55  7.69  3.77 142 1031.9   2.5   5.0  -2.4 99.0 99.00
2019 02 23 11 50  29  5.9  7.1  0.54  7.69  3.86 119 1032.1   2.6   5.1  -2.0 99.0 99.00
2019 02 23 12 50  51  5.5  6.8  0.51  7.14  3.78 142 1032.3   3.2   5.1  -2.2 99.0 99.00
2019 02 23 13 50  52  5.9  7.3  0.57  8.33  3.67 158 1032.8   2.9   5.2  -2.2 99.0 99.00
2019 02 23 14 50  60  5.9  7.3  0.62  3.45  3.72  49 1032.1   2.6   5.3  -2.3 99.0 99.00
2019 02 23 15 50  72  5.0  5.8  0.68  4.00  3.91  61 1032.0   2.5   5.4  -2.8 99.0 99.00
2019 02 23 16 50  86  3.8  5.0  0.66  4.00  3.98  75 1031.7   2.7   5.4  -2.4 99.0 99.00
2019 02 23 17 50  83  2.8  3.7  0.61  6.25  4.37 106 1031.1   2.8   5.5  -2.0 99.0 99.00
2019 02 23 18 50  78  2.5  3.8  0.59  8.33  4.48 148 1030.2   3.0   5.4  -1.9 99.0 99.00
2019 02 23 19 50  78  3.2  3.9  0.60  7.69  4.32 151 1029.7   3.1   5.4  -1.2 99.0 99.00
2019 02 23 20 50  85  3.2  4.0  0.59  7.14  4.34 154 1030.0   3.2   5.4  -1.0 99.0 99.00
2019 02 23 21 50  89  3.7  4.6  0.54  8.33  4.38 174 1029.0   3.3   5.3  -0.1 99.0 99.00
2019 02 23 22 50 110  5.0  5.9  0.51  8.33  4.30 177 1027.5   3.6   5.3   0.5 99.0 99.00
2019 02 23 23 50 108  5.0  5.8  0.52  9.09  4.09 171 1027.5   4.0   5.2   0.8 99.0 99.00
2019 02 24 00 50 118  4.6  5.1  0.53 13.79  3.90 159 1027.1   4.2   5.3   1.4 99.0 99.00
2019 02 24 01 50 109  4.8  5.7  0.53  9.09  3.88 138 1026.5   4.4   5.3   1.3 99.0 99.00
2019 02 24 02 50 102  4.9  5.6  0.51 10.81  4.22 108 1025.6   4.6   5.3   1.2 99.0 99.00
2019 02 24 03 50  91  6.6  7.7  0.54  8.33  4.27 170 1024.4   4.8   5.4   1.3 99.0 99.00
2019 02 24 04 50  95  7.4  8.8  0.60  9.09  3.84 129 1023.3   4.9   5.4   1.8 99.0 99.00
2019 02 24 05 50  96  9.0 11.2  0.76  3.45  3.70 104 1021.9   5.1   5.4   2.4 99.0 99.00
2019 02 24 06 50 102  8.8 10.2  0.93  4.00  3.80 112 1021.2   5.1   5.4   4.0 99.0 99.00
2019 02 24 07 50 106 10.1 12.4  1.11  4.35  4.06 100 1019.1   5.4   5.5   4.8 99.0 99.00
2019 02 24 08 50 109 11.5 13.5  1.36  5.00  4.20 102 1016.7   5.5   5.5   4.8 99.0 99.00
2019 02 24 09 50 112 12.0 14.4  1.49  4.76  4.32 115 1014.7   5.6   5.5   4.8 99.0 99.00
2019 02 24 10 50 113 12.9 15.0  1.90  5.26  4.66 102 1012.2   6.1   5.6   5.4 99.0 99.00
2019 02 24 11 50 110 11.5 14.7  2.20  5.56  4.92 117 1010.8   6.3   5.6   6.0 99.0 99.00
2019 02 24 12 50 114 13.0 15.7  2.21  6.25  5.06 113 1008.0   6.7   5.7   6.7 99.0 99.00
2019 02 24 13 50 120 11.2 13.6  2.40  6.67  5.38 128 1006.2   7.4   5.7   7.4 99.0 99.00
2019 02 24 14 50 154  7.3  9.3  2.41  7.14  5.44 115 1004.5   8.8   5.7   8.8 99.0 99.00
2019 02 24 15 50 192  7.7  9.9  2.62  7.14  5.85 120 1003.3   8.2   5.8   8.2 99.0 99.00
2019 02 24 16 50 205  9.2 10.6  2.71  7.69  5.86 133 1001.6   7.1   5.8   7.1 99.0 99.00
2019 02 24 17 50 202  8.5 10.2  2.66  7.69  5.94 130  999.3   6.6   5.8   6.6 99.0 99.00
2019 02 24 18 50 211  8.6 10.9  2.64  8.33  5.98 117  997.7   6.4   5.8   6.4 99.0 99.00
2019 02 24 19 50 206  5.9  6.8  2.35  8.33  5.99 119  996.2   6.1   5.8   6.1 99.0 99.00
2019 02 24 20 50 217  7.9  9.7  2.32  8.33  6.11 111  995.0   6.5   5.7   6.5 99.0 99.00
2019 02 24 21 50 224  9.6 11.9  2.43  9.09  6.24 122  994.5   6.5   5.8   6.5 99.0 99.00
2019 02 24 22 50 230  9.6 11.6  2.69  8.33  6.38 135  994.3   6.0   5.7   6.0 99.0 99.00
2019 02 24 23 50 233  8.7 10.9  2.90  9.09  6.72 156  994.3   6.0   5.6   6.0 99.0 99.00
2019 02 25 00 50 242  9.7 12.1  3.02  9.09  6.77 144  995.1   6.2   5.5   6.2 99.0 99.00
2019 02 25 01 50 231 10.4 12.7  2.89  9.09  6.68 149  994.8   6.5   5.4   5.9 99.0 99.00
2019 02 25 02 50 250 15.4 19.7  2.92  9.09  6.22 143  994.5   7.1   5.4   4.7 99.0 99.00
2019 02 25 03 50 251 14.0 17.3  2.70  9.09  5.62 125  995.2   7.1   5.4   1.7 99.0 99.00
2019 02 25 04 50 256 15.6 19.1  2.80  8.33  5.73 142  995.6   7.3   5.4  -0.6 99.0 99.00
2019 02 25 05 50 258 14.6 19.3  2.56  6.25  5.62 222  996.2   6.9   5.4  -1.2 99.0 99.00
2019 02 25 06 50 253 17.8 21.8  2.93  6.67  5.84 235  996.4   6.2   5.4  -1.6 99.0 99.00
2019 02 25 07 50 249 16.8 21.4  2.98  7.14  5.82 220  997.0   5.9   5.4  -2.3 99.0 99.00
2019 02 25 08 50 258 14.1 18.1  3.65  7.69  6.31 233  998.2   5.5   5.3  -2.2 99.0 99.00
2019 02 25 09 50 263 13.7 16.4  3.04  7.69  5.97 217  999.1   5.2   5.1  -2.8 99.0 99.00
2019 02 25 10 50 262 15.7 19.9  3.50  7.69  6.21 233  999.6   4.9   5.1  -4.5 99.0 99.00
2019 02 25 11 50 263 16.7 21.0  3.81  8.33  6.55 206 1000.6   4.3   5.0  -4.8 99.0 99.00
2019 02 25 12 50 263 15.2 19.7  3.83  8.33  6.70 205 1002.2   4.0   5.0  -5.6 99.0 99.00
2019 02 25 13 50 273 14.1 18.5  3.68  8.33  6.53 216 1003.6   3.1   5.0  -4.6 99.0 99.00
2019 02 25 14 50 263 15.7 18.8  3.69  9.09  6.54 189 1003.9   3.0   4.9  -5.5 99.0 99.00
2019 02 25 15 50 263 16.9 20.6  3.83  7.69  6.52 225 1004.5   3.1   4.9  -5.9 99.0 99.00
2019 02 25 16 50 268 16.3 20.1  3.76  8.33  6.58 221 1005.4   3.0   5.0  -5.8 99.0 99.00
2019 02 25 17 50 276 14.8 19.4  3.54  8.33  6.23 225 1006.1   3.5   5.0  -5.3 99.0 99.00
2019 02 25 18 50 277 15.8 20.5  3.87  8.33  6.65 218 1006.9   3.2   5.0  -5.9 99.0 99.00
2019 02 25 19 50 280 16.4 20.4  3.61  8.33  6.32 212 1007.4   3.8   5.0  -6.4 99.0 99.00
2019 02 25 20 50 274 15.9 20.2  3.51  7.69  6.21 227 1008.7   4.0   5.0  -5.8 99.0 99.00
2019 02 25 21 50 275 18.0 22.1  3.58  8.33  6.03 212 1010.0   3.6   5.0  -6.9 99.0 99.00
2019 02 25 22 50 278 15.3 19.1  3.20  7.69  5.97 223 1012.1   3.1   5.0  -6.4 99.0 99.00
2019 02 25 23 50 277 17.2 20.6  3.01  9.09  5.88 183 1013.2   2.7   4.9  -7.0 99.0 99.00
2019 02 26 00 50 279 16.2 19.6  2.90  8.33  5.66 198 1014.9   2.0   4.9  -7.3 99.0 99.00
2019 02 26 01 50 275 16.8 20.1  2.85  7.14  5.68 230 1015.6   1.0   4.9  -7.8 99.0 99.00
2019 02 26 02 50 277 15.6 19.2  3.02  7.14  5.92 246 1017.6   0.4   5.0  -8.1 99.0 99.00
2019 02 26 03 50 285 16.4 20.9  2.68  7.14  5.36 241 1018.3   0.0   4.9  -8.5 99.0 99.00
2019 02 26 04 50 280 14.6 19.3  2.67  7.69  5.65 224 1019.3  -0.5   4.9  -8.5 99.0 99.00
2019 02 26 05 50 281 14.2 18.3  2.67  7.14  5.46 226 1019.7  -0.8   4.9  -8.4 99.0 99.00
2019 02 26 06 50 278 14.2 17.3  2.41  7.14  5.14 230 1020.6  -1.0   4.9  -8.4 99.0 99.00
2019 02 26 07 50 270 12.9 15.9  2.37  6.67  5.34 234 1021.6  -1.4   4.9  -9.3 99.0 99.00
2019 02 26 08 50 272 13.9 16.8  2.13  5.56  4.91 240 1022.4  -1.6   4.9  -9.3 99.0 99.00
2019 02 26 09 50 272 12.9 15.8  2.33  6.67  5.20 236 1023.6  -1.8   4.9  -9.4 99.0 99.00
2019 02 26 10 50 270 12.5 15.0  2.06  6.25  5.05 243 1024.4  -2.1   4.8 -10.0 99.0 99.00
2019 02 26 11 50 274 12.3 14.6  2.13  6.25  5.05 243 1025.4  -1.9   4.8  -9.2 99.0 99.00
2019 02 26 12 50 276 10.8 13.7  1.95  6.67  5.04 235 1026.2  -2.1   4.7  -9.9 99.0 99.00
2019 02 26 13 50 283  9.4 12.1  1.76  6.67  5.02 230 1026.0  -2.2   4.7 -10.1 99.0 99.00
2019 02 26 14 50 282  9.4 12.0  1.74  6.67  5.00 226 1025.7  -2.1   4.7 -10.1 99.0 99.00
2019 02 26 15 50 288  9.2 11.4  1.53  6.25  4.68 236 1025.7  -1.9   4.8  -9.5 99.0 99.00
2019 02 26 16 50 277  8.0 10.4  1.50  5.88  4.60 235 1025.6  -1.7   4.8  -9.4 99.0 99.00
2019 02 26 17 50 279  9.4 11.8  1.41  5.88  4.57 232 1024.8  -1.1   4.8  -9.8 99.0 99.00
2019 02 26 18 50 270  8.7 10.5  1.34  5.88  4.40 225 1024.7  -0.6   4.8  -9.1 99.0 99.00
2019 02 26 19 50 272  8.7 10.9  1.39  5.56  4.35 241 1024.6  -0.1   4.8  -9.1 99.0 99.00
2019 02 26 20 50 271 10.9 13.2  1.40  5.56  4.42 241 1024.4   0.7   4.8  -9.2 99.0 99.00
2019 02 26 21 50 280 12.4 15.9  1.50  5.88  4.47 237 1024.6   1.2   4.8  -8.3 99.0 99.00
2019 02 26 22 50 291 12.4 15.5  1.51  5.56  4.36 238 1025.8   0.5   4.8  -8.9 99.0 99.00
2019 02 26 23 50 288 12.1 15.1  1.66  5.88  4.45 231 1027.3   0.2   4.8  -9.7 99.0 99.00
2019 02 27 00 50 314  9.9 11.9  1.35  5.56  4.22 243 1028.6  -1.0   4.7 -10.7 99.0 99.00
2019 02 27 01 50 313  9.7 12.0  1.31  5.26  4.19 233 1029.0  -1.9   4.7 -11.6 99.0 99.00
2019 02 27 02 50 312 10.6 13.7  1.30  4.17  4.18 307 1029.8  -2.4   4.7 -11.9 99.0 99.00
2019 02 27 03 50 315 10.0 12.2  1.26  4.17  4.11 321 1030.3  -2.8   4.7 -11.9 99.0 99.00
2019 02 27 04 50 319  9.3 11.4  1.30  5.56  4.14 235 1030.3  -3.6   4.6 -12.9 99.0 99.00
2019 02 27 05 50 314 10.3 12.2  1.26  4.35  4.05 320 1030.3  -3.9   4.6 -12.7 99.0 99.00
2019 02 27 06 50 308 10.1 12.4  1.17  4.00  4.01 319 1030.9  -4.0   4.6 -12.7 99.0 99.00
2019 02 27 07 50 321  9.5 12.5  1.14  4.00  3.93 316 1030.5  -4.3   4.6 -12.6 99.0 99.00
2019 02 27 08 50 324  8.5 10.5  1.12  4.55  3.94 311 1030.4  -4.5   4.6 -12.3 99.0 99.00
2019 02 27 09 50 329  9.6 11.7  1.10  3.85  3.82 326 1030.1  -4.9   4.6 -13.1 99.0 99.00
2019 02 27 10 50 336  7.7  9.8  1.07  4.35  3.81 325 1030.6  -5.0   4.6 -13.4 99.0 99.00
2019 02 27 11 50 338  7.0 10.6  0.93  4.35  3.74 351 1031.0  -5.2   4.6 -13.8 99.0 99.00
2019 02 27 12 50 341  7.3  9.1  0.83  4.17  3.58 355 1031.8  -5.2   4.6 -15.0 99.0 99.00
2019 02 27 13 50 336  5.4  7.4  0.73  3.85  3.56 352 1031.6  -5.4   4.6 -15.5 99.0 99.00
2019 02 27 14 50 330  3.9  5.9  0.56  3.33  3.39 360 1031.0  -5.4   4.6 -15.2 99.0 99.00
2019 02 27 15 50   2  3.5  5.6  0.49  3.33  3.51  18 1030.5  -5.3   4.5 -15.5 99.0 99.00
2019 02 27 16 50 330  3.4  5.2  0.43 10.81  3.56 137 1029.6  -5.2   4.5 -14.7 99.0 99.00
2019 02 27 17 50 306  1.6  2.8  0.39 11.43  3.51  59 1028.6  -5.0   4.5 -15.1 99.0 99.00
2019 02 27 18 50 234  0.5  1.1  0.36  8.33  3.79  64 1027.7  -4.8   4.4 -14.7 99.0 99.00
2019 02 27 19 50  74  0.8  2.7  0.34  7.14  4.11 119 1026.4  -4.7   4.4 -13.9 99.0 99.00
2019 02 27 20 50  95  1.6  2.6  0.31  7.69  4.69 128 1025.1  -4.6   4.4 -13.6 99.0 99.00
2019 02 27 21 50 116  3.6  5.7  0.30  7.69  5.06 137 1023.6  -4.3   4.4 -12.5 99.0 99.00
2019 02 27 22 50  97  2.4  3.8  0.28  9.09  5.07 218 1023.6  -3.8   4.3 -11.4 99.0 99.00
2019 02 27 23 50 113  3.3  5.6  0.28  8.33  5.31 127 1023.0  -3.3   4.3 -10.6 99.0 99.00
2019 02 28 00 50 118  4.5  5.7  0.31  9.09  5.48 102 1021.8  -2.7   4.3  -9.0 99.0 99.00
2019 02 28 01 50 128  5.6  8.4  0.33  9.09  4.05 171 1020.2  -2.1   4.4  -7.2 99.0 99.00
2019 02 28 02 50 101  4.4  7.0  0.42  2.47  3.26 127 1019.7  -1.6   4.6  -5.4 99.0 99.00
2019 02 28 03 50 120  5.7  7.2  0.43  2.86  3.29 121 1018.4  -1.7   4.6  -3.5 99.0 99.00
2019 02 28 04 50 103  6.1  7.8  0.50  2.94  3.29 123 1017.0  -1.4   4.7  -2.6 99.0 99.00
2019 02 28 05 50  84  5.6  7.1  0.55  3.23  3.27 125 1016.5  -1.2   4.7  -2.3 99.0 99.00
2019 02 28 06 50  97  5.6  7.0  0.65  3.45  3.36 121 1015.7  -0.9   4.7  -1.7 99.0 99.00
2019 02 28 07 50  58  5.3  6.5  0.65  3.70  3.45 118 1015.4  -0.7   4.7  -1.3 99.0 99.00
2019 02 28 08 50  81  5.0  6.1  0.64  3.57  3.54 104 1015.3  -0.3   4.7  -1.1 99.0 99.00
2019 02 28 09 50  62  5.4  6.5  0.67  4.17  3.68 137 1015.5   0.0   4.7  -0.9 99.0 99.00
2019 02 28 10 50  41  6.4  7.6  0.72  4.76  3.73 130 1016.0  -0.1   4.7  -0.7 99.0 99.00
2019 02 28 11 50  30  4.6  5.7  0.75  4.35  3.80 125 1017.1   0.0   4.7  -1.7 99.0 99.00
2019 02 28 12 50  44  4.4  5.3  0.80  5.00  3.82 132 1018.2   0.1   4.7  -1.6 99.0 99.00
2019 02 28 13 50 353  5.6  7.3  0.80  3.70  3.72  76 1019.4   0.0   4.7  -1.4 99.0 99.00
2019 02 28 14 50 357  7.3  8.9  0.86  5.00  3.81 111 1019.8  -1.1   4.8  -2.2 99.0 99.00
2019 02 28 15 50 348  7.5  9.1  0.89  4.55  3.76  78 1020.2  -2.1   4.8  -3.7 99.0 99.00
2019 02 28 16 50 328  7.1  9.1  0.94  5.00  3.86  92 1020.7  -1.9   4.8  -4.9 99.0 99.00
2019 02 28 17 50 347  5.6  7.0  0.94  5.00  3.83  96 1021.0  -1.7   4.9  -6.1 99.0 99.00
2019 02 28 18 50 345  5.6  7.1  0.88  5.26  4.01  98 1021.2  -1.2   4.8  -6.7 99.0 99.00
2019 02 28 19 50   5  5.8  8.8  0.83  4.35  3.93  62 1021.7  -0.9   4.7  -7.3 99.0 99.00
2019 02 28 20 50   1  4.9  6.8  0.79 10.00  4.17 170 1022.3  -0.6   4.7  -7.4 99.0 99.00
2019 02 28 21 50 343  4.8  6.4  0.85 10.00  4.53 164 1022.9  -0.2   4.6  -8.3 99.0 99.00
2019 02 28 22 50 353  4.8  6.4  0.87  9.09  4.86 156 1023.7  -0.3   4.5  -8.8 99.0 99.00
