#YY  MM DD hh mm WDIR WSPD GST  WVHT   DPD   APD MWD   PRES  ATMP  WTMP  DEWP  VIS  TIDE
#yr  mo dy hr mn degT m/s  m/s     m   sec   sec deg    hPa  degC  degC  degC  nmi    ft
2018 12 31 23 50 152  9.8 11.5  1.15  4.17  4.07 168 1022.9   6.7   8.0   3.8 99.0 99.00
2019 01 01 00 50 153  9.9 11.8  1.36  5.00  4.27 164 1021.8   7.0   8.0   5.0 99.0 99.00
2019 01 01 01 50 154 11.3 13.4  1.56  5.00  4.55 165 1020.4   6.7   8.0   5.2 99.0 99.00
2019 01 01 02 50 150 14.0 17.4  1.75  5.88  4.67 161 1016.2   7.0   8.0   6.3 99.0 99.00
2019 01 01 03 50 152 13.7 18.0  2.39  6.25  5.13 160 1013.9   7.6   8.0   6.9 99.0 99.00
2019 01 01 04 50 160 14.7 19.4  2.82  6.25  5.63 168 1011.1   8.2   8.0   7.6 99.0 99.00
2019 01 01 05 50 173 12.4 17.9  3.32  7.14  5.93 170 1009.5   9.1   8.1   8.4 99.0 99.00
2019 01 01 06 50 179 11.9 15.2  3.25  7.69  6.15 160 1006.6  10.4   8.1  10.2 99.0 99.00
2019 01 01 07 50 201 12.2 14.5  2.85  8.33  5.89 161 1004.2  11.4   8.1  11.4 99.0 99.00
2019 01 01 08 50 213 13.0 16.1  2.83  7.69  5.97 138 1002.1  11.8   8.2  11.8 99.0 99.00
2019 01 01 09 50 222 12.5 14.6  2.73  7.69  5.83 146 1002.0  11.9   8.2  11.9 99.0 99.00
2019 01 01 10 50 222 12.5 14.9  2.51  7.69  5.55 142 1001.6  11.4   8.2  11.4 99.0 99.00
2019 01 01 11 50 234 10.8 13.3  2.55  7.69  5.65 150 1002.7  11.0   8.3  11.0 99.0 99.00
2019 01 01 12 50 230  9.9 11.5  2.57  8.33  5.87 142 1003.1  10.3   8.4  10.3 99.0 99.00
2019 01 01 13 50 235 10.5 12.5  2.47  7.69  5.89 152 1003.6  11.0   8.3  10.9 99.0 99.00
2019 01 01 14 50 240 10.8 13.4  2.79  7.69  6.15 160 1004.0  11.6   8.3   9.9 99.0 99.00
2019 01 01 15 50 250 11.0 13.1  2.64  7.69  6.23 176 1004.7  11.6   8.4   9.0 99.0 99.00
2019 01 01 16 50 256 10.0 12.0  3.28  8.33  6.73 153 1005.3  11.3   8.4   8.7 99.0 99.00
2019 01 01 17 50 271 10.5 13.3  2.83  9.09  6.57 160 1006.2  11.5   8.4   6.8 99.0 99.00
2019 01 01 18 50 274 10.1 11.5  2.71  8.33  6.11 154 1006.7  10.9   8.4   5.6 99.0 99.00
2019 01 01 19 50 279  9.5 11.6  2.54  7.69  6.06 154 1009.2  10.6   8.4   5.2 99.0 99.00
2019 01 01 20 50 290  7.4  9.1  2.50  9.09  6.27 150 1011.7   9.8   8.4   5.0 99.0 99.00
2019 01 01 21 50 299 12.0 14.4  2.08  9.09  5.67 153 1013.0   9.0   8.4   2.1 99.0 99.00
2019 01 01 22 50 308 10.2 12.5  2.16  9.09  5.50 149 1015.0   8.1   8.4   1.8 99.0 99.00
2019 01 01 23 50 302  8.8 10.6  2.05  9.09  5.70 157 1016.7   7.6   8.5   1.6 99.0 99.00
2019 01 02 00 50 298  8.9 10.7  1.94  9.09  5.60 157 1017.8   7.2   8.5   1.3 99.0 99.00
2019 01 02 01 50 318  7.7  9.9  1.95  9.09  5.77 159 1019.0   6.6   8.5   1.3 99.0 99.00
2019 01 02 02 50 309  9.0 11.0  2.06 10.00  5.76 149 1019.1   6.1   8.5   0.3 99.0 99.00
2019 01 02 03 50 316  8.2  9.7  1.78  8.33  5.52 164 1019.6   5.5   8.5  -0.4 99.0 99.00
2019 01 02 04 50 311  8.7 10.6  1.63  9.09  5.54 162 1020.3   5.2   8.4  -0.8 99.0 99.00
2019 01 02 05 50 312  9.5 12.0  1.58  9.09  5.42 161 1020.9   4.6   8.4  -2.5 99.0 99.00
2019 01 02 06 50 315 10.2 12.0  1.43  9.09  5.05 156 1021.8   4.1   8.3  -3.6 99.0 99.00
2019 01 02 07 50 315  9.4 11.2  1.56  9.09  5.21 165 1022.9   3.6   8.3  -4.4 99.0 99.00
2019 01 02 08 50 324  8.4 10.4  1.41  9.09  4.81 169 1022.8   3.0   8.3  -3.1 99.0 99.00
2019 01 02 09 50 334  8.1 10.2  1.22  9.09  4.89 159 1023.4   2.8   8.2  -3.8 99.0 99.00
2019 01 02 10 50 323  7.1  8.8  1.18  9.09  4.82 166 1024.2   2.4   8.2  -4.0 99.0 99.00
2019 01 02 11 50 321  8.2 10.4  1.04  9.09  4.48 148 1025.8   2.2   8.2  -5.0 99.0 99.00
2019 01 02 20 50 136  2.6  4.1  0.66  7.69  4.95 177 1026.4   2.3   8.1  -7.7 99.0 99.00
2019 01 02 21 50 139  2.7  4.2  0.61  9.09  5.11 165 1025.8   2.4   8.1  -7.9 99.0 99.00
2019 01 02 22 50 132  3.1  4.4  0.61  9.09  5.32 136 1025.5   2.6   8.0  -7.3 99.0 99.00
2019 01 02 23 50 155  3.7  4.9  0.57  7.69  5.28 201 1025.1   3.0   8.0  -6.4 99.0 99.00
2019 01 03 00 50 145  3.7  4.6  0.58  8.33  5.44 155 1025.0   3.2   8.0  -5.3 99.0 99.00
2019 01 03 01 50 149  5.1  6.4  0.61  9.09  5.66 155 1023.5   3.3   8.0  -4.9 99.0 99.00
2019 01 03 02 50 171  6.3  8.0  0.57  9.09  4.28 161 1022.5   3.9   8.1  -3.9 99.0 99.00
2019 01 03 03 50 179  6.3  7.9  0.68  8.33  4.02 161 1021.3   4.4   8.1  -3.4 99.0 99.00
2019 01 03 04 50 166  6.0  7.3  0.69  8.33  4.11 158 1020.1   4.8   8.1  -1.7 99.0 99.00
2019 01 03 05 50 160  7.1  8.5  0.82  9.09  3.99 178 1019.3   5.4   8.1  -0.2 99.0 99.00
2019 01 03 06 50 169  7.5 10.5  0.84  9.09  4.07 169 1018.2   5.9   8.1   1.5 99.0 99.00
2019 01 03 07 50 159  6.4  7.5  0.89  3.85  4.01 157 1016.6   6.1   8.1   1.9 99.0 99.00
2019 01 03 08 50 157  6.6  7.9  0.84  4.00  4.06 159 1014.4   6.4   8.1   2.0 99.0 99.00
2019 01 03 09 50 166  7.8  9.0  0.87  4.17  4.02 168 1012.4   6.1   8.1   2.9 99.0 99.00
2019 01 03 10 50 170  6.3  7.7  0.92  4.17  3.97 158 1012.2   6.0   8.2   3.6 99.0 99.00
2019 01 03 11 50 177  6.5  7.9  0.92  4.17  4.06 162 1011.7   6.2   8.2   5.3 99.0 99.00
2019 01 03 12 50 207  6.5  7.5  0.91  4.35  4.20 138 1011.2   7.2   8.2   6.0 99.0 99.00
2019 01 03 13 50 235  6.4  7.4  0.94  4.35  4.25 170 1011.6   7.8   8.2   6.5 99.0 99.00
2019 01 03 14 50 264  8.5 10.4  0.90  4.55  3.95 159 1011.7   8.0   8.3   6.3 99.0 99.00
2019 01 03 15 50 283  9.7 11.7  0.89  4.55  3.84 158 1010.9   7.7   8.3   5.0 99.0 99.00
2019 01 03 17 50 308  9.0 11.3  1.01  4.00  3.83 271 1010.9   6.2   8.3   2.8 99.0 99.00
2019 01 03 18 50 296  9.4 11.0  1.00  4.17  3.92 258 1011.2   6.4   8.3   1.2 99.0 99.00
2019 01 03 19 50 290  8.0  9.6  0.96  4.00  3.90 264 1011.7   6.6   8.3   0.9 99.0 99.00
2019 01 03 20 50 303  9.7 11.5  0.97  4.17  3.91 246 1012.5   6.5   8.3  -0.2 99.0 99.00
2019 01 03 21 50 302  9.7 11.2  1.06  5.00  3.99 231 1012.9   6.0   8.3  -1.2 99.0 99.00
2019 01 03 22 50 307  9.5 11.3  1.07  4.00  3.93 278 1013.7   5.6   8.2  -1.5 99.0 99.00
2019 01 03 23 50 308  9.0 10.8  1.05  4.76  4.00 236 1014.7   5.3   8.2  -1.8 99.0 99.00
2019 01 04 00 50 319  8.0 10.0  1.03  5.00  3.92 235 1015.7   4.8   8.2  -2.4 99.0 99.00
2019 01 04 01 50 318  6.8  8.3  0.87  5.00  3.95 231 1016.4   4.6   8.2  -2.7 99.0 99.00
2019 01 04 02 50 313  5.8  7.2  0.91  4.76  4.18 240 1016.6   4.6   8.2  -2.1 99.0 99.00
2019 01 04 03 50 294  4.1  5.6  0.89  7.69  4.53 157 1016.5   4.7   8.1  -2.6 99.0 99.00
2019 01 04 04 50 279  5.5  6.8  0.93  7.14  4.58 145 1016.1   4.6   8.1  -1.8 99.0 99.00
2019 01 04 05 50 266  6.8  8.3  0.94  7.14  4.57 150 1016.2   4.7   8.1  -3.5 99.0 99.00
2019 01 04 06 50 287  5.6  7.3  0.94  7.69  4.62 159 1016.8   4.5   8.1  -3.2 99.0 99.00
2019 01 04 07 50 285  5.6  6.9  0.80  6.67  4.54 147 1016.4   4.5   8.0  -3.1 99.0 99.00
2019 01 04 08 50 281  5.8  7.4  0.82  7.14  4.40 129 1016.3   4.6   8.0  -2.8 99.0 99.00
2019 01 04 09 50 235  6.3  8.3  0.74  7.14  4.37 123 1015.7   5.1   8.0  -0.8 99.0 99.00
2019 01 04 10 50 242  7.4  9.5  0.81  7.14  4.11 134 1015.7   5.4   8.0  -0.3 99.0 99.00
2019 01 04 11 50 246  7.7  9.7  0.86  7.69  3.91  92 1016.2   5.4   8.1   0.0 99.0 99.00
2019 01 04 12 50 244  8.3  9.6  0.92  3.85  4.02 241 1016.1   5.2   8.1  -0.1 99.0 99.00
2019 01 04 13 50 249  8.3 10.3  1.01  4.35  3.98 243 1016.7   5.1   8.1  -0.1 99.0 99.00
2019 01 04 15 50 253  9.6 11.5  1.08  4.76  4.03 240 1015.5   6.0   8.3   0.8 99.0 99.00
2019 01 04 16 50 240 10.2 13.1  1.21  4.76  4.21 245 1014.5   6.1   8.4   1.6 99.0 99.00
2019 01 04 17 50 238 11.6 14.3  1.35  5.26  4.32 240 1013.4   6.2   8.4   1.8 99.0 99.00
2019 01 04 18 50 237 11.2 13.2  1.62  5.56  4.70 240 1013.0   6.7   8.3   2.0 99.0 99.00
2019 01 04 19 50 234 11.4 14.1  1.64  5.56  4.69 247 1012.8   7.2   8.3   2.4 99.0 99.00
2019 01 04 20 50 229 10.7 12.9  1.74  5.88  4.82 244 1012.8   7.6   8.3   3.8 99.0 99.00
2019 01 04 21 50 233 10.9 13.7  1.72  5.88  4.79 238 1012.4   7.8   8.3   4.0 99.0 99.00
2019 01 04 22 50 231 10.9 12.8  1.74  5.88  4.76 233 1012.4   8.0   8.3   4.5 99.0 99.00
2019 01 04 23 50 232  9.4 10.8  1.71  6.25  4.80 234 1012.4   8.2   8.3   4.6 99.0 99.00
2019 01 05 00 50 229  7.6  8.9  1.54  5.88  4.74 232 1012.4   8.4   8.5   5.1 99.0 99.00
2019 01 05 01 50 224  7.2  8.4  1.51  5.88  4.87 232 1012.0   8.4   8.6   5.7 99.0 99.00
2019 01 05 02 50 216  5.7  6.9  1.30  6.25  4.59 230 1011.3   8.5   8.6   5.8 99.0 99.00
2019 01 05 03 50 211  3.1  3.9  1.13  5.88  4.69 233 1010.5   8.5   8.6   6.0 99.0 99.00
2019 01 05 04 50 193  3.6  4.5  1.16  5.56  4.83 234 1009.8   8.5   8.6   6.7 99.0 99.00
2019 01 05 05 50 166  3.2  3.8  0.89  5.00  4.58 237 1008.6   8.5   8.6   6.5 99.0 99.00
2019 01 05 06 50 139  3.9  4.7  0.82  5.56  4.60 235 1007.6   8.3   8.6   6.7 99.0 99.00
2019 01 05 07 50 135  6.1  7.0  0.78  5.26  4.45 232 1006.0   7.8   8.5   7.4 99.0 99.00
2019 01 05 08 50 122  6.0  7.4  0.78  8.33  4.19 150 1004.6   7.7   8.5   7.5 99.0 99.00
2019 01 05 09 50  86  6.4  7.7  0.78  5.00  4.26 238 1003.4   7.7   8.5   7.6 99.0 99.00
2019 01 05 10 50  77  7.4  8.9  0.75  8.33  3.99 185 1002.6   7.8   8.5   7.7 99.0 99.00
2019 01 05 11 50  93  8.9 10.7  0.84 10.00  4.10  94 1001.4   7.9   8.5   7.8 99.0 99.00
2019 01 05 12 50 100  9.4 11.3  1.00  3.85  4.14 128 1000.5   8.5   8.5   8.4 99.0 99.00
2019 01 05 13 50 103  8.3 10.1  1.03  4.00  4.14 124 1000.2   8.7   8.5   8.7 99.0 99.00
2019 01 05 14 50  99  8.7 10.3  1.17  4.35  4.47 123  998.9   8.7   8.5   8.7 99.0 99.00
2019 01 05 15 50  83  8.5 10.2  1.22  4.55  4.45 120  997.4   8.7   8.5   8.7 99.0 99.00
2019 01 05 16 50  69  9.4 11.3  1.35  5.00  4.58 148  995.2   8.4   8.5   8.4 99.0 99.00
2019 01 05 17 50  69 12.0 15.2  1.56  5.26  4.61 110  992.8   8.0   8.5   8.0 99.0 99.00
2019 01 05 18 50  62 12.4 15.1  1.61  5.00  4.51  97  992.5   7.8   8.5   7.8 99.0 99.00
2019 01 05 19 50  31 12.2 15.6  2.00  5.56  4.69  84  992.7   7.6   8.5   7.4 99.0 99.00
2019 01 05 20 50  35 13.0 16.1  2.28  5.88  4.97  87  993.4   7.4   8.5   7.0 99.0 99.00
2019 01 05 21 50  16 13.1 15.6  2.24  5.88  5.10  52  994.8   6.8   8.4   6.5 99.0 99.00
2019 01 05 22 50   4 12.0 14.2  2.39  6.25  5.26  63  996.0   6.6   8.4   6.2 99.0 99.00
2019 01 05 23 50 329 12.7 15.3  2.16  6.67  5.13  63  997.9   6.0   8.4   4.8 99.0 99.00
2019 01 06 00 50 324 11.7 14.2  2.18  6.25  5.02  54  999.6   5.8   8.4   4.6 99.0 99.00
2019 01 06 01 50 308  9.6 11.5  2.10  5.88  5.13  41 1001.3   6.1   8.4   4.3 99.0 99.00
2019 01 06 02 50 300  9.0 11.2  1.78  5.88  4.89  43 1002.0   6.2   8.4   4.3 99.0 99.00
2019 01 06 03 50 288  9.8 11.2  1.57  6.25  4.81  60 1003.2   6.1   8.4   3.9 99.0 99.00
2019 01 06 04 50 292  9.6 11.4  1.47  7.69  4.85 140 1003.8   6.6   8.4   3.1 99.0 99.00
2019 01 06 05 50 289  9.1 10.7  1.32  3.70  4.52 288 1004.8   6.5   8.4   2.8 99.0 99.00
2019 01 06 06 50 285  7.7  9.3  1.19  8.33  4.86 157 1006.0   6.3   8.3   2.3 99.0 99.00
2019 01 06 07 50 265  6.5  8.0  1.23  8.33  5.15 175 1006.8   5.6   8.3   2.7 99.0 99.00
2019 01 06 08 50 281  8.6 10.8  1.28  8.33  5.25 164 1007.1   5.6   8.2   2.7 99.0 99.00
2019 01 06 09 50 282  7.5  9.3  1.45  8.33  5.45 167 1007.3   5.1   8.1   2.6 99.0 99.00
2019 01 06 10 50 292  7.1  9.1  1.51  8.33  5.76 156 1008.1   4.9   8.1   1.5 99.0 99.00
2019 01 06 11 50 264  7.1  8.8  1.48  8.33  5.53 135 1008.9   4.7   8.1   1.3 99.0 99.00
2019 01 06 12 50 264  8.1  9.8  1.45  8.33  5.67 153 1009.4   5.3   8.1   1.6 99.0 99.00
2019 01 06 13 50 259 10.1 12.6  1.60  9.09  5.90 174 1009.8   6.9   8.1   3.5 99.0 99.00
2019 01 06 14 50 267  9.9 12.3  1.54 10.00  5.09 146 1010.5   7.6   8.2   4.2 99.0 99.00
2019 01 06 15 50 268 10.7 13.1  1.62  8.33  4.96 161 1010.5   7.8   8.3   4.7 99.0 99.00
2019 01 06 16 50 268  9.4 11.3  1.60  8.33  5.06 175 1010.0   7.9   8.4   4.7 99.0 99.00
2019 01 06 17 50 266  8.9 10.6  1.61  5.56  5.06 228 1010.2   8.0   8.4   4.7 99.0 99.00
2019 01 06 18 50 304 13.9 16.2  1.41  8.33  4.91 151 1011.2   4.8   8.4   2.5 99.0 99.00
2019 01 06 19 50 293  9.7 11.4  1.53  9.09  4.81 156 1012.3   6.5   8.4   2.2 99.0 99.00
2019 01 06 20 50 297 11.3 13.9  1.43  5.56  4.79 218 1013.3   7.4   8.3  -0.2 99.0 99.00
2019 01 06 21 50 301 13.7 17.2  1.41  5.26  4.40 224 1014.1   6.7   8.2  -1.4 99.0 99.00
2019 01 06 22 50 310 12.3 15.0  1.56  4.55  4.51 292 1015.6   6.3   8.2  -2.3 99.0 99.00
2019 01 06 23 50 307 13.8 16.2  1.58  4.76  4.47 288 1017.0   5.6   8.1  -2.0 99.0 99.00
2019 01 07 00 50 306 14.7 18.3  1.62  4.76  4.48 285 1018.8   3.9   8.0  -3.7 99.0 99.00
2019 01 07 01 50 312 13.7 17.5  1.91  5.00  4.58 289 1020.2   2.8   7.9  -4.4 99.0 99.00
2019 01 07 02 50 311 15.0 18.0  2.22  5.56  4.80 291 1021.0   1.4   7.9  -6.9 99.0 99.00
2019 01 07 03 50 302 14.4 17.2  2.07  5.26  4.75 305 1022.2   0.4   7.7  -8.4 99.0 99.00
2019 01 07 04 50 308 12.8 16.1  1.95  5.56  4.71 287 1022.9  -0.3   7.7  -8.0 99.0 99.00
2019 01 07 05 50 309 12.4 14.8  1.73  5.26  4.62 289 1024.0  -0.6   7.7  -9.0 99.0 99.00
2019 01 07 06 50 308 11.3 13.7  1.77  5.00  4.54 293 1025.3  -0.5   7.6  -8.7 99.0 99.00
2019 01 07 07 50 304 11.5 14.0  1.47  4.76  4.39 305 1026.3  -1.1   7.5  -8.7 99.0 99.00
2019 01 07 08 50 306 11.4 14.2  1.50  4.76  4.31 319 1026.6  -1.6   7.5  -8.7 99.0 99.00
2019 01 07 09 50 316  9.5 12.9  1.34  4.17  4.14 319 1027.7  -1.9   7.4  -9.1 99.0 99.00
2019 01 07 10 50 321 10.5 13.3  1.25  4.76  4.14 301 1028.1  -2.2   7.4  -9.7 99.0 99.00
2019 01 07 11 50 323 10.6 14.3  1.32  4.55  4.18 325 1028.9  -2.6   7.4 -10.1 99.0 99.00
2019 01 07 12 50 331 10.9 13.3  1.43  4.76  4.19 317 1030.2  -2.6   7.4  -9.2 99.0 99.00
2019 01 07 13 50 325 11.8 14.6  1.45  4.76  4.26 320 1030.9  -2.7   7.4  -9.8 99.0 99.00
2019 01 07 14 50 316 10.1 13.3  1.43  4.76  4.18 330 1032.1  -2.8   7.4 -10.1 99.0 99.00
2019 01 07 15 50 322  9.3 12.4  1.33  4.35  4.13 321 1031.1  -2.8   7.4 -10.6 99.0 99.00
2019 01 07 16 50 337  8.9 11.3  1.21  4.76  4.01 358 1030.4  -2.5   7.4 -11.0 99.0 99.00
2019 01 07 17 50 327  6.9  9.2  1.11  4.00  4.04 329 1030.2  -2.3   7.5 -11.6 99.0 99.00
2019 01 07 18 50 333  6.4  8.6  0.92  3.70  3.85 330 1030.0  -1.7   7.5 -11.6 99.0 99.00
2019 01 07 19 50   5  5.5  7.9  0.81  4.00  3.80   6 1030.3  -1.5   7.4 -11.3 99.0 99.00
2019 01 07 20 50  27  5.3  7.2  0.66  3.45  3.74 353 1030.1  -1.0   7.3 -11.7 99.0 99.00
2019 01 07 21 50  72  1.8  2.6  0.56 10.00  3.73 107 1030.4  -0.8   7.2 -13.1 99.0 99.00
2019 01 07 22 50  57  1.1  2.2  0.46 10.00  3.90  71 1030.5  -0.6   7.0 -12.2 99.0 99.00
2019 01 07 23 50  48  1.9  3.2  0.42  9.09  4.25  92 1030.1  -0.3   6.9 -11.4 99.0 99.00
2019 01 08 00 50 104  2.4  3.9  0.41 10.00  4.69 141 1029.5   0.1   7.0 -10.2 99.0 99.00
2019 01 08 01 50 140  3.3  5.6  0.41 10.00  4.87 107 1029.0   0.8   7.1  -8.8 99.0 99.00
2019 01 08 02 50 146  6.1  7.7  0.42 10.81  4.88 320 1027.4   1.5   7.2  -7.3 99.0 99.00
2019 01 08 03 50 176  4.2  5.8  0.43 11.43  4.22 346 1028.7   1.9   7.2  -6.1 99.0 99.00
2019 01 08 04 50 171  7.6  9.1  0.51  9.09  3.71  81 1026.4   2.3   7.2  -4.1 99.0 99.00
2019 01 08 05 50 172  7.4  9.1  0.64  2.86  3.45 156 1026.5   3.0   7.3  -2.8 99.0 99.00
2019 01 08 06 50 163  8.0  9.6  0.76  9.09  3.73  83 1026.1   3.7   7.3  -1.4 99.0 99.00
2019 01 08 07 50 179  7.3  9.2  0.82  3.70  3.86 160 1026.2   4.3   7.3  -0.6 99.0 99.00
2019 01 08 08 50 174  7.9  9.3  0.88  3.85  3.77 164 1024.1   4.9   7.4   0.6 99.0 99.00
2019 01 08 09 50 169  8.9 10.8  1.00  4.35  3.92 166 1022.8   5.5   7.4   1.5 99.0 99.00
2019 01 08 10 50 171 10.1 11.7  1.12  4.55  3.94 180 1021.7   5.8   7.4   2.2 99.0 99.00
2019 01 08 11 50 174  9.4 11.0  1.31  4.76  4.22 176 1021.1   5.7   7.4   3.9 99.0 99.00
2019 01 08 12 50 170  7.9  9.3  1.46  5.26  4.38 179 1020.9   6.1   7.4   5.2 99.0 99.00
2019 01 08 13 50 169  6.9  8.0  1.39  5.26  4.48 177 1020.2   6.8   7.5   6.0 99.0 99.00
2019 01 08 14 50 169  6.7  8.1  1.47  5.88  4.69 176 1018.9   7.4   7.5   6.9 99.0 99.00
2019 01 08 15 50 164  4.1  5.1  1.58  5.88  4.88 179 1017.2   7.8   7.6   7.6 99.0 99.00
2019 01 08 16 50 181  4.4  6.7  1.57  5.88  5.14 174 1015.1   8.5   7.6   8.5 99.0 99.00
2019 01 08 17 50 178  4.3  5.1  1.61  6.67  5.22 171 1012.9   9.0   7.6   9.0 99.0 99.00
2019 01 08 18 50 214  5.5  6.8  1.80  6.67  5.44 167 1011.8   9.2   7.6   9.2 99.0 99.00
2019 01 08 19 50 199  2.6  3.2  1.85  6.67  5.59 152 1010.9   8.7   7.7   8.7 99.0 99.00
2019 01 08 20 50 225  2.9  3.6  1.65  6.67  5.45 167 1010.1   8.2   7.7   8.2 99.0 99.00
2019 01 08 21 50 193  4.1  5.0  1.67  6.67  5.44 155 1009.0   8.0   7.6   8.0 99.0 99.00
2019 01 08 22 50 178  6.1  7.6  1.57  7.14  5.41 159 1007.5   8.3   7.6   8.3 99.0 99.00
2019 01 08 23 50 198  4.1  5.2  1.34  6.67  5.12 157 1007.0   8.4   7.6   8.4 99.0 99.00
2019 01 09 00 50 234  4.5  5.6  1.35  6.67  5.03 132 1007.1   8.3   7.6   8.3 99.0 99.00
2019 01 09 01 50 235  4.5  5.5  1.42  6.25  4.95 148 1006.1   8.1   7.6   8.1 99.0 99.00
2019 01 09 02 50 250  2.3  3.8  1.34  5.88  4.98 147 1004.7   7.5   7.6   7.5 99.0 99.00
2019 01 09 03 50 227  4.1  5.1  1.18  6.25  4.91 139 1003.4   7.8   7.6   7.8 99.0 99.00
2019 01 09 04 50 207  2.5  3.2  1.28  6.67  5.25 136 1001.2   7.9   7.6   7.9 99.0 99.00
2019 01 09 05 50 205  1.8  2.2  1.33  6.67  5.48 141 1000.1   8.0   7.6   8.0 99.0 99.00
2019 01 09 06 50 217  6.7  8.4  1.54  9.09  6.11 182  999.3   8.3   7.5   8.3 99.0 99.00
2019 01 09 07 50 253  7.0  8.3  1.77  9.09  6.24 163  999.0   8.0   7.5   8.0 99.0 99.00
2019 01 09 08 50 242  6.6  8.3  1.91  8.33  6.41 172  998.5   7.7   7.5   7.1 99.0 99.00
2019 01 09 09 50 250 12.7 15.9  2.18  9.09  6.26 151  998.0   8.0   7.5   6.0 99.0 99.00
2019 01 09 10 50 251 12.0 14.3  2.16  9.09  5.61 135  998.1   7.5   7.5   4.8 99.0 99.00
2019 01 09 11 50 252 13.8 17.4  2.29  9.09  5.39 143  997.8   7.2   7.5   4.3 99.0 99.00
2019 01 09 12 50 254 13.8 16.5  2.49  5.88  5.54 234  998.2   7.1   7.5   3.4 99.0 99.00
2019 01 09 13 50 258 13.9 17.5  2.77  6.67  5.83 212  998.6   7.0   7.5   2.2 99.0 99.00
2019 01 09 14 50 261 13.7 16.3  2.91  6.67  5.98 222  998.4   7.0   7.6   1.4 99.0 99.00
2019 01 09 15 50 259 13.4 16.3  2.78  7.69  5.83 207  998.0   7.1   7.6   0.9 99.0 99.00
2019 01 09 16 50 263 14.3 16.8  2.63  7.69  5.73 230  997.3   7.1   7.7   0.5 99.0 99.00
2019 01 09 17 50 267 13.3 16.4  2.71  7.69  5.80 228  997.2   7.3   7.8   0.7 99.0 99.00
2019 01 09 18 50 273 12.9 16.0  2.50  7.69  5.71 218  997.5   7.4   7.9   0.7 99.0 99.00
2019 01 09 19 50 273 13.0 15.8  2.35  7.14  5.46 225  998.0   7.3   8.1   0.5 99.0 99.00
2019 01 09 20 50 273 12.4 15.2  2.21  7.69  5.46 209  998.7   7.2   8.2  -0.4 99.0 99.00
2019 01 09 21 50 269 12.9 16.7  2.21  7.14  5.36 221  999.4   6.7   8.3  -1.0 99.0 99.00
2019 01 09 22 50 272 13.8 16.7  2.25  5.88  5.22 236 1000.0   6.0   8.2  -1.9 99.0 99.00
2019 01 09 23 50 278 13.3 15.6  2.15  6.25  5.20 242 1000.5   5.4   8.2  -2.7 99.0 99.00
2019 01 10 00 50 278 13.6 16.7  2.05  6.25  5.13 235 1000.5   5.0   8.2  -3.5 99.0 99.00
2019 01 10 01 50 272 12.4 15.9  1.99  5.88  5.02 241 1000.4   4.8   8.2  -3.3 99.0 99.00
2019 01 10 02 50 272 13.0 16.5  1.94  5.26  5.08 241 1000.1   3.9   8.2  -2.9 99.0 99.00
2019 01 10 03 50 278 12.6 15.8  2.03  5.88  5.08 230 1000.1   3.6   8.2  -3.4 99.0 99.00
2019 01 10 04 50 275 13.6 17.2  2.02  6.67  5.05 224  999.5   3.0   8.1  -3.7 99.0 99.00
2019 01 10 05 50 275 14.0 17.5  2.20  6.25  5.13 234  999.5   2.6   8.1  -4.2 99.0 99.00
2019 01 10 06 50 278 13.7 17.3  2.07  6.25  5.16 244 1000.0   2.4   8.1  -4.9 99.0 99.00
2019 01 10 07 50 274 12.5 15.6  2.12  5.88  5.24 237  999.9   2.2   7.7  -4.6 99.0 99.00
2019 01 10 08 50 275 12.6 15.4  2.00  6.67  5.15 230  999.8   2.0   7.7  -4.4 99.0 99.00
2019 01 10 09 50 272 13.2 15.8  2.09  6.67  5.25 233  999.7   1.4   7.7  -3.0 99.0 99.00
2019 01 10 10 50 274 13.0 16.4  2.18  7.14  5.48 228 1000.2   1.2   7.6  -2.6 99.0 99.00
2019 01 10 11 50 270 12.1 14.2  2.01  6.67  5.07 231 1000.4   0.8   7.7  -1.9 99.0 99.00
2019 01 10 12 50 280 13.2 15.7  2.00  6.67  5.19 232 1000.8   1.4   7.8  -2.6 99.0 99.00
2019 01 10 13 50 286 12.8 15.6  1.89  6.67  5.03 227 1001.6   1.9   7.8  -3.3 99.0 99.00
2019 01 10 14 50 277 13.1 16.0  1.97  5.88  5.09 227 1002.2   1.8   7.8  -3.8 99.0 99.00
2019 01 10 15 50 274 13.6 16.5  2.05  6.67  5.17 237 1001.8   1.3   7.9  -2.8 99.0 99.00
2019 01 10 16 50 292 13.6 16.2  1.98  6.67  4.93 237 1001.8   1.1   7.9  -2.8 99.0 99.00
2019 01 10 17 50 292 14.1 17.1  2.08  6.67  4.96 220 1001.8   1.1   7.8  -4.4 99.0 99.00
2019 01 10 18 50 293 12.9 14.6  2.11  7.14  4.97 220 1002.7   1.4   7.8  -4.7 99.0 99.00
2019 01 10 19 50 300 12.6 15.4  1.94  6.67  4.95 234 1003.6   1.4   7.6  -5.2 99.0 99.00
2019 01 10 20 50 289 13.2 15.6  2.07  6.67  5.01 229 1004.4   1.5   7.6  -5.2 99.0 99.00
2019 01 10 21 50 302 14.2 18.3  2.05  6.25  4.87 239 1005.9   1.5   7.6  -4.9 99.0 99.00
2019 01 10 22 50 302 14.7 17.7  1.94  6.67  4.83 228 1006.9   1.3   7.6  -5.2 99.0 99.00
2019 01 10 23 50 294 13.9 16.9  2.06  6.67  4.97 232 1007.7   1.1   7.5  -5.1 99.0 99.00
2019 01 11 00 50 294 15.1 18.4  2.02  6.67  4.96 223 1008.2   1.3   7.5  -4.3 99.0 99.00
2019 01 11 01 50 293 16.0 19.2  2.28  6.67  5.04 226 1009.0   0.7   7.4  -4.8 99.0 99.00
2019 01 11 02 50 295 16.2 20.5  2.07  6.67  4.84 227 1009.7   0.8   7.3  -4.6 99.0 99.00
2019 01 11 03 50 297 15.8 18.8  2.30  6.25  5.00 235 1010.6   0.9   7.3  -4.5 99.0 99.00
2019 01 11 04 50 296 13.7 17.0  2.13  5.00  4.83 292 1011.3   0.6   7.2  -5.3 99.0 99.00
2019 01 11 05 50 287 12.7 15.3  2.14  6.25  4.90 239 1011.9   0.8   7.2  -4.8 99.0 99.00
2019 01 11 06 50 290 12.8 15.5  1.94  6.25  4.81 237 1013.1   0.3   7.1  -5.9 99.0 99.00
2019 01 11 07 50 293 12.7 16.0  1.83  6.25  4.69 230 1013.9  -0.1   7.1  -5.8 99.0 99.00
2019 01 11 08 50 287 11.5 14.5  1.71  5.56  4.59 235 1014.7  -0.6   7.1  -6.1 99.0 99.00
2019 01 11 09 50 288 11.1 14.1  1.75  6.25  4.60 234 1015.6  -1.1   7.0  -6.5 99.0 99.00
2019 01 11 10 50 293 11.7 13.8  1.67  6.25  4.70 233 1016.2  -1.4   7.0  -6.8 99.0 99.00
2019 01 11 11 50 303 12.0 15.1  1.58  5.88  4.60 240 1017.1  -1.7   6.9  -6.6 99.0 99.00
2019 01 11 12 50 291 12.8 17.5  1.68  5.88  4.54 243 1017.4  -1.7   6.9  -6.1 99.0 99.00
2019 01 11 13 50 291 12.8 15.0  1.63  5.88  4.44 242 1019.0  -2.5   6.9  -7.6 99.0 99.00
2019 01 11 14 50 297 12.7 15.8  2.01  5.00  4.66 293 1019.9  -2.7   6.9  -8.0 99.0 99.00
2019 01 11 15 50 296 12.3 15.7  1.94  4.76  4.71 297 1020.1  -2.1   6.8  -8.0 99.0 99.00
2019 01 11 16 50 292 13.9 17.6  1.94  5.00  4.69 270 1019.6  -2.0   6.9  -8.3 99.0 99.00
2019 01 11 17 50 294 12.9 16.1  1.67  5.00  4.63 275 1019.8  -1.6   6.9  -8.6 99.0 99.00
2019 01 11 18 50 291 12.0 15.7  1.58  4.55  4.52 275 1020.4  -1.1   6.9  -8.3 99.0 99.00
2019 01 11 19 50 293 10.9 14.0  1.61  5.88  4.55 244 1021.6  -0.5   6.9  -9.3 99.0 99.00
2019 01 11 20 50 301 10.8 13.0  1.61  6.25  4.43 239 1022.3  -0.1   7.0 -10.2 99.0 99.00
2019 01 11 21 50 295 11.7 14.9  1.52  6.25  4.47 235 1023.2  -0.4   6.9 -11.7 99.0 99.00
2019 01 11 22 50 302 10.3 12.9  1.50  5.26  4.34 250 1024.2  -0.7   6.9 -11.5 99.0 99.00
2019 01 11 23 50 301 12.3 15.9  1.41  5.00  4.25 255 1024.7  -0.6   6.9 -11.6 99.0 99.00
2019 01 12 00 50 314 12.6 15.8  1.48  4.55  4.17 270 1025.7  -1.6   6.9 -10.7 99.0 99.00
2019 01 12 01 50 307 11.9 15.4  1.47  4.76  4.28 291 1026.8  -2.5   6.9 -10.6 99.0 99.00
2019 01 12 02 50 312 10.6 13.7  1.49  5.00  4.29 275 1028.1  -3.0   6.9 -10.7 99.0 99.00
2019 01 12 03 50 307 10.3 13.2  1.25  4.76  4.16 284 1028.6  -3.3   6.9 -11.6 99.0 99.00
2019 01 12 04 50 302 10.8 12.9  1.26  4.55  4.08 289 1029.0  -3.6   6.8 -10.9 99.0 99.00
2019 01 12 05 50 302  9.7 12.3  1.20  4.55  3.95 273 1029.3  -4.2   6.8 -11.2 99.0 99.00
2019 01 12 06 50 297  9.4 12.0  1.11  4.00  3.82 293 1030.5  -4.6   6.8 -11.5 99.0 99.00
2019 01 12 07 50 299  9.1 11.8  0.99  4.17  3.72 277 1031.1  -4.8   6.8 -11.7 99.0 99.00
2019 01 12 08 50 304  8.5 11.2  1.05  3.85  3.72 298 1031.6  -5.1   6.8 -11.3 99.0 99.00
2019 01 12 09 50 320  9.4 12.1  0.99  4.00  3.66 287 1031.7  -5.0   6.8 -10.8 99.0 99.00
2019 01 12 10 50 315  9.5 11.6  1.04  3.85  3.65 305 1031.9  -4.5   6.8  -9.4 99.0 99.00
2019 01 12 11 50 306  7.8 10.2  0.94  4.17  3.76 310 1032.9  -4.3   6.8 -10.4 99.0 99.00
2019 01 12 12 50 313  7.6  9.5  0.74  3.70  3.54 317 1032.9  -3.9   6.8  -9.5 99.0 99.00
2019 01 12 13 50 305  7.1  9.4  0.70  3.45  3.50 321 1033.7  -3.5   6.8  -9.1 99.0 99.00
2019 01 12 14 50 316  6.1  8.1  0.70  3.23  3.43 310 1034.3  -3.4   6.8 -10.2 99.0 99.00
2019 01 12 15 50 289  6.5  8.3  0.61  3.13  3.26 308 1033.8  -3.1   6.8  -8.9 99.0 99.00
2019 01 12 16 50 296  7.0  9.4  0.57  3.23  3.23 297 1032.9  -2.8   6.8  -9.2 99.0 99.00
2019 01 12 17 50 292  7.1  9.3  0.57  3.13  3.19 292 1032.4  -2.2   6.8  -8.9 99.0 99.00
2019 01 12 18 50 289  6.5  8.5  0.55  3.03  3.20 285 1032.3  -1.8   6.9  -8.0 99.0 99.00
2019 01 12 19 50 280  6.7  8.7  0.58  3.13  3.15 278 1032.5  -1.6   6.8  -7.5 99.0 99.00
2019 01 12 20 50 278  6.4  8.5  0.56  3.23  3.21 274 1032.5  -1.4   6.8  -7.5 99.0 99.00
2019 01 12 21 50 289  6.2  7.9  0.54  3.13  3.19 287 1032.6  -1.2   6.8  -8.0 99.0 99.00
2019 01 12 22 50 298  6.2  8.9  0.53  3.13  3.20 283 1033.2  -1.0   6.8  -8.7 99.0 99.00
2019 01 12 23 50 291  6.1  7.9  0.43  3.23  3.18 273 1033.4  -0.7   6.8  -8.3 99.0 99.00
2019 01 13 00 50 307  5.6  6.9  0.41  2.86  3.27 279 1032.6  -0.3   6.8  -8.2 99.0 99.00
2019 01 13 01 50 299  5.4  6.8  0.38  2.94  3.21 271 1032.7  -0.3   6.7  -8.3 99.0 99.00
2019 01 13 02 50 280  5.2  7.7  0.36 10.00  3.31 133 1033.2  -0.3   6.7  -8.4 99.0 99.00
2019 01 13 03 50 299  6.2  8.2  0.40  2.86  3.11 278 1032.6  -0.3   6.8  -9.3 99.0 99.00
2019 01 13 04 50 311  5.2  6.9  0.43  3.03  3.18 266 1032.0  -0.5   6.8  -8.2 99.0 99.00
2019 01 13 05 50 318  4.4  6.8  0.46  2.86  3.25 285 1032.0  -1.0   6.7  -8.5 99.0 99.00
2019 01 13 06 50 341  5.9  8.2  0.47  2.86  3.09 300 1031.6  -1.4   6.7  -9.3 99.0 99.00
2019 01 13 07 50 359  5.7  6.9  0.53  2.94  3.17 327 1031.7  -1.5   6.7  -8.8 99.0 99.00
2019 01 13 08 50 345  4.7  6.4  0.45  3.23  3.27   3 1031.8  -1.7   6.6  -9.7 99.0 99.00
2019 01 13 09 50 339  4.2  6.4  0.43  3.23  3.29  12 1031.6  -2.0   6.5 -10.1 99.0 99.00
2019 01 13 10 50   6  4.6  6.6  0.39  3.13  3.21  17 1031.3  -2.2   6.5  -9.5 99.0 99.00
2019 01 13 11 50 357  4.0  5.5  0.41  2.94  3.24  17 1031.1  -2.4   6.4  -9.0 99.0 99.00
2019 01 13 12 50   5  5.0  6.7  0.41  2.94  3.35  12 1031.1  -2.5   6.4  -9.5 99.0 99.00
2019 01 13 13 50  15  5.1  6.8  0.41  3.33  3.29  30 1031.7  -2.6   6.5  -8.9 99.0 99.00
2019 01 13 14 50   9  5.6  7.2  0.40  3.13  3.28  28 1031.8  -2.8   6.5  -9.2 99.0 99.00
2019 01 13 15 50  10  5.8  7.2  0.44  3.03  3.23  25 1030.7  -2.9   6.4  -8.5 99.0 99.00
2019 01 13 16 50  23  6.5  8.5  0.46  3.13  3.23  26 1029.1  -2.8   6.4  -7.8 99.0 99.00
2019 01 13 17 50  28  6.5  8.1  0.51  3.23  3.39  37 1028.8  -2.3   6.4  -7.1 99.0 99.00
2019 01 13 18 50  39  7.4  9.0  0.55  3.45  3.37  42 1027.7  -2.1   6.4  -6.4 99.0 99.00
2019 01 13 19 50  36  8.2 10.3  0.61  3.45  3.33  38 1027.4  -2.0   6.4  -6.5 99.0 99.00
2019 01 13 20 50  44  9.3 11.3  0.74  3.70  3.49  44 1026.9  -1.6   6.4  -5.2 99.0 99.00
2019 01 13 21 50  53 10.1 11.9  0.90  4.55  3.74  55 1026.6  -0.8   6.4  -4.2 99.0 99.00
2019 01 13 22 50  65  9.6 12.0  1.04  4.55  3.86  59 1026.5  -0.1   6.4  -3.9 99.0 99.00
2019 01 13 23 50  67 11.1 13.6  1.21  4.55  3.88  56 1026.2   0.5   6.4  -3.9 99.0 99.00
2019 01 14 00 50  60 11.1 13.5  1.34  4.76  4.06  57 1025.6   0.6   6.4  -3.5 99.0 99.00
2019 01 14 01 50  62 11.1 14.8  1.54  5.26  4.27  57 1025.1   0.8   6.5  -2.7 99.0 99.00
2019 01 14 02 50  50 11.5 14.5  1.76  5.56  4.69  67 1024.9   0.6   6.6  -2.8 99.0 99.00
2019 01 14 03 50  55 11.5 15.1  1.86  5.56  4.71  67 1024.2   1.0   6.6  -2.1 99.0 99.00
2019 01 14 04 50  40 11.4 14.3  1.85  5.88  4.77  63 1023.2   1.0   6.6  -2.1 99.0 99.00
2019 01 14 05 50  48 12.0 14.7  2.05  5.88  5.02  71 1022.5   1.4   6.8  -2.2 99.0 99.00
2019 01 14 06 50  44 11.9 14.8  1.95  5.88  4.87  67 1022.3   1.9   6.8  -1.9 99.0 99.00
2019 01 14 07 50  48 12.0 14.9  2.34  6.67  5.19  77 1022.1   1.8   6.8  -2.6 99.0 99.00
2019 01 14 08 50  38 12.1 14.4  2.20  7.14  5.16  76 1021.8   1.5   6.8  -2.3 99.0 99.00
2019 01 14 09 50  36 12.1 14.8  2.19  7.14  5.18  86 1021.6   1.3   6.7  -3.1 99.0 99.00
2019 01 14 10 50  22  9.7 12.1  2.55  6.67  5.55  78 1021.7   1.4   6.7  -2.4 99.0 99.00
2019 01 14 11 50  21 10.6 13.6  2.29  7.14  5.39  85 1022.0   1.0   6.6  -2.1 99.0 99.00
2019 01 14 12 50  22 11.2 13.9  2.14  7.14  5.25  94 1022.0   0.9   6.5  -2.4 99.0 99.00
2019 01 14 13 50  16 11.2 13.1  2.39  7.14  5.55  94 1022.3   0.8   6.5  -2.7 99.0 99.00
2019 01 14 14 50  21 10.6 13.2  2.45  8.33  5.62 101 1022.8   0.9   6.5  -2.4 99.0 99.00
2019 01 14 15 50  22  9.8 11.9  2.33  7.69  5.65 102 1022.4   0.8   6.5  -2.8 99.0 99.00
2019 01 14 16 50  38  8.5 10.3  2.53  8.33  6.03 109 1021.5   0.6   6.5  -3.5 99.0 99.00
2019 01 14 17 50  26  8.4 10.3  2.33  9.09  6.16  96 1020.8   0.6   6.5  -3.8 99.0 99.00
2019 01 14 18 50  24  8.9 11.7  2.50  9.09  6.37 103 1020.5   0.6   6.5  -3.6 99.0 99.00
2019 01 14 19 50   2  8.1 10.6  2.86  8.33  6.78  94 1020.5   0.4   6.5  -3.9 99.0 99.00
2019 01 14 20 50 359  7.6  9.9  3.00  9.09  7.09  95 1020.1   0.3   6.4  -4.5 99.0 99.00
2019 01 14 21 50 348  6.9  9.0  2.41 10.00  6.77 110 1019.9   0.4   6.4  -5.1 99.0 99.00
2019 01 14 22 50 333  5.9  8.4  2.55  9.09  6.90  88 1020.1   0.7   6.4  -4.9 99.0 99.00
2019 01 14 23 50 331  5.7  7.7  2.33 10.00  6.80 110 1020.1   0.8   6.4  -5.4 99.0 99.00
2019 01 15 00 50 330  5.7  8.0  2.14 10.00  6.49  94 1019.9   0.6   6.4  -5.7 99.0 99.00
2019 01 15 01 50 334  4.5  6.4  2.02 10.00  6.38  97 1019.7   0.6   6.5  -6.3 99.0 99.00
2019 01 15 02 50 319  4.7  6.8  1.95  9.09  6.37  94 1019.8   0.7   6.4  -6.5 99.0 99.00
2019 01 15 03 50 320  5.7  7.6  2.11 10.00  6.94  92 1019.7   0.7   6.3  -7.2 99.0 99.00
2019 01 15 04 50 316  6.5  8.7  2.00  9.09  6.92  90 1019.1   0.6   6.3  -8.1 99.0 99.00
2019 01 15 05 50 315  6.7  8.4  2.03 10.00  7.02  88 1018.8   0.7   6.3  -8.0 99.0 99.00
2019 01 15 06 50 309  6.0  8.0  1.99 10.00  7.00  85 1018.6   0.4   6.3  -6.7 99.0 99.00
2019 01 15 07 50 304  6.8  8.6  1.82 10.00  6.73  99 1018.4   0.4   6.3  -6.4 99.0 99.00
2019 01 15 08 50 312  6.1  7.7  2.10 10.81  7.17  86 1017.9   0.4   6.3  -7.7 99.0 99.00
2019 01 15 09 50 313  7.0  9.2  1.87 10.81  6.86  89 1018.1   0.6   6.3  -6.4 99.0 99.00
2019 01 15 10 50 318  6.2  7.9  1.86 10.00  6.55  96 1018.3  -0.1   6.3  -6.7 99.0 99.00
2019 01 15 11 50 311  6.2  7.9  1.87 10.00  6.94  95 1018.8  -0.1   6.3  -6.0 99.0 99.00
2019 01 15 12 50 320  5.9  7.9  2.00 10.00  7.31 102 1019.4  -0.3   6.3  -6.4 99.0 99.00
2019 01 15 13 50 318  6.1  7.8  1.61 12.12  6.50 116 1019.8   0.0   6.4  -6.7 99.0 99.00
2019 01 15 14 50 320  6.2  7.9  1.97 12.12  7.36 113 1020.3  -0.1   6.5  -7.5 99.0 99.00
2019 01 15 15 50 320  5.9  7.5  1.69 12.12  6.87 113 1020.3   0.1   6.5  -7.9 99.0 99.00
2019 01 15 16 50 303  6.1  7.9  1.76 10.81  7.34  97 1019.4   0.0   6.5  -7.6 99.0 99.00
2019 01 15 17 50 303  6.3  8.0  1.59 10.81  6.55  95 1019.0   0.5   6.6  -6.9 99.0 99.00
2019 01 15 18 50 301  6.1  8.2  1.57 10.00  6.27  89 1019.0   0.7   6.6  -6.6 99.0 99.00
2019 01 15 19 50 301  6.2  7.9  1.63 10.81  6.41  83 1019.0   1.1   6.6  -7.3 99.0 99.00
2019 01 15 20 50 305  4.8  6.4  1.60 10.81  6.38  86 1019.1   1.5   6.6  -6.5 99.0 99.00
2019 01 15 21 50 294  4.5  6.2  1.40 10.81  6.44  96 1019.1   1.7   6.5  -5.5 99.0 99.00
2019 01 15 22 50 296  5.9  7.3  1.46 10.00  6.69  85 1019.7   1.8   6.5  -5.1 99.0 99.00
2019 01 15 23 50 304  5.5  7.0  1.29 10.00  6.39  89 1020.0   1.9   6.5  -5.8 99.0 99.00
2019 01 16 00 50 286  4.3  5.9  1.23 10.00  6.65  94 1020.1   2.0   6.4  -5.0 99.0 99.00
2019 01 16 01 50 296  4.6  6.1  1.28 10.00  6.87  93 1020.2   1.8   6.4  -4.6 99.0 99.00
2019 01 16 02 50 298  3.3  4.5  1.29  9.09  7.03  92 1020.4   1.6   6.4  -4.5 99.0 99.00
2019 01 16 03 50 290  3.6  5.2  1.29 10.81  7.18  97 1020.2   1.4   6.4  -4.6 99.0 99.00
2019 01 16 04 50 296  3.3  4.6  1.17 11.43  7.26  89 1019.5   1.3   6.3  -5.4 99.0 99.00
2019 01 16 05 50 263  2.1  3.7  1.17 11.43  7.39  89 1018.9   1.2   6.3  -5.1 99.0 99.00
2019 01 16 06 50 273  1.8  3.1  1.21 10.00  7.90  83 1018.7   1.3   6.3  -5.2 99.0 99.00
2019 01 16 07 50 240  2.4  3.5  1.26 11.43  8.18  90 1018.4   1.5   6.2  -5.0 99.0 99.00
2019 01 16 08 50 240  4.2  5.7  1.24 10.81  8.06  79 1018.0   1.7   6.2  -4.9 99.0 99.00
2019 01 16 09 50 231  5.3  7.4  1.16 10.81  7.71  87 1017.6   2.3   6.3  -3.6 99.0 99.00
2019 01 16 10 50 223  6.5  8.2  1.22 10.81  6.93  92 1017.4   3.2   6.4  -2.0 99.0 99.00
2019 01 16 11 50 238  8.9 10.9  1.15 10.00  5.19  94 1017.3   3.3   6.4  -2.2 99.0 99.00
2019 01 16 14 50 250 10.2 12.9  1.67  5.00  4.85 233 1017.8   3.1   6.6  -1.2 99.0 99.00
2019 01 16 15 50 248 12.0 14.9  1.72  5.26  4.93 238 1017.4   3.1   6.6  -1.2 99.0 99.00
2019 01 16 16 50 264 11.1 14.1  1.99  5.88  5.18 238 1017.2   1.9   6.6  -2.3 99.0 99.00
2019 01 16 17 50 263 10.1 11.9  1.88  5.88  5.17 235 1016.6   1.9   6.6  -2.8 99.0 99.00
2019 01 16 18 50 258  9.1 11.3  1.70  5.56  5.11 236 1016.3   2.3   6.6  -2.5 99.0 99.00
2019 01 16 19 50 277 10.7 12.9  1.62  6.25  5.03 232 1016.3   2.9   6.6  -3.5 99.0 99.00
2019 01 16 20 50 274  9.5 11.7  1.68  5.88  5.13 224 1017.0   3.1   6.5  -3.2 99.0 99.00
2019 01 16 21 50 273 10.0 12.4  1.57  6.25  4.87 221 1017.4   3.5   6.5  -3.8 99.0 99.00
2019 01 16 22 50 257  8.8 10.5  1.41  6.25  4.73 218 1018.1   3.9   6.5  -3.4 99.0 99.00
2019 01 16 23 50 255  9.0 11.5  1.42  6.25  4.75 223 1018.8   4.2   6.5  -2.8 99.0 99.00
2019 01 17 00 50 261  9.6 11.6  1.33  5.88  4.53 226 1019.0   4.7   6.5  -2.6 99.0 99.00
2019 01 17 01 50 264 10.0 12.2  1.40  5.88  4.70 226 1019.4   4.8   6.5  -3.3 99.0 99.00
2019 01 17 02 50 268 10.1 12.3  1.31  5.88  4.46 225 1020.3   4.8   6.5  -1.9 99.0 99.00
2019 01 17 03 50 286 10.4 12.7  1.39  5.00  4.47 232 1021.1   4.0   6.5  -3.2 99.0 99.00
2019 01 17 04 50 284 11.2 13.3  1.34  5.88  4.41 223 1021.6   3.3   6.5  -5.1 99.0 99.00
2019 01 17 05 50 318  8.5 11.5  1.33  5.26  4.36 229 1022.3   2.9   6.5  -3.5 99.0 99.00
2019 01 17 06 50 314  9.8 12.1  1.27  5.56  4.33 238 1023.4   1.6   6.5  -5.9 99.0 99.00
2019 01 17 07 50 315 10.5 12.3  1.52  4.35  4.29 312 1024.4   0.6   6.5  -7.7 99.0 99.00
2019 01 17 08 50 319 10.2 13.1  1.39  4.35  4.22 317 1024.7  -0.1   6.4  -7.3 99.0 99.00
2019 01 17 09 50 321 10.2 12.0  1.28  4.17  4.20 324 1025.3  -0.7   6.4  -7.8 99.0 99.00
2019 01 17 10 50 328  9.3 11.7  1.19  4.35  4.10 323 1026.3  -1.3   6.2  -8.8 99.0 99.00
2019 01 17 11 50 321  9.1 11.5  1.10  4.17  4.15 334 1027.5  -1.8   6.2  -9.4 99.0 99.00
2019 01 17 12 50 330  8.7 10.6  1.04  4.17  3.91 348 1028.3  -2.1   6.3 -10.9 99.0 99.00
2019 01 17 13 50 328  7.5 10.0  0.96  4.00  3.91 343 1029.1  -2.5   6.3 -10.5 99.0 99.00
2019 01 17 14 50 342  6.2  7.5  0.80  3.70  3.77 339 1029.9  -2.5   6.3 -11.6 99.0 99.00
2019 01 17 15 50 354  5.4  6.9  0.80  3.57  3.80 342 1030.2  -2.4   6.4 -11.4 99.0 99.00
2019 01 17 16 50 351  4.4  6.4  0.68 10.00  4.00 151 1029.4  -2.4   6.2 -11.8 99.0 99.00
2019 01 17 17 50  11  3.7  5.4  0.63 10.00  3.84 128 1028.7  -2.3   6.3 -12.2 99.0 99.00
2019 01 17 18 50  37  3.5  4.9  0.56 10.00  4.28 111 1028.2  -2.0   6.3 -11.9 99.0 99.00
2019 01 17 19 50  61  3.0  4.4  0.48  9.09  4.21  78 1028.1  -1.8   6.3 -11.8 99.0 99.00
2019 01 17 20 50  84  3.1  4.2  0.46  9.09  4.87 104 1027.8  -1.5   6.2 -10.7 99.0 99.00
2019 01 17 21 50 113  4.2  6.1  0.41 10.00  4.69 111 1026.9  -1.0   6.2  -9.7 99.0 99.00
2019 01 17 22 50 135  4.4  5.8  0.43 10.00  4.70 121 1027.2  -0.3   6.2  -6.7 99.0 99.00
2019 01 17 23 50 150  4.4  6.4  0.45 10.81  4.60 125 1027.4   0.3   6.2  -6.6 99.0 99.00
2019 01 18 00 50 135  4.7  6.1  0.47 10.00  3.96 355 1026.7   0.5   6.2  -7.1 99.0 99.00
2019 01 18 01 50 134  4.7  6.5  0.48  9.09  3.93 144 1026.2   1.1   6.2  -5.8 99.0 99.00
2019 01 18 02 50 134  3.7  5.0  0.50  8.33  3.66 137 1026.2   1.1   6.2  -5.9 99.0 99.00
2019 01 18 03 50 130  4.7  6.5  0.54 10.00  3.95 135 1025.7   1.3   6.2  -5.4 99.0 99.00
2019 01 18 04 50 128  5.3  7.1  0.56  8.33  3.78 134 1024.9   1.5   6.3  -5.5 99.0 99.00
2019 01 18 05 50 127  6.3  8.0  0.57  9.09  3.66 336 1023.3   2.0   6.3  -4.7 99.0 99.00
2019 01 18 06 50 136  5.3  7.2  0.61  3.13  3.71 130 1022.8   2.3   6.3  -3.7 99.0 99.00
2019 01 18 07 50 106  4.0  6.5  0.63  3.33  3.74 122 1022.1   2.6   6.4  -2.7 99.0 99.00
2019 01 18 08 50 101  5.1  6.3  0.62  3.45  3.65 129 1021.1   2.9   6.3  -1.4 99.0 99.00
2019 01 18 09 50 113  5.4  7.0  0.65  3.45  3.70 128 1020.1   3.3   6.3  -1.3 99.0 99.00
2019 01 18 10 50 113  4.9  6.0  0.67  3.85  3.90 129 1019.7   3.5   6.3   0.4 99.0 99.00
2019 01 18 11 50 103  5.4  6.4  0.68  3.85  3.89 122 1019.5   3.7   6.3   1.8 99.0 99.00
2019 01 18 12 50  93  5.1  6.1  0.75  4.35  4.00 122 1019.4   3.8   6.3   2.0 99.0 99.00
2019 01 18 13 50  85  6.2  7.2  0.83  4.55  4.12 117 1019.1   4.0   6.3   2.5 99.0 99.00
2019 01 18 14 50  89  5.7  6.5  0.91  5.00  4.07 119 1019.5   4.3   6.3   2.6 99.0 99.00
2019 01 18 15 50  68  4.7  5.4  0.96  5.26  4.27 105 1019.4   4.6   6.4   2.8 99.0 99.00
2019 01 18 16 50  79  4.2  5.2  0.95  5.00  4.17 110 1018.4   4.6   6.4   2.6 99.0 99.00
2019 01 18 17 50  65  3.7  4.6  1.04  5.00  4.39  96 1017.6   4.6   6.5   2.8 99.0 99.00
2019 01 18 18 50  54  3.0  3.8  0.99  5.88  4.55 114 1017.1   4.6   6.5   2.6 99.0 99.00
2019 01 18 19 50  35  1.3  1.8  1.08  5.88  4.87 111 1017.4   4.7   6.5   2.5 99.0 99.00
2019 01 18 20 50 333  1.4  2.3  1.02  6.25  4.93  87 1017.1   4.6   6.5   2.3 99.0 99.00
2019 01 18 21 50 298  5.0  5.8  0.94  6.25  4.85  93 1017.6   4.2   6.5   3.0 99.0 99.00
2019 01 18 22 50 285  3.3  4.2  0.89  6.67  4.89  82 1018.3   4.4   6.4   2.2 99.0 99.00
2019 01 18 23 50 271  3.9  4.7  0.95  6.67  5.14  83 1018.5   4.4   6.4   2.2 99.0 99.00
2019 01 19 00 50 275  4.9  5.8  0.93  6.25  5.29  76 1018.7   4.4   6.4   1.8 99.0 99.00
2019 01 19 01 50 273  6.7  7.9  0.91  6.25  5.20  77 1018.9   4.6   6.4   2.2 99.0 99.00
2019 01 19 02 50 287  7.1  8.6  0.92  6.25  4.50  82 1019.8   3.8   6.4   1.1 99.0 99.00
2019 01 19 03 50 287  7.3  8.4  0.97  6.67  4.04  83 1020.6   3.6   6.4   0.8 99.0 99.00
2019 01 19 04 50 296  6.9  8.4  0.91  7.14  4.08  84 1021.1   3.7   6.4   0.8 99.0 99.00
2019 01 19 05 50 308  5.6  6.7  0.92  6.67  4.36  76 1021.0   3.5   6.4  -0.1 99.0 99.00
2019 01 19 06 50 324  5.0  6.8  0.78  6.25  4.17  91 1021.5   3.5   6.4  -0.5 99.0 99.00
2019 01 19 07 50 330  5.4  7.0  0.70  7.14  4.28  68 1022.1   3.2   6.4  -1.9 99.0 99.00
2019 01 19 08 50 330  6.4  7.6  0.68  6.67  3.74  89 1022.8   2.9   6.3  -3.5 99.0 99.00
2019 01 19 09 50 335  6.8  8.7  0.73  6.67  3.76  89 1022.5   2.7   6.3  -4.9 99.0 99.00
2019 01 19 10 50 336  6.5  7.8  0.85  3.70  3.90 342 1022.9   2.6   6.3  -4.8 99.0 99.00
2019 01 19 11 50 339  5.8  7.7  0.73  6.25  3.93  97 1024.1   2.6   6.3  -4.3 99.0 99.00
2019 01 19 12 50  16  6.7  8.8  0.71  5.88  3.98  93 1023.5   2.6   6.3  -3.4 99.0 99.00
2019 01 19 13 50  27  4.9  6.5  0.64  5.88  3.97  89 1024.2   2.7   6.3  -3.3 99.0 99.00
2019 01 19 14 50  33  6.2  7.5  0.61  5.88  4.06 100 1025.2   2.8   6.4  -4.7 99.0 99.00
2019 01 19 15 50  49  4.9  6.5  0.61  5.56  3.81  89 1024.9   2.8   6.5  -4.0 99.0 99.00
2019 01 19 16 50  77  5.4  6.5  0.58  5.26  3.85  99 1024.9   2.9   6.5  -3.7 99.0 99.00
2019 01 19 17 50  78  5.6  7.3  0.55  6.25  3.65 146 1023.8   3.0   6.5  -3.8 99.0 99.00
2019 01 19 18 50  71  6.2  7.7  0.61  2.94  3.56  73 1022.6   3.2   6.4  -2.7 99.0 99.00
2019 01 19 19 50  84  6.9  8.1  0.67  3.57  3.57  58 1021.9   3.3   6.4  -1.2 99.0 99.00
2019 01 19 20 50  91  5.6  6.9  0.80  4.35  3.69  75 1022.3   3.5   6.4  -1.2 99.0 99.00
2019 01 19 21 50  96  5.6  6.7  0.73  4.00  3.73  64 1022.1   3.7   6.4  -0.8 99.0 99.00
2019 01 19 22 50 105  8.3 10.0  0.75  4.55  3.73  70 1020.1   4.0   6.3  -0.3 99.0 99.00
2019 01 19 23 50  93  6.9  9.2  0.85  4.55  3.74  61 1020.9   4.0   6.4   0.9 99.0 99.00
2019 01 20 00 50  76  8.9 11.0  1.11  4.76  4.03  70 1019.0   3.9   6.4   2.0 99.0 99.00
2019 01 20 01 50 113  7.9  9.6  1.18  5.26  4.26  68 1017.6   4.6   6.4   0.6 99.0 99.00
2019 01 20 02 50 104  8.5 10.0  1.11  5.00  4.10  66 1016.3   5.4   6.4   2.7 99.0 99.00
2019 01 20 03 50 103 10.5 12.0  1.17  5.00  4.10  69 1014.2   5.7   6.4   3.4 99.0 99.00
2019 01 20 04 50 103 11.7 14.2  1.36  4.76  4.07  85 1012.2   5.7   6.4   4.4 99.0 99.00
2019 01 20 05 50  94 11.3 13.9  1.67  4.76  4.46  88 1009.7   5.8   6.4   5.3 99.0 99.00
2019 01 20 06 50 103 11.1 13.7  2.00  6.25  4.88  94 1008.1   6.2   6.5   5.9 99.0 99.00
2019 01 20 07 50  81  9.8 11.5  2.07  6.67  5.20  97 1005.3   6.5   6.5   6.4 99.0 99.00
2019 01 20 08 50  85  9.8 11.7  2.19  6.67  5.19  98 1003.0   6.7   6.5   6.4 99.0 99.00
2019 01 20 09 50  80  7.2  8.9  2.26  6.67  5.64  93 1000.9   7.5   6.5   7.3 99.0 99.00
2019 01 20 10 50 170 10.1 12.0  2.03  7.14  5.48  77  998.1   9.8   6.5   9.6 99.0 99.00
2019 01 20 11 50 214  8.1 10.7  2.20  7.14  5.40  76  998.3  10.4   6.6  10.2 99.0 99.00
2019 01 20 12 50 175  3.9  5.2  2.18  6.25  5.50 101  996.6   9.1   6.6   9.1 99.0 99.00
2019 01 20 13 50 257  6.8 11.9  2.38  6.67  5.57 117  995.8  10.0   6.6   9.9 99.0 99.00
2019 01 20 14 50 202  4.4  5.8  2.00  6.67  5.43 127  994.8  10.7   6.8  10.7 99.0 99.00
2019 01 20 15 50 213  5.3  7.0  2.07  7.14  5.54 106  994.3   9.6   6.8   9.6 99.0 99.00
2019 01 20 16 50 158  7.4  8.4  2.11  7.14  5.59 141  990.7   9.1   6.7   9.1 99.0 99.00
2019 01 20 17 50 172  7.7  9.9  2.24  6.67  5.86 150  988.5   9.6   6.7   9.6 99.0 99.00
2019 01 20 18 50 198  9.6 11.3  2.53  7.14  6.08 134  987.4   9.9   6.7   9.9 99.0 99.00
2019 01 20 19 50 289 10.8 13.8  3.15 10.00  6.92 164  988.0   4.8   6.7   4.8 99.0 99.00
2019 01 20 20 50 306 13.7 17.6  3.00 10.00  6.57 155  990.1   1.9   6.6   0.9 99.0 99.00
2019 01 20 21 50 299 13.0 16.3  3.05 10.81  6.28 162  992.3   1.4   6.5  -0.6 99.0 99.00
2019 01 20 22 50 291 14.5 17.7  3.22 11.43  6.28 149  994.2  -0.2   6.5  -3.0 99.0 99.00
2019 01 20 23 50 292 14.1 17.7  3.48 10.81  6.51 142  995.8  -0.8   6.5  -3.6 99.0 99.00
2019 01 21 00 50 294 15.0 18.4  3.69 11.43  6.98 141  997.3  -3.0   6.5  -5.5 99.0 99.00
2019 01 21 01 50 295 16.8 21.6  3.52 12.12  6.90 145  998.6  -5.1   6.4  -7.4 99.0 99.00
2019 01 21 02 50 296 15.9 19.6  3.81 12.12  7.17 133 1000.4  -6.2   6.4  -8.5 99.0 99.00
2019 01 21 03 50 297 15.9 19.9  3.66 12.12  6.60 138 1002.4  -7.1   6.4  -9.2 99.0 99.00
2019 01 21 04 50 297 17.6 22.6  3.67 12.12  6.73 141 1003.8  -7.8   6.4  -9.9 99.0 99.00
2019 01 21 05 50 292 15.7 19.4  3.48 12.12  6.52 142 1004.8  -8.2   6.4 -10.0 99.0 99.00
2019 01 21 06 50 292 15.7 19.4  3.11 11.43  6.32 144 1005.9  -9.1   6.4 -10.6 99.0 99.00
2019 01 21 07 50 290 14.3 18.1  3.12 10.81  6.28 150 1007.1  -9.3   6.4 -10.5 99.0 99.00
2019 01 21 08 50 292 16.5 20.6  2.78 10.81  6.04 137 1007.1  -9.8   6.3 -11.9 99.0 99.00
2019 01 21 09 50 291 16.3 19.6  2.85 11.43  6.01 148 1007.8 -10.2   6.4 -12.4 99.0 99.00
2019 01 21 10 50 295 14.9 19.0  2.60  7.14  5.56 228 1008.9 -10.7   6.4 -12.9 99.0 99.00
2019 01 21 11 50 286 14.2 17.4  2.62 11.43  5.66 114 1009.6 -10.8   6.4 -12.9 99.0 99.00
2019 01 21 12 50 294 13.2 17.5  2.37 11.43  5.42 140 1010.9 -11.0   6.4 -11.7 99.0 99.00
2019 01 21 13 50 288 13.5 18.3  2.51  5.88  5.56 242 1012.0 -11.4   6.4 -12.3 99.0 99.00
2019 01 21 14 50 282 14.3 18.4  2.34  7.14  5.35 229 1012.7 -11.6   6.4 -13.8 99.0 99.00
2019 01 21 15 50 293 15.8 18.9  2.45 10.81  5.42 161 1012.9 -11.3   6.4 -12.5 99.0 99.00
2019 01 21 16 50 290 16.2 22.3  2.60  5.88  5.42 243 1012.7 -11.0   6.3 -12.0 99.0 99.00
2019 01 21 17 50 283 17.0 22.3  2.58  7.14  5.43 230 1012.6 -10.6   6.3 -11.4 99.0 99.00
2019 01 21 18 50 289 15.9 20.0  2.69  6.25  5.35 246 1013.0 -10.0   6.2 -11.3 99.0 99.00
2019 01 21 19 50 279 17.6 21.9  2.91  7.69  5.55 226 1013.3  -8.4   6.2 -10.3 99.0 99.00
2019 01 21 20 50 284 18.1 22.2  3.02  7.69  5.68 229 1013.7  -8.1   6.2 -10.7 99.0 99.00
2019 01 21 21 50 282 17.1 21.1  3.17  7.69  5.97 244 1014.7  -7.5   6.2 -10.6 99.0 99.00
2019 01 21 22 50 285 18.9 22.0  3.08  6.25  5.71 249 1015.8  -7.0   6.3 -10.8 99.0 99.00
2019 01 21 23 50 288 18.4 23.7  3.26  7.69  5.76 227 1017.5  -7.2   6.2 -11.2 99.0 99.00
2019 01 22 00 50 287 18.5 22.7  3.53  7.69  5.88 234 1018.6  -7.6   6.2 -11.6 99.0 99.00
2019 01 22 01 50 296 18.0 23.0  3.26  7.14  5.67 238 1020.5  -8.4   6.1 -11.9 99.0 99.00
2019 01 22 02 50 292 18.8 22.5  3.14  7.14  5.68 235 1021.9  -8.9   6.2 -12.5 99.0 99.00
2019 01 22 03 50 296 18.2 21.9  3.11  6.67  5.60 247 1023.5  -8.7   6.2 -12.1 99.0 99.00
2019 01 22 04 50 290 18.5 22.6  2.93  7.69  5.47 238 1024.1  -8.2   6.2 -11.7 99.0 99.00
2019 01 22 05 50 287 16.9 19.8  2.54  6.25  5.25 259 1025.5  -7.9   6.2 -11.5 99.0 99.00
2019 01 22 06 50 292 15.8 19.4  2.77  7.14  5.36 242 1026.3  -7.5   6.2 -10.9 99.0 99.00
2019 01 22 07 50 298 14.8 18.3  2.50  5.88  5.25 253 1027.3  -7.5   6.2 -11.4 99.0 99.00
2019 01 22 08 50 302 12.9 16.3  2.14  5.56  4.99 260 1028.5  -7.2   6.2 -11.4 99.0 99.00
2019 01 22 09 50 296 14.4 18.9  2.03  5.00  4.77 268 1029.6  -6.7   6.1 -10.9 99.0 99.00
2019 01 22 10 50 289 13.5 16.1  1.96  5.56  4.77 262 1031.5  -6.6   6.1 -10.8 99.0 99.00
2019 01 22 11 50 289 13.1 16.3  2.13  6.25  4.83 250 1033.2  -6.1   6.1 -10.3 99.0 99.00
2019 01 22 12 50 290 13.0 16.0  1.81  5.88  4.59 246 1033.8  -6.2   6.1 -11.0 99.0 99.00
2019 01 22 13 50 300 13.2 16.0  1.80  5.56  4.52 251 1035.1  -6.4   6.2 -11.8 99.0 99.00
2019 01 22 14 50 306 12.1 14.7  1.66  5.26  4.35 247 1035.2  -5.8   6.2 -11.2 99.0 99.00
2019 01 22 15 50 308 10.1 12.5  1.61  4.55  4.33 298 1036.1  -5.5   6.2 -11.5 99.0 99.00
2019 01 22 16 50 314 10.0 11.5  1.37  5.56  4.13 248 1035.4  -4.5   6.1 -10.8 99.0 99.00
2019 01 22 17 50 317  7.5  9.4  1.32  4.35  4.13 307 1035.7  -4.5   6.0 -11.7 99.0 99.00
2019 01 22 18 50 325  6.1  8.4  1.05  5.88  4.04 256 1035.9  -3.9   5.9 -11.0 99.0 99.00
2019 01 22 19 50 317  6.6  8.8  0.94  4.76  4.00 255 1036.2  -3.3   5.9 -11.0 99.0 99.00
2019 01 22 20 50 316  6.0  7.6  0.81  4.76  3.82 260 1036.5  -2.6   5.8 -10.0 99.0 99.00
2019 01 22 21 50 293  6.1  8.2  0.74  5.00  3.92 240 1036.4  -2.6   5.6 -10.7 99.0 99.00
2019 01 22 22 50 284  5.4  6.7  0.71  5.00  3.89 247 1036.3  -2.4   5.5 -10.0 99.0 99.00
2019 01 22 23 50 299  5.1  6.7  0.62  4.00  3.97 242 1037.1  -2.1   5.5 -10.5 99.0 99.00
2019 01 23 00 50 287  4.8  6.4  0.62  3.57  3.87 243 1037.2  -2.0   5.6 -10.3 99.0 99.00
2019 01 23 01 50 284  4.3  5.2  0.59  4.00  3.77 245 1036.5  -1.8   5.5  -9.9 99.0 99.00
2019 01 23 02 50 278  4.2  5.4  0.53 10.81  3.91 136 1036.7  -1.4   5.4 -10.1 99.0 99.00
2019 01 23 03 50 282  2.2  4.1  0.48 10.81  3.80  81 1036.3  -1.2   5.4  -9.8 99.0 99.00
2019 01 23 04 50 261  2.8  4.6  0.48 10.00  4.05 143 1036.0  -0.9   5.3  -9.3 99.0 99.00
2019 01 23 05 50 223  5.3  6.7  0.45 10.00  4.26 102 1034.9   0.0   5.3  -8.5 99.0 99.00
2019 01 23 06 50 210  5.9  7.2  0.42 10.81  4.33  50 1034.6   1.1   5.4  -6.6 99.0 99.00
2019 01 23 07 50 213  7.8  9.3  0.51 11.43  3.79 183 1033.2   2.0   5.5  -5.0 99.0 99.00
2019 01 23 08 50 216  9.7 11.7  0.70  3.45  3.62 233 1032.0   2.6   5.6  -3.6 99.0 99.00
2019 01 23 09 50 221 10.4 12.0  1.05  4.17  3.91 218 1031.3   3.2   5.6  -2.4 99.0 99.00
2019 01 23 10 50 217 11.2 14.5  1.29  4.76  4.14 223 1030.3   3.7   5.7  -1.7 99.0 99.00
2019 01 23 11 50 217 11.2 14.2  1.60  5.00  4.47 218 1029.4   4.4   5.7  -0.5 99.0 99.00
2019 01 23 12 50 218 11.0 13.4  1.94  5.56  4.90 219 1029.0   5.2   5.7   0.4 99.0 99.00
2019 01 23 13 50 220 11.0 13.0  2.00  5.88  4.90 223 1028.6   5.8   5.8   1.0 99.0 99.00
2019 01 23 14 50 223 10.8 12.9  2.11  6.25  5.14 220 1028.2   6.2   5.8   1.7 99.0 99.00
2019 01 23 15 50 220 10.3 12.5  2.02  6.67  5.02 216 1027.4   6.5   5.8   1.2 99.0 99.00
2019 01 23 16 50 210  9.6 11.0  1.96  6.25  5.08 220 1026.1   6.8   5.9   2.0 99.0 99.00
2019 01 23 17 50 211  9.2 11.1  2.03  7.14  5.16 223 1025.0   7.2   6.0   2.2 99.0 99.00
2019 01 23 18 50 210  8.3  9.9  1.93  6.67  5.16 216 1023.8   7.3   6.1   2.7 99.0 99.00
2019 01 23 19 50 208  7.0  8.2  1.66  7.14  5.10 216 1023.1   7.4   6.1   4.4 99.0 99.00
2019 01 23 20 50 203  6.9  8.0  1.58  6.67  5.05 213 1022.1   7.7   6.1   5.7 99.0 99.00
2019 01 23 21 50 195  7.8  9.2  1.48  6.67  4.94 221 1021.0   8.0   6.0   6.3 99.0 99.00
2019 01 23 22 50 196  7.5  8.6  1.38  6.67  4.84 221 1020.1   8.2   5.9   6.9 99.0 99.00
2019 01 23 23 50 193  8.0  9.1  1.28  6.67  4.58 216 1019.1   8.1   5.9   7.5 99.0 99.00
2019 01 24 00 50 195  8.6 10.6  1.35  6.25  4.37 205 1018.5   8.9   5.9   7.8 99.0 99.00
2019 01 24 01 50 194  9.0 10.5  1.33  6.25  4.46 197 1017.5   8.9   5.9   7.8 99.0 99.00
2019 01 24 02 50 191  8.6 10.0  1.37  5.88  4.45 209 1017.0   8.9   5.9   8.1 99.0 99.00
2019 01 24 03 50 195  9.9 11.9  1.53  6.25  4.58 198 1016.0   9.2   5.9   8.3 99.0 99.00
2019 01 24 04 50 197 10.3 12.4  1.70  6.25  4.71 198 1015.4   9.3   6.0   8.5 99.0 99.00
2019 01 24 05 50 200 10.1 11.5  1.79  6.25  4.93 209 1014.9   9.4   6.2   8.6 99.0 99.00
2019 01 24 06 50 197  8.8 10.5  1.85  6.67  5.12 205 1014.4   9.3   6.2   8.5 99.0 99.00
2019 01 24 07 50 190  9.6 11.2  1.82  6.67  5.09 206 1013.2   9.4   6.2   8.6 99.0 99.00
2019 01 24 08 50 189 10.8 13.7  1.81  7.69  5.23 209 1011.6   9.9   6.2   8.9 99.0 99.00
2019 01 24 09 50 189 11.8 14.0  1.98  7.69  5.13 204 1010.2  10.1   6.2   8.9 99.0 99.00
2019 01 24 10 50 187 12.9 15.2  2.46  7.14  5.50 203 1009.0  10.5   6.2   9.1 99.0 99.00
2019 01 24 11 50 184 14.1 17.2  3.17  8.33  6.20 191 1007.1  10.7   6.2   9.5 99.0 99.00
2019 01 24 12 50 179 13.0 15.6  3.40  8.33  6.47 196 1006.3  10.4   6.2   9.6 99.0 99.00
2019 01 24 13 50 180 11.8 13.9  3.36  9.09  6.46 196 1005.3  10.3   6.3   9.5 99.0 99.00
2019 01 24 14 50 181 13.7 16.4  3.11  8.33  6.12 196 1003.4  10.7   6.4   9.8 99.0 99.00
2019 01 24 15 50 182 13.6 16.3  3.29  8.33  6.31 191 1001.7  10.9   6.5  10.2 99.0 99.00
2019 01 24 16 50 181 13.9 16.8  3.53  9.09  6.68 192  999.7  10.9   6.6  10.3 99.0 99.00
2019 01 24 17 50 184 15.6 19.5  3.89  9.09  6.86 191  996.8  11.3   6.7  11.0 99.0 99.00
2019 01 24 18 50 177 16.0 22.9  3.84  9.09  6.78 191  993.4  11.2   6.7  11.1 99.0 99.00
2019 01 24 19 50 180 16.5 20.5  3.81  9.09  6.65 190  991.1  11.6   6.8  11.4 99.0 99.00
2019 01 24 20 50 201 13.7 16.1  4.24 10.00  7.25 178  991.1  11.7   6.8  11.2 99.0 99.00
2019 01 24 21 50 209 13.7 16.8  4.53  9.09  7.54 186  990.4  11.0   6.8  10.9 99.0 99.00
2019 01 24 22 50 262  8.6 10.6  4.14 10.00  7.20 167  992.2   9.3   6.8   8.5 99.0 99.00
2019 01 24 23 50 254  9.0 10.9  4.70 10.00  8.09 166  995.7   8.2   6.7   7.0 99.0 99.00
2019 01 25 00 50 266  9.1 11.4  4.26 10.81  7.58 163  998.0   7.7   6.6   5.8 99.0 99.00
2019 01 25 01 50 262 12.7 15.6  4.46 12.12  8.07 153 1000.3   6.3   6.6   4.9 99.0 99.00
2019 01 25 02 50 266 12.2 14.6  4.84 12.12  8.70 155 1002.0   5.7   6.6   2.3 99.0 99.00
2019 01 25 03 50 262 13.5 16.4  4.80 12.12  8.12 156 1003.9   4.3   6.6   0.5 99.0 99.00
2019 01 25 04 50 269 13.8 17.1  4.01 12.90  7.77 148 1005.5   3.6   6.6  -1.2 99.0 99.00
2019 01 25 05 50 273 12.1 14.5  4.24 13.79  8.16 152 1006.9   3.0   6.6  -1.8 99.0 99.00
2019 01 25 06 50 272 11.4 14.1  4.16 12.90  7.95 146 1008.2   2.5   6.6  -2.6 99.0 99.00
2019 01 25 07 50 276 11.1 14.6  3.70 12.90  7.77 143 1008.6   2.1   6.6  -3.3 99.0 99.00
2019 01 25 08 50 275 10.0 12.0  3.62 12.90  7.94 141 1009.4   2.0   6.4  -3.5 99.0 99.00
2019 01 25 09 50 283 10.2 12.9  3.76 12.90  8.36 152 1010.5   2.0   6.3  -3.4 99.0 99.00
2019 01 25 10 50 270  9.9 11.5  3.35 12.12  8.17 158 1011.5   1.9   6.2  -3.4 99.0 99.00
2019 01 25 11 50 282 10.5 12.8  3.59 12.90  8.47 152 1011.8   1.7   6.2  -3.8 99.0 99.00
2019 01 25 12 50 285 10.5 13.2  3.39 12.90  8.05 145 1012.8   1.8   6.3  -3.8 99.0 99.00
2019 01 25 13 50 276  8.4 10.4  3.03 12.90  7.72 145 1013.8   1.6   6.3  -4.6 99.0 99.00
2019 01 25 14 50 268  7.0  9.2  2.62 12.12  7.49 147 1014.1   1.9   6.3  -4.9 99.0 99.00
2019 01 25 15 50 254  7.0  8.7  2.62 10.81  7.49 147 1014.1   2.4   6.3  -4.6 99.0 99.00
2019 01 25 16 50 251  8.7 10.2  2.52 10.81  7.33 155 1013.6   2.6   6.3  -4.6 99.0 99.00
2019 01 25 17 50 250  9.2 12.0  2.59 11.43  7.24 145 1013.2   2.9   6.3  -2.8 99.0 99.00
2019 01 25 18 50 246 10.8 13.9  2.69 11.43  7.33 140 1013.2   3.1   6.3  -2.5 99.0 99.00
2019 01 25 19 50 248 11.4 13.2  2.80 11.43  7.09 139 1013.5   3.5   6.3  -3.7 99.0 99.00
2019 01 25 20 50 248 13.0 16.1  2.76 11.43  6.48 136 1014.2   3.7   6.2  -4.0 99.0 99.00
2019 01 25 21 50 253 14.6 17.7  3.05 11.43  6.59 142 1015.0   3.7   6.2  -5.1 99.0 99.00
2019 01 25 22 50 255 12.7 14.8  2.88 11.43  6.24 145 1016.6   3.2   6.3  -6.8 99.0 99.00
2019 01 25 23 50 261 11.9 14.9  2.90 11.43  6.38 154 1017.7   2.9   6.2  -8.4 99.0 99.00
2019 01 26 00 50 273 12.0 14.8  2.65 10.81  6.34 135 1018.3   2.6   6.2  -8.0 99.0 99.00
2019 01 26 01 50 275 10.9 13.4  2.49 11.43  6.33 143 1018.8   2.3   6.2  -8.3 99.0 99.00
2019 01 26 02 50 267  9.2 11.4  2.52 10.81  6.25 136 1019.8   2.1   6.1  -8.2 99.0 99.00
2019 01 26 03 50 261  9.0 11.4  2.31 11.43  6.08 150 1020.9   1.9   6.1  -9.5 99.0 99.00
2019 01 26 04 50 265  7.5  9.5  2.08 11.43  6.03 136 1021.3   1.7   6.1  -9.3 99.0 99.00
2019 01 26 05 50 266  7.7 10.0  1.91 10.81  6.10 138 1021.7   1.2   6.0 -10.2 99.0 99.00
2019 01 26 06 50 253  8.0 10.3  1.87 10.81  5.82 137 1022.3   0.8   6.0 -10.8 99.0 99.00
2019 01 26 07 50 252  7.8  9.9  1.76 10.81  5.79 133 1023.0   0.3   5.9 -11.0 99.0 99.00
2019 01 26 08 50 266  7.6 10.3  1.79 10.00  5.76 128 1023.6  -0.2   5.8 -10.7 99.0 99.00
2019 01 26 09 50 266  7.4  8.9  1.66 10.00  5.91 143 1023.7  -0.6   5.8 -10.7 99.0 99.00
2019 01 26 10 50 262  8.1 10.6  1.54 10.00  5.68 147 1024.0  -1.0   5.8 -10.4 99.0 99.00
2019 01 26 11 50 276  8.9 10.8  1.91 10.00  6.01 148 1024.6  -1.8   5.8 -11.5 99.0 99.00
2019 01 26 12 50 269  7.6  9.3  1.67 10.00  5.38 153 1025.0  -1.8   5.8 -11.8 99.0 99.00
2019 01 26 13 50 281  7.0  8.4  1.75  9.09  5.70 142 1025.1  -2.0   5.7 -12.8 99.0 99.00
2019 01 26 14 50 271  5.2  6.5  1.59 10.00  5.69 147 1025.4  -2.1   5.7 -12.6 99.0 99.00
2019 01 26 15 50 264  4.0  5.9  1.34  9.09  5.75 155 1025.9  -1.9   5.8 -12.7 99.0 99.00
2019 01 26 16 50 239  4.5  6.9  1.34  9.09  5.92 160 1025.6  -1.3   5.8 -11.2 99.0 99.00
2019 01 26 17 50 239  6.1  8.0  1.14 10.00  5.57 139 1025.0  -0.9   5.9 -11.1 99.0 99.00
2019 01 26 18 50 235  7.2  9.0  1.24 10.00  5.62 156 1024.5  -0.4   5.9  -9.4 99.0 99.00
2019 01 26 19 50 235  6.0  7.4  1.13 10.00  5.18 128 1024.6  -0.1   5.9  -9.0 99.0 99.00
2019 01 26 20 50 233  5.2  6.7  1.10 10.00  5.40 156 1024.6   0.1   5.9  -8.9 99.0 99.00
2019 01 26 21 50 236  5.1  6.7  1.04 10.00  5.47 173 1024.8   0.2   5.8  -8.4 99.0 99.00
2019 01 26 22 50 240  3.8  5.0  1.04  9.09  5.92 146 1024.8   0.4   5.6  -8.1 99.0 99.00
2019 01 26 23 50 251  3.6  4.8  1.00 10.00  6.33 147 1024.9   0.6   5.6  -8.2 99.0 99.00
2019 01 27 00 50 259  2.8  3.8  0.86 10.00  6.02 161 1025.1   0.9   5.5  -8.1 99.0 99.00
2019 01 27 01 50 278  2.2  3.7  0.95  9.09  6.54 151 1025.2   1.1   5.4  -8.3 99.0 99.00
2019 01 27 02 50 298  2.4  4.0  0.95  9.09  6.66 152 1025.3   1.2   5.3  -7.8 99.0 99.00
2019 01 27 03 50 294  0.9  1.7  0.79  9.09  6.57 137 1025.2   1.2   5.4  -8.1 99.0 99.00
2019 01 27 04 50  26  0.6  1.4  0.80  9.09  6.52 155 1025.0   1.2   5.3  -8.9 99.0 99.00
2019 01 27 05 50 106  3.1  4.2  0.83  9.09  6.92 158 1024.5   1.6   5.3  -8.0 99.0 99.00
2019 01 27 06 50 114  3.6  4.9  0.80  8.33  7.14 167 1024.0   1.9   5.3  -6.9 99.0 99.00
2019 01 27 07 50 114  4.1  5.0  0.83  9.09  7.64 156 1023.9   2.3   5.4  -4.9 99.0 99.00
2019 01 27 08 50 120  5.2  6.2  0.65  9.09  6.54 163 1022.9   2.5   5.4  -3.4 99.0 99.00
2019 01 27 09 50 128  7.3  8.4  0.86  8.33  5.60 174 1022.2   2.8   5.4  -1.0 99.0 99.00
2019 01 27 10 50 132  8.2  9.7  0.94  8.33  4.54 176 1021.8   2.7   5.5   0.9 99.0 99.00
2019 01 27 11 50 128 10.1 11.8  1.05  8.33  4.24 188 1021.3   3.4   5.5   0.0 99.0 99.00
2019 01 27 12 50 135 10.2 12.4  1.26  4.00  4.35 130 1021.2   4.1   5.6   0.9 99.0 99.00
2019 01 27 13 50 140 10.6 12.4  1.24  4.35  4.32 122 1020.8   4.5   5.7   1.6 99.0 99.00
2019 01 27 14 50 151  9.1 11.2  1.29  4.76  4.37 125 1020.5   5.3   5.8   2.6 99.0 99.00
2019 01 27 15 50 157  9.2 10.7  1.34  5.00  4.45 135 1019.2   6.1   5.9   3.0 99.0 99.00
2019 01 27 16 50 176  9.1 11.3  1.35  5.00  4.37 125 1018.1   6.8   6.0   2.5 99.0 99.00
2019 01 27 17 50 196  9.3 11.2  1.23  4.76  4.35 119 1017.6   7.2   6.0   0.9 99.0 99.00
2019 01 27 18 50 195  9.0 11.2  1.34  4.00  4.30 156 1016.5   7.1   6.0   2.0 99.0 99.00
2019 01 27 19 50 193  9.4 11.7  1.32  4.76  4.31 143 1015.1   7.2   6.0   1.7 99.0 99.00
2019 01 27 20 50 199  9.1 10.6  1.65  5.26  4.57 193 1015.1   7.4   5.9   2.8 99.0 99.00
2019 01 27 21 50 202  9.2 10.9  1.59  5.26  4.71 193 1015.0   7.5   5.9   3.0 99.0 99.00
2019 01 27 22 50 205  8.6 10.8  1.83  5.88  4.96 207 1015.3   7.5   5.9   3.6 99.0 99.00
2019 01 27 23 50 204  8.1  9.8  1.72  5.88  5.01 203 1015.2   7.5   5.8   4.1 99.0 99.00
2019 01 28 00 50 214  8.3  9.8  1.81  6.25  5.10 202 1015.2   7.4   5.8   4.2 99.0 99.00
2019 01 28 01 50 223  8.9 10.6  1.79  6.67  5.09 185 1015.3   7.4   5.8   3.7 99.0 99.00
2019 01 28 02 50 232  8.5 10.3  1.82  6.25  5.12 179 1014.9   7.1   5.7   2.8 99.0 99.00
2019 01 28 03 50 235  6.7  8.0  1.70  5.88  4.88 184 1014.7   6.5   5.7   3.3 99.0 99.00
2019 01 28 04 50 260  5.4  6.4  1.67  6.25  5.02 193 1014.8   5.9   5.6   2.9 99.0 99.00
2019 01 28 05 50 282  5.8  7.2  1.51  6.25  5.02 191 1015.1   5.5   5.6   1.8 99.0 99.00
2019 01 28 06 50 306  8.7 10.1  1.36  5.88  4.96 176 1015.0   4.5   5.5  -1.1 99.0 99.00
2019 01 28 07 50 298  8.8 10.8  1.39  6.25  4.59 191 1015.3   4.2   5.5  -3.8 99.0 99.00
2019 01 28 08 50 301  9.2 10.9  1.32  5.88  4.47 190 1015.7   3.6   5.5  -3.1 99.0 99.00
2019 01 28 09 50 316  9.5 11.1  1.18  5.88  4.41 189 1015.7   2.9   5.4  -4.6 99.0 99.00
2019 01 28 10 50 350  9.6 11.5  1.19  5.88  4.20 182 1016.3   0.7   5.4  -3.7 99.0 99.00
2019 01 28 11 50 351  9.3 11.4  1.23  4.00  4.12 332 1016.2  -0.2   5.4  -5.1 99.0 99.00
2019 01 28 12 50 341  9.6 11.3  1.23  4.17  4.13 357 1017.1  -0.7   5.3  -6.4 99.0 99.00
2019 01 28 13 50 335 10.6 13.1  1.11  4.17  4.06   4 1018.0  -1.0   5.3  -6.6 99.0 99.00
2019 01 28 14 50 331 10.0 12.4  1.16  3.85  3.95 354 1019.5  -1.6   5.3  -7.3 99.0 99.00
2019 01 28 15 50 347  9.9 11.9  1.19  4.00  4.00 356 1018.7  -1.7   5.3  -8.3 99.0 99.00
2019 01 28 16 50 357  8.0  9.6  1.09  4.35  4.05  10 1018.7  -1.5   5.4  -8.2 99.0 99.00
2019 01 28 17 50 358  7.6  9.1  1.03  4.55  4.02  28 1017.9  -1.4   5.4  -8.5 99.0 99.00
2019 01 28 18 50 345  8.6 10.6  0.96  4.35  3.97  29 1017.1  -1.4   5.5  -8.3 99.0 99.00
2019 01 28 19 50 357  7.3 10.0  0.93  4.00  4.04  33 1016.9  -1.1   5.5  -8.9 99.0 99.00
2019 01 28 20 50  29  5.7  7.2  0.88  9.09  4.21 137 1017.2  -0.5   5.4  -8.9 99.0 99.00
2019 01 28 21 50  30  5.4  6.5  0.83  8.33  4.26 143 1017.2   0.1   5.4  -9.3 99.0 99.00
2019 01 28 22 50  46  7.0  8.1  0.82  4.55  4.31  70 1016.8   0.4   5.4  -8.2 99.0 99.00
2019 01 28 23 50  32  6.9  8.6  0.98 10.00  4.24 125 1016.9   0.7   5.4  -7.2 99.0 99.00
2019 01 29 00 50  63  6.9  9.0  1.05  4.35  4.36  74 1017.1   0.7   5.3  -6.6 99.0 99.00
2019 01 29 01 50  60  7.2  8.7  1.11  9.09  4.53 127 1017.4   0.2   5.4  -6.3 99.0 99.00
2019 01 29 02 50  64  6.6  8.6  1.30  5.26  4.70  86 1017.2   0.6   5.5  -3.7 99.0 99.00
2019 01 29 03 50  55  6.5  8.1  1.41  5.56  5.00  79 1017.2   0.9   5.7  -2.9 99.0 99.00
2019 01 29 04 50  56  6.5  8.2  1.39  5.88  4.96  82 1016.4   1.4   5.7  -2.1 99.0 99.00
2019 01 29 05 50  36  6.6  7.9  1.39  7.14  5.15  95 1016.8   1.6   5.7  -1.6 99.0 99.00
2019 01 29 06 50  56  6.7  8.2  1.31 10.00  4.92 139 1017.1   1.5   5.7  -1.9 99.0 99.00
2019 01 29 07 50  67  7.3  8.8  1.39  6.67  4.89  99 1017.1   1.5   5.7  -2.1 99.0 99.00
2019 01 29 08 50  85  6.9  9.3  1.34  5.88  4.84  96 1016.6   1.7   5.7  -2.0 99.0 99.00
2019 01 29 09 50  91  7.7  9.3  1.39  6.25  4.84 106 1016.3   1.8   5.7  -2.3 99.0 99.00
2019 01 29 10 50  91  6.0  7.8  1.46  5.88  4.83  96 1017.3   2.1   5.7  -2.2 99.0 99.00
2019 01 29 11 50 106  8.3  9.8  1.31  6.25  4.71 107 1016.6   2.4   5.7  -1.6 99.0 99.00
2019 01 29 12 50 118  8.1  9.8  1.41  5.56  4.68 105 1017.4   2.7   5.7  -1.9 99.0 99.00
2019 01 29 13 50 115  7.7  9.1  1.38  4.55  4.67  94 1017.3   2.8   5.7  -1.8 99.0 99.00
2019 01 29 14 50 120  7.7  8.9  1.37 10.00  4.59 128 1017.3   3.0   5.7  -0.9 99.0 99.00
2019 01 29 15 50 142  6.4  8.0  1.34  7.69  4.78 127 1017.1   3.8   5.8  -0.7 99.0 99.00
2019 01 29 16 50 134  7.7  9.1  1.38  5.00  4.83  96 1016.2   3.6   5.9  -0.3 99.0 99.00
2019 01 29 17 50 131  8.4  9.8  1.41 10.00  4.99 141 1015.1   3.8   5.9   0.3 99.0 99.00
2019 01 29 18 50 127  9.8 11.9  1.46 10.00  5.12 141 1014.0   3.8   5.9   1.1 99.0 99.00
2019 01 29 19 50 126  9.7 11.3  1.66  7.69  5.02 117 1013.4   4.2   6.0   1.7 99.0 99.00
2019 01 29 20 50 128 11.0 13.2  1.69 10.00  5.05 142 1012.3   4.8   6.0   2.4 99.0 99.00
2019 01 29 21 50 132 11.3 13.1  1.88 11.43  5.32 177 1011.7   5.0   6.0   2.8 99.0 99.00
2019 01 29 22 50 134 11.4 13.4  2.05 11.43  5.47 169 1011.0   5.6   6.0   3.8 99.0 99.00
2019 01 29 23 50 139 10.7 13.3  2.18 11.43  5.52 174 1010.6   6.1   6.1   4.6 99.0 99.00
2019 01 30 00 50 142 10.6 13.0  2.28 10.00  5.69 151 1009.9   6.6   6.2   5.3 99.0 99.00
2019 01 30 01 50 159  7.9 10.3  2.03 10.00  5.52 145 1010.2   7.3   6.3   6.2 99.0 99.00
2019 01 30 02 50 175  9.2 11.4  1.96 10.81  5.51 156 1009.2   8.0   6.4   5.3 99.0 99.00
2019 01 30 03 50 168 11.3 13.8  2.07 10.81  5.46 153 1007.4   8.3   6.4   5.0 99.0 99.00
2019 01 30 04 50 262  7.7 10.0  2.04 10.81  5.84 112 1008.5   4.6   6.4   3.7 99.0 99.00
2019 01 30 05 50 268  6.8  8.5  1.85 10.00  5.72 114 1008.4   4.4   6.4   3.7 99.0 99.00
2019 01 30 06 50 265  7.0  8.8  1.94 10.00  5.93 112 1008.2   3.8   6.4   2.6 99.0 99.00
2019 01 30 07 50 266  9.6 11.9  1.74 10.00  5.78 101 1008.2   3.4   6.4   1.8 99.0 99.00
2019 01 30 08 50 273  9.2 11.6  1.85 10.00  5.48 101 1008.3   2.8   6.4   0.4 99.0 99.00
2019 01 30 09 50 279 11.0 13.3  1.82 10.81  5.29 117 1008.9   2.1   6.4  -1.9 99.0 99.00
2019 01 30 10 50 275 10.2 12.7  1.87 10.00  5.36 121 1009.4   1.2   6.3  -2.6 99.0 99.00
2019 01 30 11 50 270 10.9 13.2  1.97 10.00  5.51 101 1009.9  -0.8   6.2  -4.9 99.0 99.00
2019 01 30 12 50 272 10.4 13.1  1.91 10.00  5.48 113 1010.7  -1.4   6.2  -4.8 99.0 99.00
2019 01 30 13 50 266 11.0 14.0  2.10 10.00  5.60  96 1011.8  -1.6   6.2  -5.3 99.0 99.00
2019 01 30 14 50 265 12.1 14.8  2.03  6.67  5.42 232 1012.6  -2.1   6.1  -6.0 99.0 99.00
2019 01 30 15 50 270  9.3 11.4  1.93  6.25  5.31 232 1012.8  -2.1   6.2  -8.1 99.0 99.00
2019 01 30 16 50 263  8.9 11.5  1.86  5.88  5.34 240 1011.9  -1.4   6.2 -10.1 99.0 99.00
2019 01 30 17 50 244  9.5 11.7  1.81 10.00  5.35 130 1010.8  -1.1   6.0  -9.9 99.0 99.00
2019 01 30 18 50 244 10.1 12.5  1.72 10.00  5.16 126 1010.4  -1.0   6.1  -8.6 99.0 99.00
2019 01 30 19 50 229 10.2 12.7  1.61 10.00  5.09 142 1010.0  -0.1   6.1  -7.0 99.0 99.00
2019 01 30 20 50 221 12.5 15.6  1.80  5.56  4.84 247 1009.9   1.2   6.1  -5.3 99.0 99.00
2019 01 30 21 50 231 15.3 18.8  2.29  5.88  5.09 237 1009.1   2.4   6.2  -5.9 99.0 99.00
2019 01 30 22 50 245 17.8 22.9  3.05  6.67  5.67 227 1009.5   1.0   6.3  -2.3 99.0 99.00
2019 01 30 23 50 263 16.8 20.7  3.30  7.14  5.91 223 1012.8  -2.7   6.3  -5.7 99.0 99.00
2019 01 31 00 50 268 17.2 21.4  3.86  7.69  6.38 221 1014.6  -4.4   6.3 -10.7 99.0 99.00
2019 01 31 01 50 269 16.0 19.9  3.69  8.33  6.46 220 1016.9  -7.7   6.3 -13.7 99.0 99.00
2019 01 31 02 50 279 16.3 21.0  3.24  8.33  6.16 217 1018.6  -9.1   6.2 -14.7 99.0 99.00
2019 01 31 03 50 284 15.2 19.3  3.71  8.33  6.51 212 1020.0  -9.6   6.2 -14.6 99.0 99.00
2019 01 31 04 50 280 13.9 18.9  3.34  8.33  6.27 217 1021.4 -10.4   6.2 -15.0 99.0 99.00
2019 01 31 05 50 276 12.0 15.9  2.92  7.14  5.94 230 1022.3 -11.1   6.2 -15.7 99.0 99.00
2019 01 31 06 50 286 10.8 15.1  2.51  7.69  5.66 217 1022.9 -11.1   6.1 -15.2 99.0 99.00
2019 01 31 07 50 279 10.7 13.5  2.02  7.14  5.20 220 1023.6 -11.0   6.1 -15.1 99.0 99.00
2019 01 31 08 50 284 10.7 13.7  2.01  7.69  5.05 209 1024.0 -11.4   6.0 -15.5 99.0 99.00
2019 01 31 09 50 264 10.4 13.3  1.82  6.25  4.82 220 1024.7 -11.2   6.0 -15.6 99.0 99.00
2019 01 31 10 50 262 11.0 15.6  1.61  6.25  4.68 229 1025.4 -11.3   5.9 -15.3 99.0 99.00
2019 01 31 11 50 263 10.5 13.8  1.69  5.00  4.75 254 1026.5 -12.0   5.9 -15.4 99.0 99.00
2019 01 31 12 50 269 10.7 14.1  1.66  5.88  4.67 229 1027.7 -12.1   5.9 -15.4 99.0 99.00
2019 01 31 13 50 269 10.7 15.2  1.60  5.88  4.51 235 1028.3 -12.0   5.9 -15.4 99.0 99.00
2019 01 31 14 50 276  9.9 12.7  1.52  6.25  4.51 232 1028.8 -11.7   5.9 -15.0 99.0 99.00
2019 01 31 15 50 268  8.9 12.0  1.43  6.67  4.42 221 1029.2 -11.6   5.9 -15.5 99.0 99.00
2019 01 31 16 50 267  8.2 11.5  1.44  6.67  4.51 223 1028.5 -11.2   5.9 -15.8 99.0 99.00
2019 01 31 17 50 267  7.4 10.2  1.28  6.25  4.43 224 1027.7 -10.5   5.9 -15.2 99.0 99.00
2019 01 31 18 50 263  7.5 11.2  1.21  6.25  4.38 232 1027.2  -9.8   5.9 -15.9 99.0 99.00
2019 01 31 19 50 248  7.3 10.2  1.17  5.88  4.54 238 1026.7  -9.5   5.7 -17.0 99.0 99.00
2019 01 31 20 50 251  8.4 11.8  1.20  5.88  4.39 236 1026.9  -8.7   5.6 -15.3 99.0 99.00
2019 01 31 21 50 258  9.2 11.7  1.24  5.56  4.25 239 1026.9  -8.0   5.6 -13.5 99.0 99.00
2019 01 31 22 50 260 10.1 13.7  1.35  5.56  4.33 229 1027.2  -7.0   5.6 -12.7 99.0 99.00
