#YY  MM DD hh mm WDIR WSPD GST  WVHT   DPD   APD MWD   PRES  ATMP  WTMP  DEWP  VIS  TIDE
#yr  mo dy hr mn degT m/s  m/s     m   sec   sec deg    hPa  degC  degC  degC  nmi    ft
2019 02 28 23 50  63  4.4  5.8  0.84  9.09  4.71 176 1024.6  -0.3   4.5  -6.3 99.0 99.00
2019 03 01 00 50  45  3.9  5.2  0.83  9.09  4.91 171 1025.3  -0.5   4.4  -7.5 99.0 99.00
2019 03 01 01 50  54  3.6  5.1  0.80  9.09  5.22 188 1025.4  -0.4   4.3  -7.6 99.0 99.00
2019 03 01 02 50  58  3.9  5.5  0.83  8.33  5.63 174 1025.6  -0.3   4.3  -7.7 99.0 99.00
2019 03 01 03 50  52  4.2  5.9  0.80  9.09  5.38 178 1025.6   0.0   4.3  -7.1 99.0 99.00
2019 03 01 05 50  50  3.2  5.0  0.74  8.33  5.11 172 1026.5   0.0   4.3  -8.6 99.0 99.00
2019 03 01 06 50  99  4.4  5.3  0.71  8.33  4.78 183 1025.9   0.0   4.3  -9.3 99.0 99.00
2019 03 01 07 50 104  4.1  6.8  0.71  8.33  5.02 180 1025.7   0.0   4.4  -8.0 99.0 99.00
2019 03 01 08 50  92  3.4  4.9  0.62  8.33  4.76 175 1026.3   0.1   4.4  -7.9 99.0 99.00
2019 03 01 09 50 102  3.9  5.8  0.62  8.33  4.82 203 1026.8   0.2   4.4  -7.5 99.0 99.00
2019 03 01 10 50 105  3.9  5.0  0.63  8.33  4.99 147 1027.4   0.3   4.4  -7.2 99.0 99.00
2019 03 01 11 50 114  4.2  5.7  0.56  7.69  4.63 166 1027.5   0.4   4.4  -7.4 99.0 99.00
2019 03 01 12 50 125  3.9  5.4  0.59  8.33  4.65 154 1028.4   0.4   4.4  -7.5 99.0 99.00
2019 03 01 13 50  61  6.8  8.6  0.56  7.69  4.52 168 1028.1  -0.2   4.4  -4.3 99.0 99.00
2019 03 01 14 50  88  6.7  8.0  0.67  8.33  3.76 180 1028.0   0.0   4.5  -3.3 99.0 99.00
2019 03 01 15 50  80  6.8  8.1  0.72  7.69  3.67 209 1027.9   0.1   4.5  -2.6 99.0 99.00
2019 03 01 16 50  88  7.0  8.5  0.78  7.69  3.75 178 1027.9   0.6   4.5  -2.1 99.0 99.00
2019 03 01 17 50  93  7.0  8.1  0.77  7.69  3.91 197 1027.3   0.8   4.5  -2.0 99.0 99.00
2019 03 01 18 50  94  6.4  7.5  0.81  7.69  3.89 167 1026.9   1.0   4.5  -1.9 99.0 99.00
2019 03 01 19 50  82  7.0  8.4  0.80  8.33  4.05 174 1026.5   1.1   4.4  -1.8 99.0 99.00
2019 03 01 20 50  89  6.9  7.9  0.87  8.33  4.03 172 1026.3   1.5   4.4  -1.4 99.0 99.00
2019 03 01 21 50  89  7.3  8.6  0.96  9.09  4.11 169 1025.5   1.8   4.4  -1.3 99.0 99.00
2019 03 01 22 50  86  7.6  9.1  1.01  9.09  4.31 169 1025.3   2.0   4.4  -1.6 99.0 99.00
2019 03 01 23 50  87  7.6  9.1  1.03  8.33  4.42 188 1025.2   2.4   4.4  -1.6 99.0 99.00
2019 03 02 00 50  82  7.8  8.9  1.19  9.09  4.71 202 1024.5   2.7   4.4  -1.6 99.0 99.00
2019 03 02 01 50  81  7.6  8.8  1.28  9.09  4.92 186 1024.3   3.0   4.4  -1.2 99.0 99.00
2019 03 02 02 50  85  7.7  9.0  1.30 10.00  4.88 183 1023.6   3.2   4.5  -0.2 99.0 99.00
2019 03 02 03 50  89  9.1 10.4  1.38 10.00  4.77 185 1022.3   3.3   4.4   0.4 99.0 99.00
2019 03 02 04 50  88  8.8 10.2  1.41  9.09  4.88 195 1020.8   3.3   4.4   1.0 99.0 99.00
2019 03 02 05 50  73  9.8 12.1  1.41  8.33  4.71 188 1019.9   3.3   4.4   1.6 99.0 99.00
2019 03 02 06 50  71 10.7 12.5  1.59  9.09  4.82 181 1018.6   3.2   4.4   1.8 99.0 99.00
2019 03 02 07 50  60 10.7 12.7  1.73  9.09  4.93 180 1017.1   3.1   4.4   2.0 99.0 99.00
2019 03 02 08 50  49 11.2 12.9  1.75  6.25  4.81 128 1015.9   3.0   4.4   2.2 99.0 99.00
2019 03 02 09 50  37 12.1 14.5  1.82  5.88  4.89 129 1014.8   2.7   4.4   2.0 99.0 99.00
2019 03 02 10 50  24 12.0 14.1  2.17  5.26  5.20  63 1014.4   2.5   4.4   1.8 99.0 99.00
2019 03 02 11 50  16 12.4 15.2  2.32  5.88  5.34  87 1014.3   2.2   4.4   1.4 99.0 99.00
2019 03 02 12 50   8 12.3 14.7  2.39  6.67  5.44 100 1014.5   1.9   4.4   1.1 99.0 99.00
2019 03 02 13 50   1 11.8 13.5  2.28  6.25  5.27  57 1014.9   1.5   4.4   0.7 99.0 99.00
2019 03 02 14 50   8 11.7 14.8  2.31  6.25  5.33  65 1013.9   1.5   4.5   0.7 99.0 99.00
2019 03 02 15 50   5 10.8 13.6  2.45  6.25  5.45  57 1013.9   1.7   4.5   0.4 99.0 99.00
2019 03 02 16 50 359 10.2 12.4  2.46  6.67  5.66  72 1014.2   1.9   4.5   0.0 99.0 99.00
2019 03 02 17 50 348  8.4 10.2  2.11  7.14  5.50  70 1014.3   2.3   4.5   0.0 99.0 99.00
2019 03 02 18 50 335  7.8 10.1  2.36  6.67  5.89  75 1014.4   2.3   4.5   0.1 99.0 99.00
2019 03 02 19 50 337  8.2  9.8  2.10  7.14  5.84  75 1015.0   2.3   4.5  -0.6 99.0 99.00
2019 03 02 20 50 319  6.5  8.0  2.08  7.69  5.85  80 1015.7   2.7   4.5  -0.5 99.0 99.00
2019 03 02 21 50 333  4.8  6.1  2.01  7.69  5.95  74 1015.6   3.1   4.5  -0.5 99.0 99.00
2019 03 02 22 50 308  3.6  5.1  1.94  7.69  6.12  87 1016.2   2.9   4.4  -0.5 99.0 99.00
2019 03 02 23 50 281  4.7  5.9  1.82  7.14  6.06  70 1017.3   2.8   4.3  -0.6 99.0 99.00
2019 03 03 00 50 309  4.4  5.6  1.85  9.09  6.58 140 1017.5   2.7   4.3  -0.9 99.0 99.00
2019 03 03 01 50 295  2.4  3.4  1.83 10.00  6.66 131 1018.0   2.8   4.3  -1.1 99.0 99.00
2019 03 03 02 50 267  1.6  2.8  1.61 11.43  6.76 118 1018.0   2.9   4.2  -1.0 99.0 99.00
2019 03 03 03 50 237  4.3  5.8  1.66 10.81  7.23 111 1018.3   3.3   4.2  -0.2 99.0 99.00
2019 03 03 04 50 246  5.3  6.6  1.53 10.00  6.97 107 1017.7   3.9   4.2   1.7 99.0 99.00
2019 03 03 05 50 248  6.0  7.3  1.50 10.00  6.96  94 1017.7   4.0   4.3   2.2 99.0 99.00
2019 03 03 06 50 260  5.4  6.7  1.48 10.81  6.55 106 1017.8   3.9   4.4   1.6 99.0 99.00
2019 03 03 07 50 278  5.9  7.4  1.51 10.81  6.64 110 1017.4   3.7   4.5   1.2 99.0 99.00
2019 03 03 08 50 289  7.3  8.8  1.45 10.00  6.49  94 1017.7   3.7   4.5   1.2 99.0 99.00
2019 03 03 09 50 300  6.2  7.3  1.37 10.00  5.85 102 1018.5   3.4   4.4   1.1 99.0 99.00
2019 03 03 10 50 318  4.6  5.6  1.32 10.00  5.94  97 1019.3   3.3   4.4   0.5 99.0 99.00
2019 03 03 11 50 325  6.6  7.9  1.26 10.00  5.93 108 1019.8   3.2   4.4  -1.3 99.0 99.00
2019 03 03 12 50 344  6.6  8.0  1.28 10.00  5.55  87 1020.7   2.9   4.4  -2.6 99.0 99.00
2019 03 03 13 50 344  6.5  7.5  1.30 10.00  5.70  98 1021.4   2.7   4.5  -3.4 99.0 99.00
2019 03 03 14 50 349  4.2  5.7  1.20 10.81  5.72 100 1021.2   2.6   4.5  -4.1 99.0 99.00
2019 03 03 15 50  10  3.3  4.7  1.14 10.81  5.96 105 1021.4   2.5   4.6  -5.0 99.0 99.00
2019 03 03 16 50  19  2.2  2.9  1.13  9.09  6.04 124 1020.9   2.7   4.8  -4.8 99.0 99.00
2019 03 03 17 50  27  1.2  2.1  1.17 10.81  6.27 123 1020.1   2.9   5.1  -5.0 99.0 99.00
2019 03 03 18 50 104  0.6  1.0  1.03 10.00  6.20 100 1019.4   3.3   5.4  -5.0 99.0 99.00
2019 03 03 19 50 154  2.0  2.6  1.12 10.00  7.00 119 1018.8   2.9   5.5  -4.3 99.0 99.00
2019 03 03 20 50 143  3.5  4.0  0.93  9.09  6.70 116 1017.9   2.9   5.1  -4.3 99.0 99.00
2019 03 03 21 50 153  4.0  4.9  0.95  9.09  6.98  66 1018.2   3.2   4.9  -2.8 99.0 99.00
2019 03 03 22 50 121  4.0  4.7  0.99 10.00  7.04 116 1017.6   3.3   4.7  -3.0 99.0 99.00
2019 03 03 23 50 106  5.6  7.7  0.98  9.09  6.95 107 1016.2   3.2   4.6  -2.2 99.0 99.00
2019 03 04 00 50  92  6.9  7.9  0.92 10.00  6.41 104 1015.0   2.6   4.5  -0.5 99.0 99.00
2019 03 04 01 50  79  6.7  7.9  0.91  9.09  4.90 112 1014.7   1.9   4.6   0.5 99.0 99.00
2019 03 04 02 50  57  7.8  8.9  0.88 10.00  4.69 110 1013.9   2.0   4.6   1.1 99.0 99.00
2019 03 04 03 50  44  9.6 11.1  0.90 10.81  4.23  90 1011.8   2.0   4.6   1.3 99.0 99.00
2019 03 04 04 50  41 11.3 13.8  1.11 10.00  4.14 129 1008.7   2.2   4.6   1.5 99.0 99.00
2019 03 04 05 50  28 12.1 14.2  1.40  4.35  4.25  67 1006.3   2.3   4.5   1.7 99.0 99.00
2019 03 04 06 50  10 13.9 17.0  1.52  4.35  4.30  52 1004.2   2.2   4.4   1.7 99.0 99.00
2019 03 04 07 50  16 16.2 19.1  1.89  4.76  4.48  54 1000.6   2.0   4.4   1.6 99.0 99.00
2019 03 04 08 50 356 13.2 16.9  2.19  5.00  4.85  47 1000.7   2.4   4.5   1.8 99.0 99.00
2019 03 04 09 50 359 14.4 17.0  2.34  6.25  5.09  50  999.8   2.4   4.4   1.6 99.0 99.00
2019 03 04 10 50   8 11.6 13.5  2.24  6.25  5.20  44  999.2   2.6   4.4   1.7 99.0 99.00
2019 03 04 11 50 329 11.4 13.2  2.05  7.14  5.23  66 1000.4   2.4   4.5   1.5 99.0 99.00
2019 03 04 12 50 324 11.3 12.8  1.92  6.67  5.01  47 1002.3   1.9   4.7   1.1 99.0 99.00
2019 03 04 13 50 326 11.7 14.0  2.07  6.67  5.16  50 1003.1   2.0   4.8   1.0 99.0 99.00
2019 03 04 14 50 313  9.9 12.2  1.81  7.14  4.99  79 1004.6   2.1   4.8   0.1 99.0 99.00
2019 03 04 15 50 309  8.7 10.2  1.68  6.67  4.82  65 1005.2   2.4   4.8  -0.3 99.0 99.00
2019 03 04 16 50 297  9.3 11.3  1.66  6.25  4.76  50 1005.9   2.8   4.8  -0.4 99.0 99.00
2019 03 04 17 50 286 10.3 12.2  1.59  6.67  4.66  79 1006.5   3.0   4.8  -0.6 99.0 99.00
2019 03 04 18 50 277  9.8 12.2  1.51  4.35  4.47 285 1006.4   2.8   4.8  -1.5 99.0 99.00
2019 03 04 19 50 279  9.0 10.9  1.26  4.55  4.34 273 1007.1   3.0   4.8  -2.6 99.0 99.00
2019 03 04 20 50 284  9.2 12.1  1.39 10.00  4.75 135 1008.1   3.2   4.8  -3.4 99.0 99.00
2019 03 04 21 50 284  7.9  9.6  1.52  9.09  5.49 138 1008.6   3.4   4.7  -4.3 99.0 99.00
2019 03 04 22 50 268  5.4  6.9  1.49  9.09  5.56 143 1009.6   3.1   4.6  -3.8 99.0 99.00
2019 03 04 23 50 277  9.4 11.1  1.48 10.81  5.54 130 1010.4   3.4   4.5  -4.0 99.0 99.00
2019 03 05 00 50 270 10.8 13.6  1.69 10.00  5.57 128 1011.2   3.1   4.5  -5.0 99.0 99.00
2019 03 05 01 50 283 11.1 13.3  1.77 10.00  5.31 132 1012.1   2.6   4.5  -4.7 99.0 99.00
2019 03 05 02 50 293 11.3 13.8  1.76 10.00  5.22 132 1013.2   1.8   4.6  -5.5 99.0 99.00
2019 03 05 03 50 303  8.2 10.1  1.71 10.81  5.22 129 1014.1   1.2   4.5  -6.6 99.0 99.00
2019 03 05 04 50 325  7.9  9.5  1.56  9.09  5.31 128 1014.9  -0.1   4.5  -6.3 99.0 99.00
2019 03 05 05 50 319  7.8  9.7  1.59 10.00  5.30 148 1015.8  -1.0   4.5  -7.8 99.0 99.00
2019 03 05 06 50 324  8.4 10.6  1.57 10.00  5.39 159 1016.4  -2.1   4.5  -9.1 99.0 99.00
2019 03 05 07 50 317  8.5 10.8  1.51 10.00  5.36 147 1016.8  -2.6   4.5  -8.9 99.0 99.00
2019 03 05 08 50 304  8.8 10.9  1.45 10.00  4.78 149 1017.2  -3.2   4.5  -9.6 99.0 99.00
2019 03 05 09 50 305  9.4 11.4  1.52  9.09  4.86 142 1017.6  -3.4   4.6 -10.3 99.0 99.00
2019 03 05 10 50 308  7.5  9.8  1.40  9.09  4.94 137 1018.5  -3.7   4.6 -10.5 99.0 99.00
2019 03 05 11 50 310  7.9 10.4  1.43  9.09  4.89 140 1018.9  -4.1   4.6 -11.8 99.0 99.00
2019 03 05 12 50 307  5.7  7.4  1.29 10.81  4.89 153 1019.6  -4.1   4.6 -11.8 99.0 99.00
2019 03 05 13 50 292  5.0  7.1  1.28 10.00  5.28 136 1019.7  -4.0   4.5 -12.4 99.0 99.00
2019 03 05 15 50 248  3.6  5.5  1.10 10.81  5.47 144 1018.9  -3.9   4.5 -12.5 99.0 99.00
2019 03 05 16 50 246  4.5  7.1  1.18 10.00  6.21 129 1018.1  -3.7   4.6 -12.1 99.0 99.00
2019 03 05 17 50 245  5.4  6.9  0.97  9.09  5.85 139 1017.0  -3.3   4.7 -11.3 99.0 99.00
2019 03 05 18 50 240  5.8  8.1  0.93  8.33  5.80 147 1016.3  -2.8   4.7 -10.0 99.0 99.00
2019 03 05 19 50 231  6.8  8.6  0.87  9.09  5.05 119 1015.6  -2.1   4.6  -7.9 99.0 99.00
2019 03 05 20 50 220  7.4  9.7  1.10 10.00  5.20 167 1014.7  -1.8   4.6  -7.9 99.0 99.00
2019 03 05 21 50 234  7.2  9.5  1.09 10.00  5.08 136 1014.0  -1.2   4.5  -7.5 99.0 99.00
2019 03 05 22 50 238  7.2  9.3  1.02 10.00  4.80 153 1013.7  -1.4   4.5  -8.6 99.0 99.00
2019 03 05 23 50 243  8.4 10.3  1.14 10.00  5.15 153 1014.0  -0.9   4.4  -7.9 99.0 99.00
2019 03 06 00 50 245  8.8 10.8  1.18 10.81  4.90 167 1014.0  -0.5   4.4  -7.0 99.0 99.00
2019 03 06 01 50 250  7.7 10.2  1.17  9.09  4.67 138 1013.6   0.0   4.4  -6.2 99.0 99.00
2019 03 06 02 50 275  9.6 11.7  1.20  4.17  4.28 249 1013.7  -0.2   4.4  -8.2 99.0 99.00
2019 03 06 03 50 282 11.3 13.9  1.35  4.35  4.48 255 1013.5  -0.5   4.5  -8.9 99.0 99.00
2019 03 06 04 50 284 10.6 12.9  1.42 10.00  4.56 127 1013.3  -0.8   4.5  -8.8 99.0 99.00
2019 03 06 05 50 288 10.2 12.3  1.41  4.76  4.56 251 1013.5  -1.2   4.5  -9.1 99.0 99.00
2019 03 06 06 50 306 11.7 14.0  1.40  5.56  4.43 226 1013.7  -1.8   4.5  -9.3 99.0 99.00
2019 03 06 07 50 325 10.3 14.1  1.35  5.56  4.31 240 1014.4  -3.1   4.5  -8.8 99.0 99.00
2019 03 06 08 50 302 11.5 14.0  1.57  4.35  4.26 314 1015.3  -4.2   4.5 -10.4 99.0 99.00
2019 03 06 09 50 302 10.5 13.1  1.59  4.55  4.34 306 1016.1  -4.2   4.6 -10.5 99.0 99.00
2019 03 06 10 50 306  9.0 11.2  1.42  4.55  4.18 317 1017.1  -4.8   4.6 -11.2 99.0 99.00
2019 03 06 11 50 301  9.1 11.9  1.36  5.00  4.30 261 1017.6  -5.1   4.5 -12.8 99.0 99.00
2019 03 06 12 50 294  9.7 12.6  1.20  4.17  4.13 291 1018.3  -5.0   4.5 -13.5 99.0 99.00
2019 03 06 13 50 294 11.3 13.8  1.20  5.26  4.16 251 1018.7  -5.0   4.5 -12.8 99.0 99.00
2019 03 06 14 50 289 10.3 12.9  1.26  4.76  4.03 250 1019.2  -5.6   4.4 -13.6 99.0 99.00
2019 03 06 15 50 292  7.8 10.4  1.20  5.00  4.08 241 1019.5  -5.7   4.4 -12.8 99.0 99.00
2019 03 06 16 50 292  7.6  9.6  1.10  5.00  4.04 244 1019.5  -5.6   4.4 -14.3 99.0 99.00
2019 03 06 17 50 288  8.7 10.9  1.08  5.56  4.13 244 1018.9  -4.8   4.4 -14.5 99.0 99.00
2019 03 06 18 50 289  8.3 10.6  1.02  5.26  4.06 235 1018.5  -4.6   4.4 -13.4 99.0 99.00
2019 03 06 19 50 281  9.8 12.7  1.06  5.26  4.04 243 1018.6  -4.0   4.4 -13.7 99.0 99.00
2019 03 06 20 50 281  9.0 12.6  1.10  5.26  4.08 238 1018.9  -3.8   4.4 -14.1 99.0 99.00
2019 03 06 21 50 276  8.8 11.5  1.16  5.00  3.98 240 1019.3  -3.5   4.4 -13.8 99.0 99.00
2019 03 06 22 50 269 11.4 14.0  1.21  5.26  4.15 249 1019.7  -3.3   4.3 -13.9 99.0 99.00
2019 03 06 23 50 280 11.4 14.3  1.43  5.26  4.29 245 1020.6  -3.2   4.3 -13.8 99.0 99.00
2019 03 07 00 50 285 11.1 14.1  1.46  5.26  4.39 241 1021.5  -3.3   4.3 -13.1 99.0 99.00
2019 03 07 01 50 281 11.7 14.9  1.39  5.88  4.29 235 1021.9  -3.5   4.3 -13.9 99.0 99.00
2019 03 07 02 50 297 11.1 13.6  1.48  5.56  4.36 240 1022.9  -3.5   4.3 -13.7 99.0 99.00
2019 03 07 03 50 279 10.8 12.7  1.39  4.76  4.24 240 1023.5  -3.7   4.3 -13.2 99.0 99.00
2019 03 07 04 50 278 11.4 13.6  1.43  5.26  4.15 247 1023.8  -4.2   4.3 -14.3 99.0 99.00
2019 03 07 05 50 278 11.7 14.1  1.37  5.56  4.28 240 1024.3  -4.5   4.3 -14.4 99.0 99.00
2019 03 07 06 50 282 11.1 14.4  1.29  5.88  4.23 236 1024.1  -4.9   4.2 -14.8 99.0 99.00
2019 03 07 07 50 283  8.9 11.2  1.31  5.00  4.23 251 1023.8  -5.4   4.3 -14.4 99.0 99.00
2019 03 07 08 50 281  8.2 10.6  1.16  5.26  4.19 237 1024.1  -5.8   4.1 -15.0 99.0 99.00
2019 03 07 09 50 278  7.4 10.1  1.10  5.26  4.18 233 1024.6  -6.2   3.9 -14.9 99.0 99.00
2019 03 07 10 50 280  8.4 11.1  1.14  5.88  4.25 231 1024.9  -6.3   3.8 -14.2 99.0 99.00
2019 03 07 11 50 280  8.2 11.2  1.20  5.88  4.33 219 1025.3  -6.5   3.7 -14.3 99.0 99.00
2019 03 07 12 50 288  8.3 10.3  1.10  5.88  4.19 229 1025.9  -5.9   3.8 -13.0 99.0 99.00
2019 03 07 13 50 286 10.1 12.4  1.10  5.56  4.08 226 1026.2  -5.6   3.9 -13.2 99.0 99.00
2019 03 07 14 50 286  8.5 10.6  1.20  5.26  4.13 233 1026.1  -5.1   3.9 -12.8 99.0 99.00
2019 03 07 15 50 264  8.6 11.9  1.14  5.56  4.13 224 1026.1  -4.3   3.9 -11.5 99.0 99.00
2019 03 07 16 50 255  7.7 10.1  1.00  4.55  4.00 238 1025.4  -3.8   3.9 -11.0 99.0 99.00
2019 03 07 17 50 253  9.2 12.2  1.09  5.26  4.00 233 1024.6  -3.2   3.9 -11.1 99.0 99.00
2019 03 07 18 50 258 10.5 13.9  1.24  5.26  4.20 233 1023.9  -2.2   4.0  -9.3 99.0 99.00
2019 03 07 19 50 254  9.9 13.4  1.30  5.00  4.19 239 1023.8  -1.8   4.0  -8.0 99.0 99.00
2019 03 07 20 50 252  9.2 12.6  1.44  5.56  4.51 231 1023.9  -1.3   3.9  -9.0 99.0 99.00
2019 03 07 21 50 267  9.0 11.6  1.53  5.88  4.55 239 1024.2  -0.7   3.9  -9.4 99.0 99.00
2019 03 07 22 50 279  9.2 11.3  1.49  6.25  4.59 235 1024.7  -0.6   3.9 -10.3 99.0 99.00
2019 03 07 23 50 276 10.0 12.2  1.46  5.88  4.43 237 1025.5  -0.5   3.8  -9.6 99.0 99.00
2019 03 08 00 50 277  9.4 12.7  1.26  5.88  4.28 231 1026.3  -0.4   3.8  -9.5 99.0 99.00
2019 03 08 01 50 277 10.4 12.8  1.32  5.88  4.19 221 1027.0  -0.4   3.8 -10.2 99.0 99.00
2019 03 08 02 50 281  9.5 12.3  1.11  5.26  4.11 229 1027.8  -0.6   3.7 -10.6 99.0 99.00
2019 03 08 03 50 283  8.9 10.8  1.19  5.56  4.12 227 1028.3  -0.8   3.7 -10.1 99.0 99.00
2019 03 08 04 50 298  7.5  9.5  1.13  5.56  4.15 223 1029.0  -1.2   3.7 -10.5 99.0 99.00
2019 03 08 05 50 317  5.6  7.0  0.91  5.00  3.96 240 1029.5  -1.7   3.6  -9.9 99.0 99.00
2019 03 08 06 50 316  4.3  5.5  0.77  4.76  3.96 235 1030.0  -2.1   3.6 -10.8 99.0 99.00
2019 03 08 07 50 308  4.0  5.3  0.68  5.26  3.90 231 1029.8  -2.1   3.5 -11.1 99.0 99.00
2019 03 08 08 50 304  3.1  4.4  0.69  5.00  3.95 232 1029.8  -2.2   3.4 -12.0 99.0 99.00
2019 03 08 09 50 303  2.6  3.9  0.56  4.76  3.86 226 1030.1  -2.2   3.3 -11.7 99.0 99.00
2019 03 08 10 50 280  2.7  3.8  0.52  5.56  3.98 202 1030.3  -2.0   3.2 -11.4 99.0 99.00
2019 03 08 11 50 273  3.1  4.3  0.53  5.56  4.01 214 1030.5  -1.6   3.2 -11.5 99.0 99.00
2019 03 08 12 50 279  3.1  4.0  0.50  5.26  4.06 209 1030.8  -1.4   3.2 -11.3 99.0 99.00
2019 03 08 13 50 260  3.1  4.1  0.46  5.00  4.01 211 1031.1  -1.2   3.3 -11.6 99.0 99.00
2019 03 08 14 50 254  2.2  3.2  0.43  4.55  4.02 203 1030.8  -1.3   3.4 -11.4 99.0 99.00
2019 03 08 15 50 250  2.6  3.7  0.40  4.76  4.11 218 1030.4  -1.1   3.6 -10.3 99.0 99.00
2019 03 08 16 50 236  1.8  3.0  0.38 10.81  4.28  73 1030.0  -0.8   3.9 -10.0 99.0 99.00
2019 03 08 17 50 230  1.9  2.6  0.34 10.81  4.50 130 1029.1  -0.3   4.1  -9.1 99.0 99.00
2019 03 08 18 50 210  3.3  4.4  0.32 10.00  4.94  88 1028.4  -0.1   4.2  -8.3 99.0 99.00
2019 03 08 19 50 206  3.3  4.2  0.30 10.00  4.83 181 1027.5   0.7   4.2  -6.5 99.0 99.00
2019 03 08 20 50 205  6.6  7.8  0.30 10.00  5.02 201 1026.2   2.0   4.1  -4.2 99.0 99.00
2019 03 08 21 50 228  7.6  9.5  0.44  2.74  3.14 206 1025.7   2.3   3.9  -4.5 99.0 99.00
2019 03 08 22 50 227  8.4  9.8  0.60  3.03  3.27 215 1025.3   2.5   3.9  -5.6 99.0 99.00
2019 03 08 23 50 229  6.6  7.9  0.70  3.70  3.49 223 1025.5   2.8   3.8  -4.8 99.0 99.00
2019 03 09 00 50 239  5.6  6.8  0.70  3.70  3.52 225 1024.9   3.0   3.8  -4.7 99.0 99.00
2019 03 09 01 50 233  4.8  5.4  0.66  3.70  3.71 221 1024.7   3.1   3.8  -4.0 99.0 99.00
2019 03 09 02 50 231  5.4  6.4  0.57  3.85  3.59 222 1024.3   3.3   3.7  -3.6 99.0 99.00
2019 03 09 03 50 232  5.1  6.0  0.51  3.45  3.63 212 1024.1   3.5   3.7  -2.9 99.0 99.00
2019 03 09 04 50 232  5.8  6.6  0.50  3.57  3.54 215 1023.9   3.5   3.8  -2.5 99.0 99.00
2019 03 09 05 50 226  5.8  6.9  0.52  3.85  3.50 226 1024.0   3.0   3.8  -0.1 99.0 99.00
2019 03 09 06 50 238  4.1  4.7  0.52  3.57  3.44 221 1023.8   2.7   3.8   0.2 99.0 99.00
2019 03 09 07 50 264  3.7  4.5  0.48  3.70  3.70 214 1023.5   2.7   3.7   0.0 99.0 99.00
2019 03 09 08 50 273  3.3  4.0  0.47  3.85  3.87 227 1023.5   2.8   3.7  -0.3 99.0 99.00
2019 03 09 09 50 280  4.2  4.9  0.51  4.17  4.12 243 1024.0   2.8   3.7  -0.8 99.0 99.00
2019 03 09 10 50 290  5.1  5.9  0.55  5.00  4.13 237 1024.5   2.6   3.7  -0.8 99.0 99.00
2019 03 09 11 50 315  4.3  5.1  0.50  4.35  3.87 233 1025.1   2.4   3.6  -2.9 99.0 99.00
2019 03 09 12 50 315  4.8  5.4  0.44  4.35  3.77 223 1025.7   2.6   3.7  -2.6 99.0 99.00
2019 03 09 13 50 323  4.2  4.9  0.42 10.00  3.85 134 1026.4   2.3   3.7  -3.1 99.0 99.00
2019 03 09 14 50 324  4.1  4.8  0.38 10.00  4.01  96 1026.5   2.3   3.8  -2.2 99.0 99.00
2019 03 09 15 50 310  4.0  4.9  0.39 10.00  3.71 142 1026.7   2.7   4.0  -3.3 99.0 99.00
2019 03 09 16 50 297  3.0  3.8  0.35 10.00  3.64 113 1026.7   3.0   4.0  -3.9 99.0 99.00
2019 03 09 17 50 282  2.3  3.1  0.34 10.00  3.91 106 1026.4   3.3   4.3  -3.6 99.0 99.00
2019 03 09 18 50 294  0.3  0.9  0.33 10.00  4.82 181 1025.9   3.8   4.5  -4.3 99.0 99.00
2019 03 09 19 50 239  1.0  1.4  0.30  9.09  4.92 159 1026.5   4.4   4.9  -4.3 99.0 99.00
2019 03 09 20 50 213  1.5  2.1  0.30  9.09  5.19 127 1026.7   4.5   4.9  -3.4 99.0 99.00
2019 03 09 21 50 214  2.9  3.5  0.28 10.00  5.19 240 1027.5   4.5   4.7  -2.9 99.0 99.00
2019 03 09 22 50 224  2.3  2.7  0.29  9.09  5.84 192 1027.9   4.1   4.6  -2.6 99.0 99.00
2019 03 09 23 50 174  2.6  3.0  0.26 10.00  5.68  15 1028.3   3.8   4.4  -2.8 99.0 99.00
2019 03 10 00 50 139  2.5  3.0  0.28  9.09  6.10 308 1028.4   3.8   4.2  -2.0 99.0 99.00
2019 03 10 01 50 121  4.6  5.4  0.32  9.09  6.61 114 1028.6   3.6   4.1  -2.3 99.0 99.00
2019 03 10 02 50 119  6.2  7.3  0.32 10.00  5.03 129 1029.7   3.7   4.0  -1.5 99.0 99.00
2019 03 10 03 50 125  7.2  8.5  0.46 10.00  3.29 162 1030.1   3.6   3.9  -0.9 99.0 99.00
2019 03 10 04 50 128  8.1  9.4  0.70  3.33  3.43 129 1029.9   3.4   3.9  -1.1 99.0 99.00
2019 03 10 05 50 117  9.2 11.0  0.90  4.00  3.69 122 1028.8   3.6   3.9  -4.4 99.0 99.00
2019 03 10 06 50 107 10.4 12.3  1.12  4.00  3.89 127 1028.0   3.2   3.8  -1.3 99.0 99.00
2019 03 10 07 50 108 11.3 13.5  1.30  4.55  4.03 110 1027.3   3.4   3.8  -0.5 99.0 99.00
2019 03 10 08 50 113 11.7 13.8  1.70  4.76  4.39 111 1027.8   3.5   3.9   0.3 99.0 99.00
2019 03 10 09 50 114 11.6 13.9  1.81  5.26  4.55 107 1027.6   3.5   3.8  -0.2 99.0 99.00
2019 03 10 10 50 115 11.9 15.2  2.24  5.88  4.91 115 1027.0   3.4   3.8   0.1 99.0 99.00
2019 03 10 11 50 115 12.7 15.4  2.26  5.88  5.04 121 1025.4   3.1   3.7   1.0 99.0 99.00
2019 03 10 12 50 115 13.3 17.2  2.44  6.25  5.15 124 1024.6   3.0   3.8   1.5 99.0 99.00
2019 03 10 13 50 114 14.2 16.8  2.69  6.25  5.44 126 1022.5   3.1   3.8   2.3 99.0 99.00
2019 03 10 14 50 120 13.6 16.5  2.78  6.25  5.55 123 1020.4   4.0   3.8   3.4 99.0 99.00
2019 03 10 15 50 129 14.7 17.8  2.90  7.14  5.75 118 1017.6   5.0   3.9   4.5 99.0 99.00
2019 03 10 16 50 139 12.6 15.2  3.10  7.69  5.98 138 1015.6   6.2   3.9   6.0 99.0 99.00
2019 03 10 17 50 141 13.2 18.1  3.27  7.69  6.12 135 1013.1   7.1   4.0   7.0 99.0 99.00
2019 03 10 18 50 174  9.3 12.2  3.41  8.33  6.37 143 1013.2   8.7   4.0   8.6 99.0 99.00
2019 03 10 19 50 188  7.6  9.2  3.32  8.33  6.62 141 1012.5   7.7   4.1   7.7 99.0 99.00
2019 03 10 20 50 202  7.8  9.1  3.07  9.09  6.52 144 1011.9   7.3   4.1   7.3 99.0 99.00
2019 03 10 21 50 213  6.8  8.3  3.36  9.09  6.94 146 1012.0   6.6   4.1   6.6 99.0 99.00
2019 03 10 22 50 218  6.3  7.3  3.05  8.33  6.68 139 1012.4   6.2   4.1   6.2 99.0 99.00
2019 03 10 23 50 225  5.8  7.0  2.82  9.09  6.70 148 1013.0   5.9   4.1   5.9 99.0 99.00
2019 03 11 00 50 227  4.9  5.9  2.77  9.09  6.87 129 1013.2   5.4   4.0   5.4 99.0 99.00
2019 03 11 01 50 235  4.5  5.5  2.60  9.09  6.72 136 1013.4   5.3   4.0   5.3 99.0 99.00
2019 03 11 02 50 258  5.2  6.7  2.29  9.09  6.48 129 1013.9   5.2   4.0   5.2 99.0 99.00
2019 03 11 03 50 256  4.1  5.8  2.22  9.09  6.59 123 1014.2   4.8   4.0   4.8 99.0 99.00
2019 03 11 04 50 267  3.0  3.9  2.05  9.09  6.49 123 1013.9   4.1   4.0   4.1 99.0 99.00
2019 03 11 05 50 252  4.0  5.1  2.15  8.33  6.75 142 1013.6   4.4   4.0   4.4 99.0 99.00
2019 03 11 06 50 234  5.3  6.6  2.15  7.69  6.76 147 1013.7   4.9   4.0   4.7 99.0 99.00
2019 03 11 07 50 241  4.3  6.5  2.43  9.09  7.09 154 1013.8   5.5   4.0   4.5 99.0 99.00
2019 03 11 08 50 255  3.3  6.5  2.28  9.09  6.80 164 1014.6   5.3   4.0   4.2 99.0 99.00
2019 03 11 09 50 267  5.2  6.4  2.46  9.09  7.48 159 1014.9   5.7   4.0   3.3 99.0 99.00
2019 03 11 10 50 274  6.6  8.1  1.97 10.00  6.57 153 1015.7   5.7   4.0   2.6 99.0 99.00
2019 03 11 11 50 269  5.2  6.5  2.16  9.09  6.83 155 1016.2   5.4   4.0   2.4 99.0 99.00
2019 03 11 12 50 253  6.8  8.0  2.17  8.33  6.73 145 1017.0   5.7   4.0   2.6 99.0 99.00
2019 03 11 13 50 237  7.9  9.7  2.15  9.09  6.61 165 1017.5   5.3   4.0   2.8 99.0 99.00
2019 03 11 14 50 238  7.5  8.8  2.18  9.09  6.44 141 1017.3   5.1   4.1   2.9 99.0 99.00
2019 03 11 15 50 238  8.0  9.6  2.14  9.09  6.38 137 1016.9   5.3   4.2   2.3 99.0 99.00
2019 03 11 16 50 237  8.4  9.9  2.05  9.09  6.03 146 1016.5   5.2   4.2   2.2 99.0 99.00
2019 03 11 17 50 240  9.9 12.4  1.88  8.33  5.46 151 1015.8   5.3   4.2   1.8 99.0 99.00
2019 03 11 18 50 236  9.4 11.1  2.11  9.09  5.76 146 1015.3   5.6   4.2   1.7 99.0 99.00
2019 03 11 19 50 245  9.4 11.1  1.92  8.33  5.49 152 1015.0   6.0   4.2   1.4 99.0 99.00
2019 03 11 20 50 243  9.2 10.9  1.90  9.09  5.77 148 1014.9   6.5   4.2   1.0 99.0 99.00
2019 03 11 21 50 239  8.2  9.6  1.65  9.09  5.26 143 1015.1   6.2   4.2   1.8 99.0 99.00
2019 03 11 22 50 242  7.7  8.9  1.69  8.33  5.66 159 1014.9   6.1   4.2   1.4 99.0 99.00
2019 03 11 23 50 239  7.7  8.9  1.50  8.33  5.18 137 1015.6   6.3   4.2   1.3 99.0 99.00
2019 03 12 00 50 236  7.4  8.4  1.43  9.09  5.30 148 1015.8   6.0   4.2   1.8 99.0 99.00
2019 03 12 01 50 235  7.1  8.2  1.36  9.09  5.31 131 1015.5   5.9   4.2   1.9 99.0 99.00
2019 03 12 02 50 231  6.2  7.0  1.35  8.33  5.58 148 1015.4   5.9   4.2   2.1 99.0 99.00
2019 03 12 03 50 297  7.2  8.9  1.28  8.33  5.29 148 1015.6   6.1   4.2   1.7 99.0 99.00
2019 03 12 04 50 335  8.2 10.6  1.08  9.09  4.99 131 1015.9   4.8   4.1  -1.1 99.0 99.00
2019 03 12 05 50 320  9.2 10.5  1.09  8.33  4.55 120 1016.5   4.2   4.1  -3.6 99.0 99.00
2019 03 12 06 50 298  9.8 11.8  1.11  9.09  4.28 117 1017.3   3.9   4.1  -4.2 99.0 99.00
2019 03 12 07 50 293 10.6 13.8  1.18  9.09  4.25 107 1017.3   3.5   4.1  -4.8 99.0 99.00
2019 03 12 08 50 294 10.3 13.1  1.25  9.09  4.26 112 1017.5   3.1   4.1  -5.4 99.0 99.00
2019 03 12 09 50 302 10.8 13.7  1.24  4.35  4.21 291 1018.1   2.8   4.1  -5.4 99.0 99.00
2019 03 12 10 50 299 11.4 13.6  1.22  4.17  4.20 283 1018.7   2.4   4.1  -5.0 99.0 99.00
2019 03 12 11 50 303  9.7 11.9  1.27  4.00  4.20 287 1019.5   2.3   4.1  -4.9 99.0 99.00
2019 03 12 12 50 301 10.1 12.0  1.16  3.85  4.03 304 1020.0   2.4   4.1  -4.5 99.0 99.00
2019 03 12 13 50 295 10.5 12.5  1.18  4.00  4.07 294 1020.6   2.5   4.1  -4.5 99.0 99.00
2019 03 12 14 50 297 11.5 14.4  1.12  3.70  4.00 302 1020.8   2.5   4.1  -4.5 99.0 99.00
2019 03 12 15 50 299  9.9 11.8  1.22  4.00  4.01 286 1021.1   2.6   4.2  -4.4 99.0 99.00
2019 03 12 16 50 287  8.2  9.9  1.24  4.17  4.10 279 1021.1   2.7   4.2  -4.0 99.0 99.00
2019 03 12 17 50 289  8.1  9.3  1.18  4.17  4.05 284 1020.9   3.0   4.2  -4.4 99.0 99.00
2019 03 12 18 50 283  8.3 10.0  1.09  4.00  3.87 275 1020.6   3.5   4.3  -3.9 99.0 99.00
2019 03 12 19 50 288  7.9  9.5  0.98  5.26  3.89 231 1020.4   4.1   4.3  -3.9 99.0 99.00
2019 03 12 20 50 294  8.8 10.5  0.94  4.00  3.81 248 1020.8   4.6   4.3  -3.4 99.0 99.00
2019 03 12 21 50 312  8.7 10.6  0.98  4.35  3.81 248 1021.4   4.5   4.3  -3.5 99.0 99.00
2019 03 12 22 50 312  8.9 10.5  1.06  3.70  3.79 299 1022.1   4.3   4.3  -3.6 99.0 99.00
2019 03 12 23 50 315  8.2  9.8  0.94  4.17  3.79 270 1023.1   4.1   4.2  -3.6 99.0 99.00
2019 03 13 00 50 311  7.7  9.1  0.93  3.85  3.76 297 1023.9   4.0   4.2  -3.7 99.0 99.00
2019 03 13 01 50 314  6.4  7.5  0.74  3.57  3.77 286 1024.4   3.7   4.2  -4.3 99.0 99.00
2019 03 13 02 50 317  7.7  9.3  0.84  3.33  3.68 306 1024.7   3.4   4.1  -4.0 99.0 99.00
2019 03 13 03 50 319  8.0  9.4  0.85  3.57  3.66 303 1025.0   3.1   4.1  -4.2 99.0 99.00
2019 03 13 04 50 312  8.0  9.3  0.91  3.70  3.71 327 1025.5   2.6   4.1  -4.5 99.0 99.00
2019 03 13 05 50 317  7.8  9.1  0.88  3.70  3.57 304 1026.1   2.1   4.1  -4.9 99.0 99.00
2019 03 13 06 50 315  7.4  9.0  0.91  3.85  3.64 317 1026.7   1.8   4.0  -4.8 99.0 99.00
2019 03 13 07 50 321  7.1  8.5  0.89  3.85  3.72 327 1026.6   1.5   4.0  -4.9 99.0 99.00
2019 03 13 08 50 355  7.1  8.1  0.79  3.57  3.62 318 1026.4   1.7   4.0  -4.4 99.0 99.00
2019 03 13 09 50  23  5.1  5.9  0.79  3.57  3.54 357 1026.4   1.7   4.0  -4.4 99.0 99.00
2019 03 13 10 50 350  3.8  4.9  0.67  4.35  3.62 250 1027.6   1.8   4.0  -3.9 99.0 99.00
2019 03 13 11 50 338  2.5  3.5  0.56 10.00  3.74 141 1028.2   1.7   4.0  -4.6 99.0 99.00
2019 03 13 12 50 336  2.9  3.8  0.49 10.00  3.78  93 1028.7   1.5   4.0  -4.1 99.0 99.00
2019 03 13 13 50 329  2.6  3.3  0.45 10.00  3.89 101 1029.5   1.6   4.1  -3.7 99.0 99.00
2019 03 13 14 50 352  1.8  2.5  0.43  9.09  4.26  85 1029.2   1.7   4.3  -3.5 99.0 99.00
2019 03 13 15 50 351  0.8  1.2  0.43 10.00  4.41  90 1029.4   2.2   4.6  -2.9 99.0 99.00
2019 03 13 16 50  26  0.8  1.5  0.42 10.00  4.38 149 1028.7   2.4   5.0  -2.6 99.0 99.00
2019 03 13 17 50 155  0.3  0.9  0.42 10.00  5.10 119 1028.4   3.0   5.5  -3.0 99.0 99.00
2019 03 13 18 50 199  1.9  2.6  0.39 10.00  5.00 170 1027.8   3.0   5.9  -2.3 99.0 99.00
2019 03 13 19 50 182  2.7  3.5  0.36  9.09  5.17 143 1027.2   3.1   5.6  -1.9 99.0 99.00
2019 03 13 20 50 193  4.0  4.9  0.38 10.00  5.54 171 1027.2   3.1   5.3  -1.5 99.0 99.00
2019 03 13 21 50 199  4.8  6.0  0.42 10.00  5.40  87 1026.7   3.3   4.8  -1.5 99.0 99.00
2019 03 13 22 50 216  4.2  5.2  0.44 10.00  4.38 166 1027.4   3.6   4.6  -1.0 99.0 99.00
2019 03 13 23 50 219  4.2  5.0  0.46  9.09  4.20  89 1027.8   3.8   4.4  -0.8 99.0 99.00
2019 03 14 00 50 211  4.3  4.9  0.45 10.81  4.04 203 1027.4   3.8   4.4  -0.8 99.0 99.00
2019 03 14 01 50 229  5.2  6.0  0.45  9.09  3.89  82 1027.9   4.0   4.4  -0.3 99.0 99.00
2019 03 14 02 50 213  4.3  5.2  0.45 10.00  4.10 198 1027.5   4.2   4.5   0.3 99.0 99.00
2019 03 14 03 50 201  5.1  6.1  0.48 10.00  3.91 166 1026.3   4.2   4.5   0.9 99.0 99.00
2019 03 14 04 50 215  3.4  4.2  0.50 10.00  3.78  63 1026.8   4.5   4.5   1.7 99.0 99.00
2019 03 14 05 50 214  2.7  3.4  0.48  9.09  4.03  95 1026.6   4.6   4.5   2.2 99.0 99.00
2019 03 14 06 50 210  2.3  2.7  0.50  9.09  4.22 102 1026.5   4.7   4.5   2.5 99.0 99.00
2019 03 14 07 50 175  2.0  2.5  0.51 10.81  4.38 110 1025.6   4.6   4.5   2.8 99.0 99.00
2019 03 14 08 50 170  2.4  2.8  0.49  9.09  4.48 126 1025.9   4.7   4.4   3.0 99.0 99.00
2019 03 14 09 50 167  2.7  3.6  0.48 10.81  4.51 159 1026.1   4.8   4.4   3.3 99.0 99.00
2019 03 14 10 50 170  2.9  3.4  0.48 10.00  4.67  55 1026.2   4.8   4.5   3.2 99.0 99.00
2019 03 14 11 50 168  3.1  3.6  0.50 10.00  4.70  82 1026.2   5.0   4.6   3.5 99.0 99.00
2019 03 14 12 50 158  4.6  5.4  0.50 10.00  4.62 160 1025.9   5.1   4.4   3.5 99.0 99.00
2019 03 14 13 50 156  4.7  5.4  0.50  9.09  4.80 133 1025.8   5.1   4.4   3.6 99.0 99.00
2019 03 14 14 50 162  4.5  5.1  0.52 10.00  4.07 109 1025.6   5.4   4.5   4.2 99.0 99.00
2019 03 14 15 50 165  4.8  5.4  0.58  9.09  3.90 139 1025.1   5.6   4.5   4.4 99.0 99.00
2019 03 14 16 50 155  4.4  5.3  0.60 10.81  3.97 111 1024.5   5.7   4.7   4.6 99.0 99.00
2019 03 14 17 50 151  3.9  4.5  0.57  9.09  4.05 108 1024.2   6.0   4.8   5.1 99.0 99.00
2019 03 14 19 50 158  4.4  5.0  0.55 10.00  3.97 117 1022.9   6.8   5.0   4.4 99.0 99.00
2019 03 14 20 50 163  4.7  5.4  0.55 10.00  4.07  88 1022.7   7.2   4.9   5.2 99.0 99.00
2019 03 14 21 50 169  6.0  7.2  0.54 10.00  3.94 113 1022.2   7.1   4.8   5.9 99.0 99.00
2019 03 14 22 50 172  7.1  8.1  0.62 10.81  3.83 109 1021.6   7.3   4.8   6.0 99.0 99.00
2019 03 14 23 50 177  7.2  8.3  0.70  3.57  3.66 199 1021.3   7.4   4.6   6.2 99.0 99.00
2019 03 15 00 50 179  7.2  8.3  0.77 10.00  3.77 111 1021.1   7.5   4.6   6.3 99.0 99.00
2019 03 15 02 50 179  6.9  7.7  0.84  3.70  3.89 183 1020.2   7.3   4.6   6.4 99.0 99.00
2019 03 15 03 50 177  7.3  8.3  0.93  4.00  3.98 181 1019.7   7.2   4.6   5.5 99.0 99.00
2019 03 15 04 50 178  7.2  8.1  0.92  4.35  4.01 174 1019.1   7.5   4.6   5.5 99.0 99.00
2019 03 15 05 50 177  8.4 10.2  0.99  4.55  4.06 180 1017.9   7.8   4.6   6.4 99.0 99.00
2019 03 15 06 50 178  9.2 11.1  1.12  4.76  4.10 182 1016.7   8.2   4.5   7.1 99.0 99.00
2019 03 15 07 50 185 10.4 12.3  1.35  4.55  4.28 182 1015.1   8.3   4.5   7.6 99.0 99.00
2019 03 15 08 50 193 10.0 11.5  1.40  5.00  4.33 176 1014.5   8.2   4.5   7.8 99.0 99.00
2019 03 15 09 50 195  9.9 11.4  1.36  5.26  4.48 177 1014.6   8.2   4.6   7.8 99.0 99.00
2019 03 15 10 50 192 10.3 11.9  1.51  5.26  4.53 173 1014.1   8.5   4.6   7.8 99.0 99.00
2019 03 15 11 50 196 10.0 11.5  1.65  5.56  4.68 178 1014.0   8.9   4.6   8.0 99.0 99.00
2019 03 15 21 50 208  9.9 11.4  2.65  7.69  6.02 210 1007.5   9.2   4.7   8.3 99.0 99.00
2019 03 15 22 50 208 10.1 11.6  2.46  7.14  5.69 202 1007.2   8.8   4.6   8.1 99.0 99.00
2019 03 15 23 50 203 10.7 12.9  2.49  7.69  5.75 202 1006.2   8.5   4.6   8.0 99.0 99.00
2019 03 16 00 50 202 10.4 12.1  2.64  7.14  5.95 202 1005.3   8.7   4.6   8.2 99.0 99.00
2019 03 16 01 50 205 12.3 15.2  2.74  7.69  5.83 209 1004.8   9.3   4.6   8.7 99.0 99.00
2019 03 16 02 50 209 11.6 14.5  2.76  8.33  6.00 192 1004.8   8.9   4.6   8.4 99.0 99.00
2019 03 16 03 50 230  7.0  8.6  2.65  7.69  5.92 190 1005.9   7.6   4.6   7.3 99.0 99.00
2019 03 16 04 50 229  8.3  9.6  2.60  7.69  5.81 195 1005.3   7.2   4.6   6.9 99.0 99.00
2019 03 16 05 50 231  7.0  8.4  2.50  7.69  5.97 186 1005.4   6.8   4.6   6.6 99.0 99.00
2019 03 16 06 50 249  6.1  7.3  2.39  7.69  5.92 182 1006.7   6.8   4.7   6.5 99.0 99.00
2019 03 16 07 50 282  4.4  5.4  2.29  8.33  6.05 174 1007.4   6.9   4.7   6.3 99.0 99.00
2019 03 16 08 50 273  4.2  4.8  2.32  7.69  6.29 172 1008.4   6.5   4.8   4.8 99.0 99.00
2019 03 16 09 50 247  4.4  5.5  2.13  8.33  6.15 157 1009.6   6.1   4.8   4.8 99.0 99.00
2019 03 16 10 50 268  6.2  8.5  2.19  8.33  6.51 167 1010.4   7.1   4.7   4.2 99.0 99.00
2019 03 16 11 50 283  7.9  9.6  1.81  8.33  5.98 151 1011.4   6.9   4.7   2.4 99.0 99.00
2019 03 16 12 50 271  7.6  9.2  2.09  8.33  6.27 164 1012.0   6.5   4.7   2.2 99.0 99.00
2019 03 16 13 50 280  9.8 11.5  1.76  8.33  5.32 167 1012.5   6.9   4.7  -0.1 99.0 99.00
2019 03 16 14 50 267  8.6 10.7  1.86  8.33  5.56 170 1012.9   6.6   4.7   0.7 99.0 99.00
2019 03 16 15 50 261  9.6 10.9  1.91  7.69  5.61 181 1013.2   6.5   4.8   0.5 99.0 99.00
2019 03 16 16 50 268  8.0  9.8  1.94  8.33  5.79 174 1013.6   6.4   4.8   0.6 99.0 99.00
2019 03 16 17 50 267  8.7 10.2  1.79  8.33  5.63 170 1013.2   6.8   4.9  -1.2 99.0 99.00
2019 03 16 18 50 262  5.4  6.7  1.81  8.33  5.71 177 1013.2   6.3   4.9   0.9 99.0 99.00
2019 03 16 19 50 264  5.2  6.1  1.73  8.33  5.44 176 1013.5   6.5   5.0   0.4 99.0 99.00
2019 03 16 20 50 288  8.7 10.6  1.67  9.09  5.41 151 1013.7   6.9   5.0  -1.1 99.0 99.00
2019 03 16 21 50 292  8.9 11.2  1.64  8.33  5.04 157 1014.6   6.6   5.0  -1.6 99.0 99.00
2019 03 16 22 50 286  6.1  7.4  1.50  8.33  5.00 159 1015.5   6.3   4.9  -2.1 99.0 99.00
2019 03 16 23 50 291  5.9  6.7  1.42  8.33  5.29 155 1016.2   6.0   4.9  -0.8 99.0 99.00
2019 03 17 00 50 290  7.9 10.1  1.24  8.33  4.99 169 1017.3   5.8   4.8  -1.6 99.0 99.00
2019 03 17 01 50 295 10.9 13.5  1.34  7.69  4.59 167 1017.9   5.2   4.8  -2.8 99.0 99.00
2019 03 17 02 50 295 10.9 13.6  1.41  8.33  4.56 157 1018.4   4.7   4.8  -5.3 99.0 99.00
2019 03 17 03 50 293 10.1 12.4  1.43  4.35  4.44 283 1018.7   4.3   4.7  -5.0 99.0 99.00
2019 03 17 04 50 284 11.0 13.3  1.31  5.00  4.47 251 1019.0   4.1   4.6  -5.0 99.0 99.00
2019 03 17 05 50 292 12.0 14.7  1.27  4.76  4.16 257 1019.2   3.4   4.6  -5.9 99.0 99.00
2019 03 17 06 50 284 10.3 12.9  1.26  4.17  4.23 274 1019.3   2.9   4.6  -5.4 99.0 99.00
2019 03 17 07 50 281 11.2 13.4  1.30  4.55  4.27 256 1018.9   2.6   4.6  -6.4 99.0 99.00
2019 03 17 08 50 286  9.9 12.6  1.34  4.76  4.25 242 1019.8   2.4   4.6  -6.1 99.0 99.00
2019 03 17 09 50 285 10.1 12.2  1.30  5.26  4.36 237 1020.4   2.2   4.6  -7.0 99.0 99.00
2019 03 17 10 50 274 10.6 13.0  1.31  5.00  4.40 239 1020.5   2.1   4.6  -6.4 99.0 99.00
2019 03 17 11 50 277 10.9 13.1  1.25  5.00  4.10 243 1021.2   2.1   4.6  -7.2 99.0 99.00
2019 03 17 12 50 275  8.9 11.2  1.26  5.00  4.21 240 1022.2   1.7   4.6  -7.3 99.0 99.00
2019 03 17 13 50 287  7.2  9.0  1.11  5.00  4.20 242 1022.5   1.7   4.6  -8.1 99.0 99.00
2019 03 17 14 50 272  7.3 10.2  1.07  5.26  4.24 239 1022.4   1.6   4.6  -8.6 99.0 99.00
2019 03 17 15 50 282  7.2  9.4  1.01  5.00  4.19 235 1022.3   1.7   4.7  -9.1 99.0 99.00
2019 03 17 16 50 277  5.8  7.8  0.97  5.00  4.18 239 1021.9   2.0   4.7  -8.1 99.0 99.00
2019 03 17 17 50 282  5.4  8.2  0.94  4.76  4.09 240 1021.5   2.2   4.7  -7.9 99.0 99.00
2019 03 17 18 50 249  7.2  8.8  0.88  4.76  4.00 237 1020.7   2.6   4.8  -6.5 99.0 99.00
2019 03 17 19 50 244  8.2  9.9  0.84  4.76  3.75 243 1020.1   3.1   4.8  -4.4 99.0 99.00
2019 03 17 20 50 247  8.0  9.6  0.95  4.55  3.85 244 1020.1   3.3   4.8  -4.3 99.0 99.00
2019 03 17 21 50 248  8.1  9.5  1.09  4.76  4.01 242 1019.8   3.7   4.8  -4.4 99.0 99.00
2019 03 17 22 50 246  8.0  9.2  1.15  5.00  4.10 237 1020.4   3.9   4.8  -4.0 99.0 99.00
2019 03 17 23 50 254  7.2  8.7  1.09  5.00  4.08 241 1021.0   4.3   4.7  -3.0 99.0 99.00
2019 03 18 00 50 276  6.8  7.8  0.97  4.76  4.00 242 1021.6   4.7   4.7  -6.7 99.0 99.00
2019 03 18 01 50 296  7.4  9.0  0.87  4.55  3.87 240 1022.2   4.2   4.6  -6.5 99.0 99.00
2019 03 18 02 50 294  7.7  9.3  0.80  4.76  3.82 241 1022.4   4.0   4.6  -5.6 99.0 99.00
2019 03 18 03 50 326 10.1 11.5  0.85  4.76  3.79 238 1022.9   2.8   4.5  -6.9 99.0 99.00
2019 03 18 04 50 331 10.0 11.6  0.85  3.23  3.64 323 1023.4   1.7   4.6  -8.3 99.0 99.00
2019 03 18 05 50 329 10.4 12.2  1.08  4.35  3.81 299 1023.8   1.2   4.6  -8.0 99.0 99.00
2019 03 18 06 50 326  7.2  8.9  1.05  4.00  3.81 332 1024.1   1.1   4.5  -8.9 99.0 99.00
2019 03 18 07 50 328  6.8  8.5  0.92  4.00  3.87 333 1023.8   1.1   4.5  -9.2 99.0 99.00
2019 03 18 08 50 341  5.9  7.3  0.71  3.33  3.59 335 1023.5   1.1   4.4  -9.2 99.0 99.00
2019 03 18 09 50 345  3.8  5.0  0.66  3.85  3.68 319 1024.0   1.2   4.4  -8.8 99.0 99.00
2019 03 18 10 50 334  3.1  4.2  0.55  3.85  3.75 310 1024.6   1.2   4.3  -8.8 99.0 99.00
2019 03 18 11 50 329  3.0  4.0  0.49 11.43  3.78   2 1025.1   1.4   4.3  -9.2 99.0 99.00
2019 03 18 12 50 312  4.1  5.1  0.41 11.43  3.91 121 1025.5   1.5   4.3  -9.8 99.0 99.00
2019 03 18 13 50 296  3.4  4.9  0.38 10.81  4.18 106 1026.0   1.7   4.4  -9.3 99.0 99.00
2019 03 18 14 50 264  4.1  5.3  0.37 10.81  3.71  92 1026.3   1.8   4.5  -8.8 99.0 99.00
2019 03 18 15 50 250  3.7  4.9  0.34 11.43  3.94  90 1026.4   1.9   4.7  -7.7 99.0 99.00
2019 03 18 16 50 237  3.5  4.6  0.35 10.81  4.03  82 1026.1   2.0   4.8  -8.8 99.0 99.00
2019 03 18 17 50 237  4.3  5.4  0.35 11.43  4.51 208 1025.7   2.3   4.9  -7.7 99.0 99.00
2019 03 18 18 50 236  4.3  5.5  0.31 10.00  4.28  80 1025.2   2.8   5.0  -7.2 99.0 99.00
2019 03 18 19 50 238  4.7  5.9  0.33 10.81  3.70  72 1024.8   3.2   5.0  -7.1 99.0 99.00
2019 03 18 20 50 243  5.3  6.1  0.36  9.09  3.50  94 1024.7   3.4   5.0  -5.6 99.0 99.00
2019 03 18 21 50 243  4.1  4.9  0.39 10.00  3.81 146 1025.2   3.8   5.0  -4.4 99.0 99.00
2019 03 18 22 50 233  4.4  5.3  0.52  3.70  3.59 254 1025.4   3.7   4.9  -3.0 99.0 99.00
2019 03 18 23 50 231  5.3  6.6  0.48  3.57  3.66 257 1026.0   3.7   4.7  -2.6 99.0 99.00
2019 03 19 00 50 238  7.4  8.4  0.54  3.33  3.35 247 1026.8   4.0   4.6  -2.2 99.0 99.00
2019 03 19 01 50 245  7.4  8.5  0.69  3.70  3.39 251 1027.1   4.0   4.5  -1.7 99.0 99.00
2019 03 19 02 50 251  7.6  8.8  0.72  4.00  3.61 254 1027.1   4.0   4.5  -1.4 99.0 99.00
2019 03 19 03 50 260  7.0  7.9  0.79  4.17  3.77 252 1027.1   4.0   4.5  -0.8 99.0 99.00
2019 03 19 04 50 265  6.6  7.8  0.79  4.17  3.79 253 1027.3   4.0   4.6  -0.3 99.0 99.00
2019 03 19 05 50 272  5.8  6.5  0.71  4.00  3.72 239 1027.9   4.0   4.6  -0.7 99.0 99.00
2019 03 19 06 50 272  5.5  6.4  0.64  4.17  3.70 247 1027.9   3.8   4.6  -0.8 99.0 99.00
2019 03 19 07 50 277  5.5  6.4  0.62  4.17  3.69 241 1027.6   3.7   4.6  -1.1 99.0 99.00
2019 03 19 08 50 292  5.7  6.7  0.58  4.00  3.67 233 1027.7   3.5   4.5  -2.1 99.0 99.00
2019 03 19 10 50 325  5.6  6.4  0.52  4.17  3.39 238 1028.9   3.2   4.5  -4.6 99.0 99.00
2019 03 19 11 50 331  5.7  6.6  0.48  3.57  3.20 235 1029.5   3.1   4.5  -5.0 99.0 99.00
2019 03 19 12 50 334  6.0  6.9  0.49  9.09  3.18  98 1030.1   2.9   4.5  -6.2 99.0 99.00
2019 03 19 13 50 321  5.7  6.8  0.48  9.09  3.24 277 1030.6   2.8   4.5  -5.6 99.0 99.00
2019 03 19 14 50 309  5.6  6.7  0.47 10.00  3.18 121 1030.7   3.2   4.6  -6.9 99.0 99.00
2019 03 19 15 50 312  4.4  5.4  0.41  2.60  3.11 322 1030.6   3.3   4.7  -7.5 99.0 99.00
2019 03 19 16 50 280  3.9  4.6  0.38 10.81  3.39 243 1030.5   3.4   4.8  -7.0 99.0 99.00
2019 03 19 17 50 250  3.9  5.4  0.33 10.00  3.42  51 1030.3   3.6   5.0  -6.5 99.0 99.00
2019 03 19 18 50 244  4.8  5.9  0.32 10.00  3.70 110 1029.5   3.7   5.1  -5.2 99.0 99.00
2019 03 19 19 50 235  5.7  6.7  0.32  2.47  3.32 266 1029.3   3.9   5.1  -4.1 99.0 99.00
2019 03 19 20 50 219  6.5  7.9  0.35  9.09  3.26  86 1029.2   4.2   5.1  -2.8 99.0 99.00
2019 03 19 21 50 227  5.9  6.8  0.38  2.60  3.14 242 1029.1   4.6   5.1  -2.6 99.0 99.00
2019 03 19 22 50 231  5.2  6.1  0.46  3.03  3.23 234 1029.1   4.7   5.0  -2.3 99.0 99.00
2019 03 19 23 50 217  5.0  5.7  0.55  3.45  3.34 243 1029.6   4.7   4.9  -2.2 99.0 99.00
2019 03 20 00 50 214  4.9  5.7  0.60  3.70  3.51 253 1030.2   4.8   4.8  -1.3 99.0 99.00
2019 03 20 01 50 224  3.7  4.3  0.57  3.45  3.40 239 1030.8   4.9   4.8  -0.3 99.0 99.00
2019 03 20 02 50 238  3.4  4.2  0.49  3.57  3.37 246 1030.9   4.9   4.8   0.9 99.0 99.00
2019 03 20 03 50 245  4.8  5.7  0.47  3.70  3.50 253 1030.7   4.9   4.7   0.3 99.0 99.00
2019 03 20 04 50 256  3.2  3.7  0.45  3.57  3.44 244 1030.7   4.8   4.7   1.0 99.0 99.00
2019 03 20 05 50 288  2.3  2.9  0.42  3.45  3.54 231 1030.8   4.6   4.7   1.6 99.0 99.00
2019 03 20 06 50 306  1.5  1.8  0.41  3.70  3.64 242 1030.6   4.3   4.6   1.5 99.0 99.00
2019 03 20 07 50 282  1.6  2.0  0.39  3.70  3.68 227 1030.3   4.2   4.6   1.7 99.0 99.00
2019 03 20 08 50 317  0.6  0.8  0.40  3.33  3.82 224 1030.1   4.0   4.6   1.6 99.0 99.00
2019 03 20 09 50 185  1.5  1.7  0.37  3.33  3.73 236 1030.0   4.0   4.6   1.9 99.0 99.00
2019 03 20 10 50 153  1.1  1.3  0.38  3.57  3.67 252 1030.5   4.0   4.6   2.2 99.0 99.00
2019 03 20 11 50 175  1.8  2.0  0.41  3.33  3.81 250 1030.6   4.6   4.6   2.4 99.0 99.00
2019 03 20 12 50 175  2.5  3.5  0.39  3.57  3.85 265 1030.8   4.7   4.7   2.2 99.0 99.00
2019 03 20 13 50 178  3.9  4.8  0.36  3.45  3.88 258 1030.9   4.7   4.8   2.7 99.0 99.00
2019 03 20 15 50 183  3.6  4.2  0.33  8.33  4.12 352 1030.5   5.0   5.1   2.1 99.0 99.00
2019 03 20 16 50 186  3.4  4.2  0.33  9.09  4.17  16 1030.1   5.2   5.2   1.3 99.0 99.00
2019 03 20 17 50 193  3.7  4.4  0.33  3.70  4.10 257 1029.5   5.3   5.3   1.3 99.0 99.00
2019 03 20 18 50 195  3.5  4.0  0.35  8.33  4.10 170 1028.9   5.4   5.4   0.9 99.0 99.00
2019 03 20 19 50 185  3.1  3.8  0.34  4.00  3.86 265 1028.4   5.5   5.5   0.3 99.0 99.00
2019 03 20 20 50 169  3.4  4.2  0.32 10.81  4.32 184 1028.3   5.4   5.5   1.4 99.0 99.00
2019 03 20 21 50 159  4.7  5.6  0.31 11.43  4.22 160 1027.7   5.4   5.4   2.4 99.0 99.00
2019 03 20 22 50 152  4.2  4.8  0.32 11.43  3.72 126 1027.6   5.4   5.3   2.2 99.0 99.00
2019 03 20 23 50 149  4.1  5.0  0.34 11.43  3.96 124 1027.5   5.4   5.2   3.3 99.0 99.00
2019 03 21 00 50 153  5.8  7.0  0.38 11.43  3.60 106 1027.4   5.5   5.1   3.2 99.0 99.00
2019 03 21 01 50 151  4.5  5.1  0.40  3.03  3.53 145 1027.5   5.5   5.0   3.8 99.0 99.00
2019 03 21 02 50 145  5.2  6.3  0.49  3.57  3.73 138 1027.2   5.4   5.0   3.4 99.0 99.00
2019 03 21 03 50 141  6.3  7.5  0.57  4.00  3.65 140 1026.8   5.5   5.0   2.1 99.0 99.00
2019 03 21 04 50 137  6.6  7.5  0.66  4.00  3.72 139 1026.0   5.4   4.9   2.0 99.0 99.00
2019 03 21 05 50 141  7.3  8.4  0.71  4.17  3.68 138 1025.8   5.4   4.9   1.7 99.0 99.00
2019 03 21 06 50 132  8.1  9.5  0.83  4.17  3.66 145 1024.6   5.5   4.9   1.8 99.0 99.00
2019 03 21 07 50 136  8.3 10.1  0.97  4.55  3.92 162 1023.6   5.4   4.9   1.6 99.0 99.00
2019 03 21 08 50 135  8.9 10.1  1.12  5.56  4.12 182 1022.9   5.6   4.9   2.1 99.0 99.00
2019 03 21 09 50 137  8.3  9.6  1.19  5.88  4.11 177 1022.8   5.7   4.9   2.6 99.0 99.00
2019 03 21 10 50 134  8.9 10.4  1.23  5.56  4.22 172 1022.1   5.7   4.9   2.5 99.0 99.00
2019 03 21 11 50 133  7.6  9.0  1.25  5.88  4.32 176 1022.2   5.8   4.9   2.7 99.0 99.00
2019 03 21 12 50 126  7.7  9.3  1.14  6.25  4.33 177 1021.6   5.6   4.8   3.1 99.0 99.00
2019 03 21 13 50 126  7.9  9.1  1.15  6.67  4.40 171 1021.1   5.7   4.8   3.5 99.0 99.00
2019 03 21 14 50 129  8.7 10.5  1.35  6.25  4.58 174 1020.6   6.1   4.9   3.5 99.0 99.00
2019 03 21 15 50 127  9.5 11.2  1.45  6.67  4.74 170 1019.3   6.3   4.9   3.5 99.0 99.00
2019 03 21 16 50 134  8.7 10.6  1.57  6.67  4.75 169 1018.3   6.4   5.0   3.5 99.0 99.00
2019 03 21 17 50 133 10.0 12.2  1.80  7.14  5.00 165 1017.7   6.4   5.0   3.7 99.0 99.00
2019 03 21 18 50 121  8.9 10.9  1.84  6.67  5.08 163 1016.3   6.3   5.0   4.0 99.0 99.00
2019 03 21 19 50  98  8.4  9.7  1.94  7.69  5.47 160 1015.4   6.1   5.0   4.2 99.0 99.00
2019 03 21 20 50  82  6.9  8.0  1.84  7.69  5.44 170 1014.9   5.7   4.9   4.4 99.0 99.00
2019 03 21 21 50  79  8.8 10.3  2.02  7.69  5.61 167 1012.9   5.7   4.9   4.6 99.0 99.00
2019 03 21 22 50  90  9.4 11.2  1.92  7.14  5.37 170 1011.4   5.6   4.9   4.7 99.0 99.00
2019 03 21 23 50  88  9.2 10.4  2.05  7.69  5.56 160 1009.9   6.0   4.9   4.7 99.0 99.00
2019 03 22 00 50  98 11.0 13.8  2.04  7.69  5.35 165 1008.6   6.3   4.9   5.0 99.0 99.00
2019 03 22 01 50 112 10.1 11.7  2.31  7.69  5.52 167 1007.8   6.4   4.9   5.4 99.0 99.00
2019 03 22 02 50  93 10.5 12.3  2.28  7.69  5.45 170 1005.3   6.2   4.9   5.7 99.0 99.00
2019 03 22 03 50  80 11.4 13.2  2.36  7.69  5.50 163 1003.0   6.4   4.9   5.6 99.0 99.00
2019 03 22 04 50  75 10.3 12.8  2.29  8.33  5.49 170 1001.7   6.3   4.9   5.9 99.0 99.00
2019 03 22 05 50  94 11.5 14.3  2.43  6.25  5.67 133  999.6   6.5   4.9   6.3 99.0 99.00
2019 03 22 06 50  61 12.8 15.8  2.63  8.33  5.85 163  996.3   6.4   4.9   6.3 99.0 99.00
2019 03 22 07 50  49 10.7 12.4  2.49  9.09  5.64 172  994.3   6.0   4.9   5.9 99.0 99.00
2019 03 22 08 50 116  9.1 11.7  2.58  8.33  5.86 174  992.4   6.9   4.9   6.8 99.0 99.00
2019 03 22 09 50 171  2.7  4.2  2.83  9.09  6.30 172  992.2   6.7   5.0   6.6 99.0 99.00
2019 03 22 10 50  94  2.7  3.5  3.07  9.09  6.56 140  991.7   5.9   5.0   5.9 99.0 99.00
2019 03 22 11 50  77  2.0  2.8  3.18  9.09  6.80 138  990.9   5.8   5.0   5.8 99.0 99.00
2019 03 22 12 50  57  6.5  8.2  2.80  9.09  6.49 148  989.7   5.0   5.0   5.0 99.0 99.00
2019 03 22 13 50  41  6.4  7.6  3.50 10.00  7.28 162  989.1   4.9   5.0   4.9 99.0 99.00
2019 03 22 14 50   4  6.9  8.3  2.72 10.00  6.89 152  989.2   4.8   5.0   4.8 99.0 99.00
2019 03 22 15 50 313  7.8  9.8  2.83  9.09  7.10 129  989.2   4.7   5.0   4.5 99.0 99.00
2019 03 22 16 50 294 11.2 13.6  2.33  9.09  6.19 124  989.4   4.4   5.1   4.0 99.0 99.00
2019 03 22 17 50 288 10.7 12.8  2.66 10.00  6.25 129  990.2   4.6   5.1   2.8 99.0 99.00
2019 03 22 18 50 262 10.4 12.3  2.39 10.00  5.91 136  990.4   4.8   5.1   3.4 99.0 99.00
2019 03 22 19 50 267  9.8 12.3  2.47  9.09  6.35 143  990.7   6.1   5.1   3.1 99.0 99.00
2019 03 22 20 50 265 12.2 16.2  2.90 10.00  6.84 170  990.9   6.3   5.0   2.5 99.0 99.00
2019 03 22 21 50 267 12.3 15.9  3.06 10.00  6.80 159  991.8   6.6   5.1   2.2 99.0 99.00
2019 03 22 22 50 265  9.3 11.9  2.93 10.00  6.61 165  993.0   6.7   5.0   2.1 99.0 99.00
2019 03 22 23 50 259 11.5 13.7  2.86 10.81  6.54 139  994.0   7.0   5.0   1.2 99.0 99.00
2019 03 23 00 50 259 11.9 14.2  2.63 10.00  6.28 163  994.5   6.9   5.0   0.4 99.0 99.00
2019 03 23 01 50 266 12.5 15.6  2.34  9.09  5.84 149  995.0   6.7   5.0   0.1 99.0 99.00
2019 03 23 02 50 264 12.3 17.2  2.43 10.00  5.79 130  995.3   6.2   5.0   0.4 99.0 99.00
2019 03 23 03 50 271 13.0 15.9  2.57  5.88  5.70 238  995.6   5.8   5.0   0.2 99.0 99.00
2019 03 23 04 50 267 13.8 18.6  2.32  6.67  5.60 228  995.5   5.6   4.9  -0.1 99.0 99.00
2019 03 23 05 50 270 15.1 18.7  2.58  6.25  5.42 246  996.2   4.3   4.9  -0.8 99.0 99.00
2019 03 23 06 50 269 15.8 19.5  2.67  6.67  5.56 241  996.8   3.5   4.9  -1.5 99.0 99.00
2019 03 23 07 50 270 16.3 19.5  2.89  6.25  5.66 248  997.2   2.0   4.9  -1.1 99.0 99.00
2019 03 23 08 50 274 15.5 18.8  2.95  7.69  5.83 227  998.3   1.9   4.9  -1.8 99.0 99.00
2019 03 23 09 50 279 15.5 20.4  3.10  7.69  5.91 226  999.4   2.2   4.9  -2.9 99.0 99.00
2019 03 23 10 50 280 15.8 19.2  3.02  7.14  5.91 236 1000.4   2.2   4.8  -3.4 99.0 99.00
2019 03 23 11 50 279 14.8 18.9  3.02  7.69  5.94 229 1002.2   2.2   4.8  -3.3 99.0 99.00
2019 03 23 12 50 275 14.3 17.2  2.71  7.69  5.70 233 1003.7   2.4   4.8  -3.5 99.0 99.00
2019 03 23 13 50 278 13.4 16.3  2.44  7.69  5.43 231 1004.8   2.5   4.9  -3.6 99.0 99.00
2019 03 23 14 50 273 12.9 15.6  2.36  7.69  5.33 232 1005.8   2.7   4.9  -3.1 99.0 99.00
2019 03 23 15 50 280 13.7 16.3  2.24  7.14  5.22 232 1006.6   2.8   4.9  -2.9 99.0 99.00
2019 03 23 16 50 284 13.4 16.0  2.30  7.14  5.29 229 1007.6   3.1   4.9  -2.4 99.0 99.00
2019 03 23 17 50 279 12.8 15.1  2.16  6.25  5.12 238 1008.6   3.8   4.9  -2.1 99.0 99.00
2019 03 23 18 50 284 13.4 16.2  2.09  7.14  5.12 228 1009.0   4.4   5.0  -2.0 99.0 99.00
2019 03 23 19 50 274 11.5 13.9  2.09  6.67  5.13 231 1009.9   5.4   5.0  -1.2 99.0 99.00
2019 03 23 20 50 281 11.4 13.2  1.94  6.67  5.14 232 1010.3   6.3   5.0  -0.7 99.0 99.00
2019 03 23 21 50 277  9.5 12.7  1.85  6.25  5.10 235 1011.6   6.7   5.0  -0.4 99.0 99.00
2019 03 23 22 50 274  9.8 11.6  1.72  7.14  5.13 207 1012.7   6.6   5.0  -0.4 99.0 99.00
2019 03 23 23 50 281 10.8 13.3  1.78  7.69  4.96 201 1013.8   6.3   5.0  -1.1 99.0 99.00
2019 03 24 00 50 282 11.4 15.1  1.70  7.14  4.92 194 1015.1   5.9   5.0  -1.3 99.0 99.00
2019 03 24 01 50 282 11.8 14.7  1.77  7.14  4.82 203 1016.4   5.6   5.0  -3.8 99.0 99.00
2019 03 24 02 50 285 10.4 12.8  1.70  5.88  4.59 232 1017.5   5.1   5.0  -4.1 99.0 99.00
2019 03 24 03 50 291 10.1 12.7  1.68  5.88  4.65 225 1018.0   4.6   5.0  -4.3 99.0 99.00
2019 03 24 04 50 287 12.0 15.2  1.60  5.00  4.57 240 1018.2   4.2   5.0  -5.8 99.0 99.00
2019 03 24 05 50 290  8.4 10.6  1.57  5.88  4.49 227 1019.4   4.0   5.0  -5.5 99.0 99.00
2019 03 24 06 50 283  7.8  9.8  1.35  5.56  4.50 236 1019.8   3.8   5.0  -5.7 99.0 99.00
2019 03 24 07 50 273  8.5 10.2  1.31  5.88  4.69 229 1020.0   3.7   5.0  -5.7 99.0 99.00
2019 03 24 08 50 278  8.4  9.9  1.14  5.56  4.33 233 1020.1   3.6   4.9  -5.8 99.0 99.00
2019 03 24 09 50 286  7.8  9.3  1.11  5.00  4.29 234 1020.7   3.6   4.9  -4.9 99.0 99.00
2019 03 24 10 50 266  7.7  9.4  1.03  4.76  4.28 241 1021.1   3.4   4.9  -4.1 99.0 99.00
2019 03 24 11 50 262  7.5  9.3  1.09  5.88  4.47 212 1021.6   3.7   4.8  -4.4 99.0 99.00
2019 03 24 12 50 264  8.5 10.2  1.12  5.26  4.34 224 1021.8   3.9   4.8  -3.6 99.0 99.00
2019 03 24 13 50 264  8.4 10.0  1.09  5.00  4.20 236 1022.0   4.1   4.9  -3.3 99.0 99.00
2019 03 24 14 50 251  8.2  9.5  1.09  5.00  4.17 233 1021.9   4.3   4.9  -2.8 99.0 99.00
2019 03 24 15 50 242  7.9  8.9  1.09  5.26  4.25 231 1021.3   4.5   5.0  -2.2 99.0 99.00
2019 03 24 16 50 230  7.4  8.9  0.97  5.26  3.91 222 1020.8   4.8   5.0  -1.6 99.0 99.00
2019 03 24 17 50 232  9.1 10.5  1.04  4.76  3.98 232 1020.1   5.1   5.1  -1.1 99.0 99.00
2019 03 24 18 50 228  9.4 10.9  1.08  5.00  3.95 236 1019.1   5.7   5.1  -0.8 99.0 99.00
2019 03 24 19 50 226 10.1 11.8  1.28  4.76  4.27 235 1018.5   5.8   5.1   0.5 99.0 99.00
2019 03 24 20 50 225  7.8  8.9  1.23  5.26  4.26 230 1018.1   6.1   5.1   1.3 99.0 99.00
2019 03 24 21 50 214  8.8 10.3  1.23  5.26  4.15 246 1017.1   6.3   5.1   2.1 99.0 99.00
2019 03 24 22 50 214  8.0  9.6  1.23  5.26  4.26 235 1017.4   6.6   5.1   2.5 99.0 99.00
2019 03 24 23 50 221  9.0 10.5  1.14  5.00  4.00 231 1017.7   6.7   5.1   3.0 99.0 99.00
2019 03 25 00 50 224 10.0 12.1  1.31  5.00  4.25 218 1017.8   6.8   5.1   3.0 99.0 99.00
2019 03 25 01 50 227 10.7 12.6  1.46  5.26  4.28 216 1017.3   7.0   5.0   2.9 99.0 99.00
2019 03 25 02 50 231 11.2 13.4  1.66  5.88  4.56 202 1017.0   7.1   5.0   2.6 99.0 99.00
2019 03 25 03 50 232  9.6 11.7  1.70  5.88  4.66 220 1016.9   6.9   5.0   3.0 99.0 99.00
2019 03 25 04 50 234  9.4 11.4  1.73  6.25  4.74 213 1017.0   6.8   5.0   3.0 99.0 99.00
2019 03 25 05 50 237  7.0  8.2  1.74  6.67  4.87 213 1016.9   6.6   5.0   3.2 99.0 99.00
2019 03 25 06 50 245  4.8  6.1  1.64  6.25  4.94 220 1016.5   6.4   5.1   3.7 99.0 99.00
2019 03 25 07 50 230  6.0  7.3  1.42  6.25  4.87 216 1016.4   6.6   5.1   3.8 99.0 99.00
2019 03 25 08 50 223  5.2  6.8  1.30  6.25  4.77 219 1015.9   6.6   5.1   4.1 99.0 99.00
2019 03 25 09 50 239  5.1  5.9  1.20  6.25  4.79 218 1016.3   6.5   5.1   4.0 99.0 99.00
2019 03 25 10 50 251  4.1  4.7  1.12  6.25  4.79 210 1016.2   6.2   5.1   4.2 99.0 99.00
2019 03 25 11 50 220  3.1  4.1  1.18  6.25  5.08 207 1016.5   6.2   5.1   4.3 99.0 99.00
2019 03 25 12 50 254  2.5  3.0  1.06  6.25  4.89 201 1017.2   6.1   5.1   4.3 99.0 99.00
2019 03 25 13 50 357  2.8  3.4  1.11  6.25  4.98 187 1017.8   6.7   5.1   2.9 99.0 99.00
2019 03 25 14 50  34  2.0  2.4  0.94  5.88  4.92 206 1018.0   6.3   5.2   3.0 99.0 99.00
2019 03 25 15 50   3  2.2  2.6  0.90  5.88  5.02 205 1018.4   6.2   5.2   3.1 99.0 99.00
2019 03 25 16 50 336  3.5  4.5  0.77  5.88  4.79 195 1018.4   6.1   5.2   2.9 99.0 99.00
2019 03 25 17 50 318  2.6  3.1  0.77  5.56  4.93 198 1018.1   6.4   5.2   2.5 99.0 99.00
2019 03 25 18 50 353  2.8  3.2  0.65  5.88  4.79 191 1017.6   6.4   5.3   2.6 99.0 99.00
2019 03 25 19 50 350  2.6  2.9  0.63  5.56  4.85 195 1017.6   6.3   5.3   2.6 99.0 99.00
2019 03 25 20 50  82  3.4  4.1  0.61  5.56  5.06 214 1017.6   5.5   5.3   3.1 99.0 99.00
2019 03 25 21 50 123  4.0  4.6  0.60  5.56  4.93 217 1017.9   5.2   5.3   2.7 99.0 99.00
2019 03 25 22 50 138  4.8  5.9  0.61  5.56  5.13 202 1017.5   5.0   5.2   2.1 99.0 99.00
2019 03 25 23 50 152  5.2  6.0  0.70  6.67  5.05 201 1017.6   5.0   5.1   2.8 99.0 99.00
2019 03 26 00 50 172  3.5  4.3  0.76  7.14  4.83 202 1018.7   4.9   5.1   3.3 99.0 99.00
2019 03 26 01 50 169  4.8  6.1  0.83  7.14  5.04 204 1018.2   4.9   5.1   3.6 99.0 99.00
2019 03 26 02 50 191  3.2  5.8  0.80  7.69  4.84 202 1018.3   5.5   5.1   2.6 99.0 99.00
2019 03 26 03 50 194  3.3  3.8  0.77  6.25  4.93 200 1018.3   5.5   5.1   3.2 99.0 99.00
2019 03 26 04 50 305  5.0  5.9  0.76  7.14  4.92 177 1018.9   5.3   5.1   3.8 99.0 99.00
2019 03 26 05 50 345  8.3  9.8  0.70  7.69  5.04 166 1019.0   5.4   5.1  -5.5 99.0 99.00
2019 03 26 06 50 334  9.7 11.3  0.81  7.14  3.74 168 1018.8   4.3   5.0  -7.2 99.0 99.00
2019 03 26 07 50 350  9.6 11.5  1.00  3.70  3.82 355 1018.8   3.8   5.0  -6.7 99.0 99.00
2019 03 26 08 50 355 11.1 12.8  1.10  4.00  3.77 357 1018.8   3.2   5.0  -7.3 99.0 99.00
2019 03 26 09 50   2 11.2 12.9  1.16  4.00  3.87  14 1019.8   2.9   5.0  -7.0 99.0 99.00
2019 03 26 10 50  17 12.4 14.5  1.36  4.76  4.06  20 1019.8   2.8   5.0  -3.4 99.0 99.00
2019 03 26 11 50  22 13.7 16.0  1.57  5.26  4.24  33 1020.6   3.1   5.0  -5.8 99.0 99.00
2019 03 26 12 50  26 11.9 14.1  1.68  5.26  4.45  36 1021.9   3.1   5.1  -6.7 99.0 99.00
2019 03 26 13 50  27 11.5 13.9  2.01  5.88  4.78  43 1022.4   3.2   5.1  -4.7 99.0 99.00
2019 03 26 14 50  32 11.2 13.4  1.81  5.88  4.70  50 1023.6   3.1   5.1  -6.3 99.0 99.00
2019 03 26 15 50  25  9.9 12.1  1.74  5.56  4.65  49 1024.3   3.0   5.2 -10.9 99.0 99.00
2019 03 26 16 50  31  7.5  9.1  1.39  5.26  4.41  52 1024.9   3.2   5.2 -10.8 99.0 99.00
2019 03 26 17 50  31  5.8  7.3  1.28  5.26  4.45  58 1024.6   3.3   5.1 -11.6 99.0 99.00
2019 03 26 18 50  13  4.1  6.2  1.11  5.26  4.36  53 1024.1   3.5   5.2 -12.0 99.0 99.00
2019 03 26 19 50   2  1.1  2.5  1.00  5.56  4.51  62 1023.9   3.9   5.2 -11.5 99.0 99.00
2019 03 26 20 50 113  0.2  0.5  1.09  5.88  4.77  70 1023.9   4.7   5.4 -11.8 99.0 99.00
2019 03 26 21 50 138  1.4  1.9  0.95  5.88  4.86  91 1024.2   4.1   5.4 -11.1 99.0 99.00
2019 03 26 22 50 143  2.5  3.0  0.85  5.88  4.67  98 1024.7   3.8   5.3  -9.2 99.0 99.00
2019 03 26 23 50 167  1.9  2.9  0.92  5.88  4.70 101 1025.6   3.8   5.1  -9.5 99.0 99.00
2019 03 27 00 50 141  1.4  1.8  0.92  6.25  4.95 112 1026.5   3.8   5.0  -9.2 99.0 99.00
2019 03 27 01 50  38  0.5  1.0  0.99  6.25  5.26 109 1027.3   3.8   5.0 -10.4 99.0 99.00
2019 03 27 02 50  16  1.5  1.9  1.03  6.67  5.38 105 1027.7   3.9   4.9  -7.8 99.0 99.00
2019 03 27 03 50  67  2.9  3.7  0.99  6.67  5.42 112 1028.0   3.8   4.9  -5.8 99.0 99.00
2019 03 27 04 50  18  3.2  4.2  0.93  6.67  5.34 106 1028.3   3.8   4.9  -5.3 99.0 99.00
2019 03 27 05 50  22  6.3  7.5  0.95  6.67  5.35  95 1028.5   4.0   4.9  -7.3 99.0 99.00
2019 03 27 06 50  22  6.8  8.3  1.03  7.14  4.42 101 1029.0   3.8   4.9  -7.1 99.0 99.00
2019 03 27 07 50  26  9.3 11.2  1.10  5.56  4.22  73 1029.3   3.4   4.9  -7.8 99.0 99.00
2019 03 27 08 50  19  9.9 12.7  1.30  4.17  4.33  48 1029.9   2.3   4.9  -8.7 99.0 99.00
2019 03 27 09 50  22  8.6 10.9  1.32  4.35  4.39  52 1030.9   1.8   4.9  -7.5 99.0 99.00
2019 03 27 10 50  27  8.0  9.8  1.38  5.00  4.52  53 1031.9   1.8   4.9  -6.7 99.0 99.00
2019 03 27 11 50  43  8.4  9.9  1.53  5.00  4.64  68 1032.6   1.9   4.9  -6.8 99.0 99.00
2019 03 27 12 50  49  7.9  9.7  1.53  5.00  4.69  68 1033.2   1.9   5.0  -7.1 99.0 99.00
2019 03 27 13 50  53  6.9  8.9  1.43  6.67  4.73  96 1034.0   1.9   5.0  -6.4 99.0 99.00
2019 03 27 14 50  55  5.6  7.1  1.37  7.69  4.91 113 1034.8   1.9   5.0  -6.7 99.0 99.00
2019 03 27 15 50  61  5.1  6.9  1.19  7.69  4.73 107 1035.0   1.9   5.1  -6.2 99.0 99.00
2019 03 27 16 50  66  4.5  6.2  1.27  7.14  5.11 112 1034.8   2.0   5.1  -6.4 99.0 99.00
2019 03 27 17 50  68  4.1  5.9  1.28  8.33  5.27 120 1034.7   2.1   5.2  -6.8 99.0 99.00
2019 03 27 18 50  95  2.9  3.8  1.32  8.33  5.59 119 1034.5   2.3   5.3  -6.8 99.0 99.00
2019 03 27 19 50 130  2.2  3.3  1.31  7.69  5.82 116 1034.3   2.4   5.4  -7.3 99.0 99.00
2019 03 27 20 50 139  2.3  3.6  1.26  7.14  5.79 114 1034.3   2.5   5.4  -7.0 99.0 99.00
2019 03 27 21 50 149  3.3  4.3  1.26  7.69  6.07 119 1034.0   2.5   5.4  -6.4 99.0 99.00
2019 03 27 22 50 153  2.8  3.6  1.09  7.69  5.76 126 1033.9   2.4   5.3  -5.8 99.0 99.00
2019 03 27 23 50 162  3.3  4.2  1.04  9.09  5.77 114 1034.0   2.5   5.2  -5.4 99.0 99.00
2019 03 28 00 50 165  3.1  4.0  0.93  7.69  5.45 125 1034.1   2.5   5.1  -4.9 99.0 99.00
2019 03 28 01 50 175  3.9  4.9  0.97 10.00  5.83 128 1034.5   2.6   5.0  -4.1 99.0 99.00
2019 03 28 02 50 169  3.7  4.8  0.94 10.00  5.59 129 1034.3   2.5   5.0  -4.5 99.0 99.00
2019 03 28 03 50 163  3.9  4.9  0.91  9.09  5.82 123 1033.8   2.5   5.0  -4.0 99.0 99.00
2019 03 28 04 50 161  4.7  6.0  0.95  9.09  6.25  87 1033.9   2.7   4.9  -3.9 99.0 99.00
2019 03 28 05 50 172  5.2  6.4  0.88  9.09  5.90 115 1033.2   2.8   4.9  -3.1 99.0 99.00
2019 03 28 06 50 177  5.0  6.3  0.93 10.00  5.72  76 1032.8   2.9   4.9  -2.1 99.0 99.00
2019 03 28 07 50 181  4.8  5.6  0.92 10.81  5.92 123 1032.3   3.0   4.9  -1.6 99.0 99.00
2019 03 28 08 50 180  4.9  5.9  1.20 10.00  6.52 111 1032.2   3.3   4.9  -1.1 99.0 99.00
2019 03 28 09 50 175  4.2  4.9  1.08 10.00  6.26 100 1032.4   3.4   4.9  -0.8 99.0 99.00
2019 03 28 10 50 174  4.0  4.9  1.12 10.81  6.62 118 1032.8   3.7   4.9  -0.3 99.0 99.00
2019 03 28 11 50 169  5.0  5.8  1.14 10.81  6.62 109 1033.0   4.2   4.9   0.2 99.0 99.00
2019 03 28 12 50 173  5.7  6.6  1.07  9.09  6.08 124 1032.7   4.6   5.0   0.7 99.0 99.00
2019 03 28 13 50 164  5.1  5.8  1.11 10.00  6.07 126 1032.7   4.5   5.0   1.5 99.0 99.00
2019 03 28 14 50 163  4.9  5.9  1.13 10.81  6.23 123 1032.6   4.7   5.1   2.1 99.0 99.00
2019 03 28 16 50 169  5.8  6.9  1.26 10.00  5.73 119 1030.8   5.1   5.2   3.0 99.0 99.00
2019 03 28 17 50 170  5.8  6.8  1.22 10.00  5.82 118 1029.8   5.4   5.3   3.7 99.0 99.00
2019 03 28 18 50 173  5.4  6.4  1.23 10.81  6.23 109 1028.5   5.5   5.4   4.1 99.0 99.00
2019 03 28 19 50 179  4.6  5.8  1.24 11.43  6.15 108 1027.6   5.7   5.5   4.7 99.0 99.00
2019 03 28 20 50 181  4.2  5.2  1.28 10.81  5.96 118 1026.9   5.9   5.5   4.8 99.0 99.00
2019 03 28 21 50 195  3.7  4.3  1.32 10.81  6.10 110 1026.5   5.9   5.5   4.8 99.0 99.00
2019 03 28 22 50 194  3.5  4.0  1.33 10.00  6.41 106 1026.4   5.6   5.5   3.5 99.0 99.00
2019 03 28 23 50 181  4.4  5.2  1.26 10.81  6.47 124 1026.0   5.6   5.4   4.1 99.0 99.00
2019 03 29 00 50 183  5.1  6.0  1.12 10.00  5.94  96 1025.9   5.7   5.4   4.5 99.0 99.00
2019 03 29 01 50 187  5.7  6.8  1.11 10.00  5.80 126 1025.7   6.1   5.3   4.9 99.0 99.00
2019 03 29 02 50 191  5.6  6.5  1.08 10.81  5.71 113 1025.6   6.2   5.3   5.0 99.0 99.00
2019 03 29 03 50 199  4.7  5.5  1.22 10.81  5.89  89 1025.3   6.2   5.3   5.0 99.0 99.00
2019 03 29 04 50 202  5.0  5.8  1.15 10.00  5.82 123 1024.9   6.3   5.3   5.0 99.0 99.00
2019 03 29 05 50 206  6.3  7.2  1.29 11.43  5.85  87 1023.7   6.6   5.3   5.3 99.0 99.00
2019 03 29 06 50 202  6.1  7.1  1.20 10.81  5.44  91 1022.8   6.6   5.3   5.4 99.0 99.00
2019 03 29 07 50 194  5.5  6.5  1.18 10.81  5.06  83 1022.1   6.5   5.3   5.6 99.0 99.00
2019 03 29 08 50 200  5.5  6.3  1.15 10.81  5.32  83 1022.0   6.7   5.3   5.7 99.0 99.00
2019 03 29 09 50 197  5.8  6.8  1.19 10.00  5.34 108 1021.7   6.9   5.3   6.3 99.0 99.00
2019 03 29 10 50 200  7.5  8.9  1.23 10.00  5.34 102 1021.2   7.4   5.3   5.9 99.0 99.00
2019 03 29 11 50 199  7.8  9.2  1.21 10.81  4.86 107 1021.3   7.3   5.3   6.1 99.0 99.00
2019 03 29 12 50 200  8.8 10.1  1.29 10.00  4.86 106 1020.6   7.5   5.3   6.3 99.0 99.00
2019 03 29 13 50 199  8.5  9.8  1.34  4.17  4.69 194 1020.3   7.9   5.3   6.2 99.0 99.00
2019 03 29 14 50 205  7.8  9.5  1.39  9.09  4.83  83 1020.4   7.7   5.4   6.3 99.0 99.00
2019 03 29 15 50 205  7.3  8.6  1.37  4.76  5.02 197 1020.2   7.3   5.4   6.4 99.0 99.00
2019 03 29 16 50 205  6.5  7.6  1.31 10.00  5.00 132 1020.0   7.2   5.4   6.3 99.0 99.00
2019 03 29 17 50 206  7.9  8.9  1.27  9.09  5.04  92 1019.2   7.7   5.4   6.2 99.0 99.00
2019 03 29 18 50 210  6.8  7.9  1.23  8.33  4.98 119 1019.0   7.5   5.4   5.8 99.0 99.00
2019 03 29 19 50 220  6.8  7.7  1.32 11.43  5.19  89 1019.1   7.3   5.4   5.8 99.0 99.00
2019 03 29 20 50 227  6.6  7.9  1.20 10.81  4.94 105 1018.8   7.0   5.4   5.8 99.0 99.00
2019 03 29 21 50 228  5.6  6.5  1.26 10.00  5.32 103 1019.1   6.8   5.4   5.8 99.0 99.00
2019 03 29 22 50 223  5.1  5.9  1.18  9.09  5.16  91 1019.2   6.8   5.5   5.9 99.0 99.00
2019 03 29 23 50 217  4.2  4.6  1.24 10.00  5.28 131 1019.9   6.5   5.5   5.8 99.0 99.00
2019 03 30 00 50 221  4.0  4.5  1.14  8.33  5.60 127 1020.6   6.5   5.5   5.9 99.0 99.00
2019 03 30 01 50 207  3.5  4.0  1.14  8.33  5.55 121 1020.7   6.4   5.5   5.9 99.0 99.00
2019 03 30 02 50 221  2.7  3.4  1.07  9.09  5.60 109 1020.9   6.6   5.5   6.0 99.0 99.00
2019 03 30 03 50 268  1.7  2.2  1.03 10.00  5.66  86 1020.9   6.5   5.5   6.0 99.0 99.00
2019 03 30 04 50 239  1.7  2.2  1.09 10.00  5.70  86 1020.9   6.6   5.5   5.9 99.0 99.00
2019 03 30 05 50 206  2.2  2.6  1.06  9.09  5.66 100 1020.7   6.1   5.4   5.6 99.0 99.00
2019 03 30 06 50 192  1.7  2.1  1.05  8.33  5.60 106 1020.4   6.1   5.4   5.6 99.0 99.00
2019 03 30 07 50 182  3.0  3.4  1.00 10.00  5.81  82 1020.2   6.0   5.3   5.5 99.0 99.00
2019 03 30 08 50 147  2.9  3.5  1.04 10.00  5.74 105 1020.3   5.9   5.4   5.5 99.0 99.00
2019 03 30 09 50 179  3.2  3.9  1.00  9.09  5.99 126 1020.5   6.2   5.4   5.8 99.0 99.00
2019 03 30 10 50 188  2.7  3.3  1.04 10.00  6.05 102 1020.5   6.5   5.4   6.0 99.0 99.00
2019 03 30 11 50 165  2.0  2.3  1.04 10.00  6.23 110 1020.6   6.5   5.4   5.8 99.0 99.00
2019 03 30 12 50 125  2.7  3.1  0.99 10.81  6.10 127 1020.9   6.6   5.4   5.8 99.0 99.00
2019 03 30 13 50 144  3.5  4.0  1.08  9.09  6.69 121 1020.8   7.0   5.5   6.0 99.0 99.00
2019 03 30 14 50 170  4.6  5.3  1.02 10.00  6.34 123 1020.7   7.5   5.7   6.2 99.0 99.00
2019 03 30 15 50 163  5.1  5.8  1.09  8.33  6.37 138 1020.0   8.3   5.8   7.3 99.0 99.00
2019 03 30 16 50 162  5.5  6.3  0.99  9.09  5.56 111 1019.1   8.5   5.8   7.8 99.0 99.00
2019 03 30 17 50 172  7.2  8.0  1.12  8.33  5.29 138 1018.3   9.0   5.8   8.3 99.0 99.00
2019 03 30 18 50 180  7.2  8.3  1.21 10.00  5.38 128 1017.6   8.8   5.8   8.5 99.0 99.00
2019 03 30 19 50 185  7.9  8.9  1.13  8.33  5.09 133 1016.9   8.8   5.8   8.4 99.0 99.00
2019 03 30 20 50 184  8.5  9.8  1.19 10.00  4.84  93 1016.1   9.3   5.8   8.3 99.0 99.00
2019 03 30 21 50 183  8.8 10.2  1.28  9.09  4.80 129 1015.7   9.2   5.8   8.1 99.0 99.00
2019 03 30 22 50 179  8.4  9.4  1.29  9.09  4.79 128 1015.7   8.6   5.7   7.9 99.0 99.00
2019 03 30 23 50 168  7.5  8.6  1.31 10.00  4.85 110 1015.7   7.9   5.7   7.6 99.0 99.00
2019 03 31 00 50 176  7.6  8.7  1.23  7.69  4.74 147 1015.7   8.5   5.7   8.4 99.0 99.00
2019 03 31 01 50 169  7.3  8.6  1.27 10.00  4.93  76 1015.2   8.1   5.6   8.1 99.0 99.00
2019 03 31 02 50 171  8.2  9.4  1.27  4.35  4.63 183 1014.5   8.3   5.6   8.3 99.0 99.00
2019 03 31 03 50 172  8.2  9.8  1.25 10.00  4.73 106 1013.7   8.7   5.6   8.7 99.0 99.00
2019 03 31 04 50 175  8.5 10.1  1.35  9.09  4.72 136 1013.1   9.0   5.6   9.0 99.0 99.00
2019 03 31 05 50 176  8.3  9.3  1.41  4.55  4.71 168 1012.4   8.7   5.6   8.7 99.0 99.00
2019 03 31 06 50 179  8.3  9.6  1.31 10.00  4.75 113 1011.7   8.8   5.6   8.5 99.0 99.00
2019 03 31 07 50 173  8.0  9.1  1.34  8.33  4.79 122 1011.0   8.6   5.6   8.2 99.0 99.00
2019 03 31 08 50 172  8.6 10.2  1.32  4.55  4.58 175 1010.2   8.9   5.6   8.2 99.0 99.00
2019 03 31 09 50 173  8.7  9.7  1.43  4.55  4.70 164 1009.6   8.8   5.6   8.1 99.0 99.00
2019 03 31 10 50 170  9.7 10.7  1.45  4.35  4.81 176 1009.1   9.1   5.6   8.3 99.0 99.00
2019 03 31 11 50 175  9.6 11.5  1.48  5.26  4.67 167 1009.1   9.1   5.5   8.4 99.0 99.00
2019 03 31 12 50 171  9.2 10.8  1.50  5.56  4.79 167 1008.2   9.1   5.6   8.4 99.0 99.00
2019 03 31 13 50 171  9.6 11.3  1.63  5.26  4.77 190 1007.5   9.1   5.6   8.5 99.0 99.00
2019 03 31 14 50 181  9.6 11.0  1.63  5.56  4.63 191 1007.0   9.5   5.6   9.1 99.0 99.00
2019 03 31 15 50 189  8.8 10.1  1.72  5.56  4.94 194 1006.3   9.1   5.6   8.6 99.0 99.00
2019 03 31 16 50 189  8.1  9.6  1.89  5.56  5.06 191 1005.5   8.9   5.7   8.2 99.0 99.00
2019 03 31 17 50 205  8.1  9.3  1.75  5.56  5.07 189 1005.0   8.7   5.7   7.9 99.0 99.00
2019 03 31 18 50 209  6.9  8.5  1.77  5.56  5.10 206 1004.3   7.8   5.7   7.4 99.0 99.00
2019 03 31 19 50 225  6.9  8.0  1.69  5.56  4.87 193 1004.0   7.7   5.7   7.6 99.0 99.00
2019 03 31 20 50 260  7.9  9.4  1.59  5.56  4.98 174 1004.5   7.3   5.7   7.2 99.0 99.00
2019 03 31 21 50 284  9.7 11.9  1.61  5.88  5.05 176 1005.6   7.3   5.7   6.7 99.0 99.00
2019 03 31 22 50 302 10.4 12.7  1.54  6.25  4.92 172 1006.5   6.7   5.7   4.2 99.0 99.00
