#YY  MM DD hh mm WDIR WSPD GST  WVHT   DPD   APD MWD   PRES  ATMP  WTMP  DEWP  VIS  TIDE
#yr  mo dy hr mn degT m/s  m/s     m   sec   sec deg    hPa  degC  degC  degC  nmi    ft
2019 03 31 23 50 290  8.4  9.9  1.61  6.67  4.73 172 1007.8   6.3   5.7   4.1 99.0 99.00
2019 04 01 00 50 293  7.1  8.5  1.53  6.25  4.67 169 1008.8   6.1   5.7   3.8 99.0 99.00
2019 04 01 01 50 280 10.9 12.9  1.42  6.25  4.73 184 1009.4   6.0   5.7   2.5 99.0 99.00
2019 04 01 02 50 294  9.9 12.4  1.40  5.88  4.69 178 1010.0   6.1   5.7   1.0 99.0 99.00
2019 04 01 03 50 273  8.7 10.1  1.41  6.67  4.68 172 1010.9   5.8   5.7   0.4 99.0 99.00
2019 04 01 04 50 274 11.6 13.5  1.48  6.25  4.59 194 1011.2   5.3   5.7  -1.0 99.0 99.00
2019 04 01 05 50 278 12.2 14.0  1.46  5.00  4.64 231 1011.7   4.7   5.6  -1.6 99.0 99.00
2019 04 01 06 50 279 13.1 15.3  1.51  5.00  4.50 236 1011.9   4.1   5.6  -2.3 99.0 99.00
2019 04 01 07 50 280 13.0 15.7  1.76  5.56  4.75 238 1012.6   3.5   5.5  -2.9 99.0 99.00
2019 04 01 08 50 278 12.6 15.8  1.77  6.25  4.61 221 1013.5   3.2   5.5  -2.9 99.0 99.00
2019 04 01 09 50 281 12.1 14.1  1.90  5.88  4.83 237 1014.8   2.7   5.5  -3.0 99.0 99.00
2019 04 01 10 50 283 12.5 15.4  1.70  6.25  4.62 237 1015.8   2.5   5.5  -3.5 99.0 99.00
2019 04 01 11 50 290 11.9 15.0  1.75  6.25  4.61 239 1017.3   2.4   5.5  -3.5 99.0 99.00
2019 04 01 12 50 291 11.4 13.8  1.75  6.25  4.62 233 1018.2   2.3   5.5  -3.6 99.0 99.00
2019 04 01 13 50 293 10.8 13.4  1.62  5.00  4.43 246 1019.1   2.4   5.5  -4.0 99.0 99.00
2019 04 01 14 50 284 10.6 13.5  1.58  5.88  4.40 238 1020.3   2.4   5.5  -4.5 99.0 99.00
2019 04 01 15 50 279 11.0 14.6  1.44  5.26  4.48 238 1020.7   3.0   5.5  -4.0 99.0 99.00
2019 04 01 16 50 281  9.7 11.3  1.39  5.56  4.41 244 1021.2   3.4   5.6  -4.5 99.0 99.00
2019 04 01 17 50 279 10.4 12.5  1.30  5.56  4.34 244 1021.4   3.9   5.6  -4.6 99.0 99.00
2019 04 01 18 50 283  9.9 12.2  1.29  5.00  4.27 240 1021.6   4.5   5.7  -4.5 99.0 99.00
2019 04 01 19 50 281  9.7 11.7  1.20  5.26  4.19 237 1022.0   5.0   5.7  -5.3 99.0 99.00
2019 04 01 20 50 287  9.4 11.8  1.14  4.55  4.08 255 1022.4   5.5   5.7  -5.3 99.0 99.00
2019 04 01 21 50 287  9.0 11.1  1.04  5.00  3.98 242 1023.4   5.7   5.6  -5.9 99.0 99.00
2019 04 01 22 50 287  8.7 10.0  0.98  5.00  3.85 230 1024.5   5.7   5.6  -6.2 99.0 99.00
2019 04 01 23 50 289  7.1  8.1  0.97  4.35  3.91 246 1026.0   5.7   5.6  -5.8 99.0 99.00
2019 04 02 00 50 290  3.9  5.0  0.86  4.76  3.96 233 1027.7   5.6   5.6  -4.4 99.0 99.00
2019 04 02 01 50 287  4.2  4.9  0.79  4.76  3.96 240 1028.6   5.5   5.5  -3.7 99.0 99.00
2019 04 02 02 50 307  2.8  3.7  0.70  4.76  4.03 231 1029.2   5.4   5.5  -3.1 99.0 99.00
2019 04 02 03 50   6  4.3  5.1  0.60  4.35  4.00 254 1029.6   5.0   5.5  -5.9 99.0 99.00
2019 04 02 04 50   9  4.3  5.0  0.57  4.55  3.94 237 1030.0   4.6   5.5  -6.5 99.0 99.00
2019 04 02 05 50   5  4.6  5.5  0.52  9.09  3.82 169 1029.7   4.3   5.4  -6.6 99.0 99.00
2019 04 02 06 50  18  4.9  5.7  0.48 10.00  3.92  65 1029.8   4.0   5.4  -7.1 99.0 99.00
2019 04 02 07 50  47  3.8  4.8  0.43  9.09  3.82 139 1030.0   4.0   5.4  -8.4 99.0 99.00
2019 04 02 08 50  90  4.4  5.1  0.40 10.00  4.15  88 1030.1   4.1   5.4  -5.9 99.0 99.00
2019 04 02 09 50 108  4.9  5.7  0.38  8.33  4.08 129 1030.7   4.2   5.4  -6.5 99.0 99.00
2019 04 02 10 50 122  5.6  6.6  0.38  9.09  4.00 102 1031.1   4.4   5.4  -5.6 99.0 99.00
2019 04 02 11 50 140  5.9  6.9  0.44  2.60  3.63 121 1031.8   4.7   5.4  -5.2 99.0 99.00
2019 04 02 12 50 142  5.9  6.9  0.45 10.00  3.59 142 1031.8   4.9   5.5  -3.7 99.0 99.00
2019 04 02 13 50 144  6.5  7.5  0.52  9.09  3.55 148 1031.3   5.1   5.5  -3.5 99.0 99.00
2019 04 02 14 50 149  6.3  7.2  0.60  3.13  3.43 142 1031.5   5.2   5.6  -3.0 99.0 99.00
2019 04 02 15 50 153  7.0  8.6  0.65  3.45  3.49 150 1030.7   5.3   5.6  -2.4 99.0 99.00
2019 04 02 16 50 145  4.6  5.4  0.64  3.57  3.61 161 1030.3   5.3   5.7  -1.9 99.0 99.00
2019 04 02 17 50 138  4.4  5.3  0.61  3.57  3.69 158 1030.0   5.4   5.8  -0.6 99.0 99.00
2019 04 02 18 50  97  6.6  7.5  0.55 10.00  3.86 141 1027.1   5.4   5.9   0.1 99.0 99.00
2019 04 02 19 50 111  7.4  8.7  0.62  2.94  3.38 128 1027.3   5.3   5.8   0.4 99.0 99.00
2019 04 02 20 50  93  8.8 10.2  0.68  3.23  3.45 133 1025.7   5.2   5.8   1.1 99.0 99.00
2019 04 02 21 50  97  9.2 10.8  0.84  3.70  3.58 117 1025.2   5.3   5.7   1.9 99.0 99.00
2019 04 02 22 50 101  9.7 11.1  1.00  4.17  3.75 111 1024.1   5.4   5.7   2.5 99.0 99.00
2019 04 02 23 50 104  9.4 11.0  1.17  4.55  3.96 117 1023.3   5.5   5.7   2.9 99.0 99.00
2019 04 03 00 50  99  9.6 11.2  1.13  4.76  4.00 109 1022.1   5.8   5.7   3.3 99.0 99.00
2019 04 03 01 50 101 10.8 13.1  1.48  5.56  4.44 127 1020.4   5.7   5.7   3.6 99.0 99.00
2019 04 03 02 50  83 10.2 12.7  1.62  5.56  4.54 122 1019.5   5.7   5.7   4.0 99.0 99.00
2019 04 03 03 50  64 10.1 12.3  1.52  5.56  4.49 103 1017.4   5.5   5.7   4.6 99.0 99.00
2019 04 03 04 50  49 10.5 13.2  1.71  5.26  4.62  91 1014.9   5.6   5.7   5.0 99.0 99.00
2019 04 03 05 50  17 11.9 14.0  1.88  5.88  4.80  90 1012.5   5.5   5.6   5.1 99.0 99.00
2019 04 03 06 50   4 12.0 14.0  2.27  6.25  5.02 102 1012.0   5.3   5.6   5.0 99.0 99.00
2019 04 03 07 50 348 13.0 16.0  2.38  7.14  5.27 103 1010.8   4.8   5.6   4.4 99.0 99.00
2019 04 03 08 50 341 13.3 15.9  2.33  7.14  5.22  94 1009.3   4.9   5.6   4.5 99.0 99.00
2019 04 03 09 50 336 14.0 17.0  2.48  7.69  5.31 104 1009.1   5.1   5.5   4.3 99.0 99.00
2019 04 03 10 50 323 13.1 16.7  2.40  7.69  5.34  97 1010.2   5.3   5.5   3.9 99.0 99.00
2019 04 03 11 50 312 11.8 14.2  2.32  5.00  5.32 352 1011.1   5.1   5.5   3.7 99.0 99.00
2019 04 03 12 50 306 12.7 15.2  2.13  9.09  5.33 102 1012.0   4.8   5.5   2.8 99.0 99.00
2019 04 03 13 50 296  9.7 11.7  2.11  8.33  5.39  92 1013.3   5.4   5.6   2.6 99.0 99.00
2019 04 03 14 50 278  7.3  9.1  2.22 10.00  5.89 114 1014.6   5.8   5.6   2.3 99.0 99.00
2019 04 03 15 50 253  5.5  7.2  2.14 10.81  6.44 127 1014.9   6.2   5.6   3.7 99.0 99.00
2019 04 03 16 50 236  9.5 12.1  2.20 11.43  7.06 129 1014.3   6.3   5.7   3.8 99.0 99.00
2019 04 03 17 50 232  9.9 12.4  2.24 10.81  6.56 115 1013.8   6.9   5.7   3.2 99.0 99.00
2019 04 03 18 50 223  9.9 12.3  2.32 11.43  6.68 126 1013.0   7.4   5.8   3.9 99.0 99.00
2019 04 03 19 50 221 12.0 14.3  2.21 12.12  6.23 136 1012.5   8.1   5.8   4.0 99.0 99.00
2019 04 03 20 50 222 11.7 13.6  2.10 11.43  5.67 136 1012.4   8.5   5.8   4.2 99.0 99.00
2019 04 03 21 50 233  9.9 11.6  2.15 12.12  5.73 139 1013.3   8.6   5.8   4.0 99.0 99.00
2019 04 03 22 50 229  9.7 11.3  2.20 12.12  5.77 124 1013.9   8.7   5.7   3.8 99.0 99.00
2019 04 03 23 50 226  9.6 11.7  2.08 12.12  5.46 119 1014.8   8.3   5.7   4.4 99.0 99.00
2019 04 04 00 50 239  9.6 11.2  1.98  5.88  5.31 214 1016.3   8.9   5.7   3.6 99.0 99.00
2019 04 04 01 50 249  9.3 11.1  2.00 11.43  5.46  98 1017.9   9.6   5.7   2.4 99.0 99.00
2019 04 04 02 50 286  8.2 10.5  1.88  6.25  5.23 193 1019.9   9.3   5.7   1.6 99.0 99.00
2019 04 04 03 50 293  9.2 11.4  1.78 10.81  5.34 106 1021.9   9.1   5.7   0.0 99.0 99.00
2019 04 04 04 50 296  9.8 12.0  1.90  6.67  5.28 182 1023.1   8.6   5.7  -2.6 99.0 99.00
2019 04 04 05 50 279  5.5  6.4  1.84  6.67  5.49 193 1023.9   7.6   5.7  -0.6 99.0 99.00
2019 04 04 06 50 272  7.6  9.1  1.74  6.25  5.75 202 1023.7   7.8   5.7  -1.3 99.0 99.00
2019 04 04 07 50 264  7.3  9.0  1.56  7.14  5.61 189 1024.1   7.5   5.7  -0.9 99.0 99.00
2019 04 04 08 50 274  7.6  9.2  1.66  9.09  5.85 148 1025.0   7.5   5.7  -1.7 99.0 99.00
2019 04 04 09 50 271  7.9  9.6  1.60  9.09  5.71 130 1025.9   7.3   5.6  -2.7 99.0 99.00
2019 04 04 10 50 273  7.1  9.0  1.75  7.14  5.95 177 1027.0   6.9   5.6  -1.9 99.0 99.00
2019 04 04 12 50 273  6.4  7.6  1.46  7.69  5.69 167 1028.7   6.4   5.6  -1.8 99.0 99.00
2019 04 04 13 50 333  4.8  5.7  1.38  7.69  5.57 163 1029.4   5.8   5.7  -2.5 99.0 99.00
2019 04 04 14 50 287  3.5  4.4  1.36  6.67  5.64 187 1029.6   5.8   5.8  -2.8 99.0 99.00
2019 04 04 15 50 244  3.9  4.7  1.33  7.14  5.71 176 1029.7   5.9   6.0  -2.0 99.0 99.00
2019 04 04 16 50 240  8.3  9.9  1.19  7.14  5.55 176 1028.9   6.7   6.1  -2.1 99.0 99.00
2019 04 04 17 50 242  8.6 10.2  1.33  7.14  5.09 178 1028.2   6.9   6.0  -0.7 99.0 99.00
2019 04 04 18 50 233  8.5  9.9  1.28  6.67  4.93 187 1027.4   6.7   6.0   0.7 99.0 99.00
2019 04 04 19 50 231  8.2  9.6  1.29  6.67  4.58 189 1026.9   6.9   6.0   0.7 99.0 99.00
2019 04 04 20 50 235  7.3  8.6  1.27  7.14  4.59 185 1026.8   7.4   6.0   1.3 99.0 99.00
2019 04 04 21 50 230  7.5  8.8  1.18  7.69  4.66 172 1027.0   7.5   6.0   1.7 99.0 99.00
2019 04 04 22 50 231  5.6  6.6  1.01  6.67  4.38 194 1027.7   7.3   6.0   2.9 99.0 99.00
2019 04 04 23 50 235  7.1  8.4  1.05  6.67  4.61 197 1028.1   6.9   6.0   3.1 99.0 99.00
2019 04 05 00 50 251  5.3  6.6  0.85  6.67  4.48 195 1029.2   6.9   6.0   3.2 99.0 99.00
2019 04 05 01 50 258  6.2  8.2  0.93  6.67  4.64 178 1029.9   7.3   6.0   1.9 99.0 99.00
2019 04 05 02 50 314  2.7  3.8  0.88  6.67  4.61 175 1030.9   7.3   6.0  -0.3 99.0 99.00
2019 04 05 03 50 339  8.4 10.3  0.81  6.25  4.53 172 1030.8   6.7   6.0  -5.5 99.0 99.00
2019 04 05 04 50 350  8.1  9.7  0.91  6.67  3.90 176 1031.0   5.8   5.9  -5.6 99.0 99.00
2019 04 05 05 50 347 10.9 13.3  1.01  3.85  3.82 349 1031.1   5.2   5.9  -7.0 99.0 99.00
2019 04 05 06 50 351 10.1 12.2  1.17  4.35  3.90   8 1030.7   4.7   5.8  -6.0 99.0 99.00
2019 04 05 07 50   1  9.3 10.7  1.13  4.17  3.94  12 1031.0   4.5   5.8  -4.7 99.0 99.00
2019 04 05 08 50   6  7.6  8.9  1.08  4.55  3.95  20 1031.8   4.2   5.8  -5.1 99.0 99.00
2019 04 05 09 50  20  7.1  8.6  0.98  4.17  3.91  24 1032.4   4.0   5.7  -5.1 99.0 99.00
2019 04 05 10 50  17  6.0  7.3  0.82  4.17  3.83  38 1033.5   4.0   5.7  -5.4 99.0 99.00
2019 04 05 11 50  29  5.4  6.4  0.68  3.57  3.95  28 1033.4   4.1   5.7  -5.3 99.0 99.00
2019 04 05 12 50  36  6.2  7.7  0.62  8.33  3.97 117 1033.0   4.0   5.7  -4.3 99.0 99.00
2019 04 05 13 50  47  6.8  8.0  0.66  8.33  3.74 145 1032.7   4.0   5.8  -6.4 99.0 99.00
2019 04 05 14 50  53  7.3  8.5  0.62  8.33  3.75 181 1032.7   3.9   5.8  -6.1 99.0 99.00
2019 04 05 15 50  81  5.4  6.4  0.57  3.70  3.71  58 1033.1   3.8   5.8  -5.7 99.0 99.00
2019 04 05 16 50  95  5.4  6.9  0.56  8.33  3.78 147 1032.7   4.0   5.9  -4.5 99.0 99.00
2019 04 05 17 50 117  5.0  6.6  0.54  8.33  3.60 151 1032.3   4.1   5.9  -4.0 99.0 99.00
2019 04 05 18 50 134  5.1  5.9  0.54  7.69  3.77 170 1031.5   4.1   5.9  -3.9 99.0 99.00
2019 04 05 19 50 133  5.2  7.0  0.59  8.33  3.80 159 1030.6   4.1   5.9  -2.8 99.0 99.00
2019 04 05 20 50 126  6.2  7.3  0.62  7.69  3.60 162 1029.9   3.9   5.9  -2.4 99.0 99.00
2019 04 05 21 50 127  6.8  8.0  0.65  3.03  3.55 125 1029.4   3.8   5.8  -0.9 99.0 99.00
2019 04 05 22 50 129  7.4  8.8  0.72  3.45  3.63 125 1028.8   3.8   5.8  -0.1 99.0 99.00
2019 04 05 23 50 114  7.6  8.9  0.75  3.70  3.74 126 1028.0   3.9   5.8   1.4 99.0 99.00
2019 04 06 00 50 125  6.6  7.6  0.83  4.17  3.77 129 1028.5   4.2   5.8   2.5 99.0 99.00
2019 04 06 01 50 124  9.2 11.0  0.89  4.35  3.81 140 1027.2   4.4   5.8   3.2 99.0 99.00
2019 04 06 02 50 131  9.1 11.5  0.96  4.35  3.84 140 1026.3   4.7   5.8   3.9 99.0 99.00
2019 04 06 03 50 137  9.4 11.1  1.09  4.35  3.90 128 1025.1   5.4   5.8   4.8 99.0 99.00
2019 04 06 04 50 142  9.7 11.6  1.20  4.55  3.99 131 1024.0   6.1   5.8   5.3 99.0 99.00
2019 04 06 05 50 146 11.1 13.0  1.38  4.76  4.20 143 1022.5   6.5   5.8   5.5 99.0 99.00
2019 04 06 06 50 149  9.6 11.5  1.43  5.00  4.48 131 1021.6   6.7   5.8   5.7 99.0 99.00
2019 04 06 07 50 163  7.9 10.8  1.27  5.00  4.25 134 1021.0   6.9   5.8   5.9 99.0 99.00
2019 04 06 08 50 166  5.3  8.3  1.41  5.26  4.37 145 1021.0   8.3   5.8   6.6 99.0 99.00
2019 04 06 09 50 186  4.6  5.3  1.17  5.00  4.27 126 1021.0   7.5   5.8   6.7 99.0 99.00
2019 04 06 10 50 186  3.1  3.8  1.16  5.00  4.48 116 1021.2   7.2   5.8   6.7 99.0 99.00
2019 04 06 11 50 286  1.7  2.6  1.07  4.55  4.70 112 1021.8   7.3   5.8   6.9 99.0 99.00
2019 04 06 12 50 325  0.9  1.5  1.14  7.69  5.09 161 1021.9   6.8   5.9   6.6 99.0 99.00
2019 04 06 13 50 350  3.1  4.1  1.44  7.69  5.86 161 1021.9   6.5   6.0   6.2 99.0 99.00
2019 04 06 14 50 325  4.0  4.9  1.42  8.33  5.96 161 1022.0   6.2   6.1   6.1 99.0 99.00
2019 04 06 15 50 330  2.6  3.4  1.48  8.33  6.24 161 1021.4   6.5   6.2   6.4 99.0 99.00
2019 04 06 16 50 273  2.3  3.3  1.54  8.33  6.42 167 1021.4   6.6   6.5   6.6 99.0 99.00
2019 04 06 17 50 217  3.9  4.9  1.33  9.09  6.19 170 1020.9   6.1   6.7   6.0 99.0 99.00
2019 04 06 18 50 247  3.8  4.8  1.47  8.33  6.21 171 1020.7   6.7   6.8   6.7 99.0 99.00
2019 04 06 19 50 228  3.8  4.4  1.49  8.33  6.45 163 1020.6   7.3   6.9   6.8 99.0 99.00
2019 04 06 20 50 249  4.0  4.7  1.44  8.33  6.43 176 1020.9   8.0   6.8   6.9 99.0 99.00
2019 04 06 21 50 251  4.4  5.0  1.47  9.09  6.50 167 1020.8   8.0   6.7   6.7 99.0 99.00
2019 04 06 22 50 251  3.9  4.7  1.42  8.33  6.50 152 1021.3   7.7   6.7   6.5 99.0 99.00
2019 04 06 23 50 257  4.4  4.9  1.48  9.09  6.73 134 1021.5   7.4   6.6   6.3 99.0 99.00
2019 04 07 00 50 247  2.7  3.4  1.58  9.09  6.77 136 1022.0   7.7   6.5   6.4 99.0 99.00
2019 04 07 01 50 233  2.7  3.9  1.33  9.09  6.32 130 1022.8   7.9   6.3   6.1 99.0 99.00
2019 04 07 02 50 264  3.4  4.6  1.21  8.33  6.32 146 1023.0   7.5   6.2   6.4 99.0 99.00
2019 04 07 03 50 248  4.4  5.2  1.34  8.33  6.73 130 1023.5   7.8   6.3   6.3 99.0 99.00
2019 04 07 04 50 272  3.8  4.4  1.32  7.69  6.72 150 1023.3   7.7   6.3   6.6 99.0 99.00
2019 04 07 05 50 286  3.5  4.3  1.26  8.33  6.78 134 1023.7   7.5   6.3   6.3 99.0 99.00
2019 04 07 06 50 296  2.3  2.9  1.18  8.33  6.62 141 1024.1   7.7   6.3   6.1 99.0 99.00
2019 04 07 07 50 320  2.7  3.1  1.15  8.33  6.72 147 1024.4   8.0   6.3   5.5 99.0 99.00
2019 04 07 08 50  25  3.4  4.1  1.07  7.69  6.59 161 1024.2   8.0   6.1   5.1 99.0 99.00
2019 04 07 09 50 343  1.8  2.6  1.00  7.69  6.53 153 1025.2   7.9   6.3   5.0 99.0 99.00
2019 04 07 10 50  74  2.8  3.2  0.97  7.69  6.65 178 1025.0   8.3   6.4   4.6 99.0 99.00
2019 04 07 11 50  74  1.3  1.6  0.96  8.33  6.67 177 1025.7   8.4   6.4   4.8 99.0 99.00
2019 04 07 12 50 116  1.3  1.7  0.75  7.69  6.20 178 1025.5   8.1   6.5   4.9 99.0 99.00
2019 04 07 13 50 169  1.1  1.5  0.90  7.14  6.61 159 1025.8   8.0   6.9   5.5 99.0 99.00
2019 04 07 14 50 178  2.4  2.7  0.76  7.69  6.38 155 1026.2   8.3   7.4   5.8 99.0 99.00
2019 04 07 15 50 166  1.5  1.9  0.78  7.14  6.33 147 1026.0   8.2   7.3   6.0 99.0 99.00
2019 04 07 16 50 195  1.8  2.2  0.79  8.33  6.56 169 1025.5   8.2   7.6   6.3 99.0 99.00
2019 04 07 17 50 194  2.4  2.9  0.75  7.14  6.43 137 1025.3   8.3   7.8   6.3 99.0 99.00
2019 04 07 18 50 187  2.6  3.3  0.79  6.67  6.39 149 1024.2   8.2   7.8   6.4 99.0 99.00
2019 04 07 19 50 183  3.0  3.4  0.73  7.69  6.19 161 1023.0   8.2   7.5   6.4 99.0 99.00
2019 04 07 20 50 190  3.2  3.7  0.77  6.67  6.26 147 1022.7   8.3   7.3   6.4 99.0 99.00
2019 04 07 21 50 191  3.3  3.7  0.67  7.14  6.19 159 1022.4   8.3   7.2   6.6 99.0 99.00
2019 04 07 22 50 186  3.4  3.7  0.61  7.14  6.16 144 1022.2   8.1   7.1   6.9 99.0 99.00
2019 04 07 23 50 178  3.6  4.2  0.63  7.69  6.25 150 1021.6   8.1   7.0   6.9 99.0 99.00
2019 04 08 00 50 190  4.2  4.6  0.59  7.14  6.15 132 1022.2   8.3   6.8   7.0 99.0 99.00
2019 04 08 01 50 179  4.0  4.6  0.63  7.69  6.34 147 1022.1   8.4   6.7   7.2 99.0 99.00
2019 04 08 02 50 193  4.6  5.4  0.64  8.33  5.78 140 1021.7   8.5   7.1   7.4 99.0 99.00
2019 04 08 03 50 182  4.7  5.4  0.62  7.69  5.40 145 1020.6   8.6   7.0   7.5 99.0 99.00
2019 04 08 04 50 178  5.2  5.9  0.65  7.69  5.35 159 1019.7   8.4   6.9   7.3 99.0 99.00
2019 04 08 05 50 167  5.8  6.6  0.63  7.69  5.10 133 1018.4   8.6   6.8   7.6 99.0 99.00
2019 04 08 06 50 169  6.1  6.9  0.77  7.69  4.86 150 1018.0   8.8   6.7   7.0 99.0 99.00
2019 04 08 07 50 175  6.4  7.5  0.74  7.69  4.57 159 1017.9   8.6   6.8   7.9 99.0 99.00
2019 04 08 08 50 169  6.5  7.5  0.75  7.69  4.39 162 1017.1   8.6   6.7   8.1 99.0 99.00
2019 04 08 09 50 156  7.0  7.8  0.78  7.14  4.50 146 1015.8   8.5   6.7   8.4 99.0 99.00
2019 04 08 10 50 145  6.9  8.4  0.86  7.69  4.28 165 1014.5   8.5   6.5   8.5 99.0 99.00
2019 04 08 11 50 165  8.2  9.6  0.92  7.14  4.11 161 1013.9   8.6   6.3   8.6 99.0 99.00
2019 04 08 12 50 178  9.5 11.1  1.11  3.70  4.05 167 1013.0   9.4   6.2   9.4 99.0 99.00
2019 04 08 14 50 193  6.4  7.4  1.18  4.76  4.32 164 1011.8   8.5   6.2   8.5 99.0 99.00
2019 04 08 15 50 210  5.1  6.0  1.03  4.76  4.31 144 1011.0   8.1   6.3   8.1 99.0 99.00
2019 04 08 16 50 213  5.6  6.5  1.03  5.00  4.51 122 1010.1   8.2   6.4   8.1 99.0 99.00
2019 04 08 17 50 225  4.6  5.2  1.01  5.00  4.58 125 1009.6   8.0   6.5   7.8 99.0 99.00
2019 04 08 18 50 212  4.1  4.9  0.99  5.26  4.58 141 1008.5   8.0   6.9   7.8 99.0 99.00
2019 04 08 19 50 215  4.0  4.6  1.07  4.76  4.73 164 1007.9   8.3   7.1   8.1 99.0 99.00
2019 04 08 20 50 198  2.7  3.2  1.05  5.26  4.87 142 1007.5   8.4   6.9   8.1 99.0 99.00
2019 04 08 21 50 130  1.4  2.6  1.04  5.56  4.89 168 1007.1   8.1   7.0   7.8 99.0 99.00
2019 04 08 22 50  93  2.4  2.9  1.19  5.56  5.27 195 1007.0   8.0   7.0   7.8 99.0 99.00
2019 04 08 23 50  83  2.6  2.9  1.23  6.67  5.51 185 1007.4   7.3   7.1   7.2 99.0 99.00
2019 04 09 00 50 142  3.2  3.6  1.32  6.67  5.45 200 1007.5   7.7   6.8   7.7 99.0 99.00
2019 04 09 01 50  52  6.6  8.3  1.28  6.67  5.52 191 1008.2   7.3   6.6   7.3 99.0 99.00
2019 04 09 02 50  59  7.5  9.3  1.31  7.14  5.21 189 1008.0   6.4   6.7   6.4 99.0 99.00
2019 04 09 03 50  49  7.8  9.2  1.29  6.25  4.64 201 1008.3   6.0   6.6   6.0 99.0 99.00
2019 04 09 04 50  77  5.8  6.8  1.39  7.14  4.84 187 1008.6   6.1   6.6   6.1 99.0 99.00
2019 04 09 05 50  74  5.5  6.8  1.33  7.14  5.02 188 1008.0   6.1   6.5   6.1 99.0 99.00
2019 04 09 06 50  52  7.1  8.5  1.24  6.25  5.00 189 1007.4   6.0   6.4   6.0 99.0 99.00
2019 04 09 07 50  79  4.6  5.8  1.27  6.25  5.09 185 1007.5   6.0   6.3   6.0 99.0 99.00
2019 04 09 08 50  56  5.9  7.0  1.22  7.69  5.35 172 1006.9   5.8   6.3   5.8 99.0 99.00
2019 04 09 09 50  43  7.7  8.9  1.31  6.67  5.13 175 1006.6   5.7   6.3   5.7 99.0 99.00
2019 04 09 10 50  56  8.2  9.6  1.19  7.14  4.54 173 1007.1   5.4   6.4   5.4 99.0 99.00
2019 04 09 11 50  81  8.8 10.5  1.32  6.67  4.65 192 1007.8   4.9   6.4   4.9 99.0 99.00
2019 04 09 12 50  96  8.8 10.7  1.45  6.25  4.52 208 1007.5   4.6   6.4   4.6 99.0 99.00
2019 04 09 13 50  87  7.9  9.5  1.39  6.25  4.58 187 1007.9   4.8   6.4   4.7 99.0 99.00
2019 04 09 14 50  68  8.3 10.1  1.41  4.76  4.51  78 1008.0   4.7   6.4   4.4 99.0 99.00
2019 04 09 15 50  81  8.4  9.9  1.48  5.00  4.67  86 1006.6   5.0   6.4   4.4 99.0 99.00
2019 04 09 16 50  81  7.8  9.0  1.50  5.00  4.76  77 1005.8   5.1   6.5   4.4 99.0 99.00
2019 04 09 17 50  87  7.7  9.1  1.54  5.88  4.82 120 1005.1   5.6   6.5   4.5 99.0 99.00
2019 04 09 18 50 102  7.4  8.9  1.50  5.26  4.83  90 1004.2   5.9   6.5   4.9 99.0 99.00
2019 04 09 19 50 111  6.7  8.3  1.39  5.00  4.65  95 1002.9   5.6   6.5   4.9 99.0 99.00
2019 04 09 20 50 120  6.5  7.4  1.43  5.00  4.76  93 1001.9   5.5   6.4   4.9 99.0 99.00
2019 04 09 21 50 132  6.9  8.0  1.27  6.67  4.60 188 1001.1   5.5   6.4   5.3 99.0 99.00
2019 04 09 22 50 130  3.8  4.7  1.25  7.14  4.60 164 1001.4   5.7   6.3   5.7 99.0 99.00
2019 04 09 23 50 340  3.8  4.7  1.21  5.00  4.58  81 1002.7   5.9   6.2   5.9 99.0 99.00
2019 04 10 00 50  31  8.6 10.2  1.19  7.14  4.64 161 1003.6   5.7   6.2   5.7 99.0 99.00
2019 04 10 01 50  52  7.9  9.4  1.17  4.76  4.26  94 1003.5   5.9   6.2   5.5 99.0 99.00
2019 04 10 02 50  52  6.4  8.0  1.23  7.14  4.42 143 1004.2   5.8   6.2   5.2 99.0 99.00
2019 04 10 03 50  57  4.3  5.5  1.18  7.14  4.62 160 1004.8   5.8   6.2   5.0 99.0 99.00
2019 04 10 04 50  22  4.5  6.2  1.11  5.00  4.50  93 1005.4   5.9   6.1   5.3 99.0 99.00
2019 04 10 05 50 345  4.3  5.6  1.04  5.00  4.45  80 1006.5   5.2   6.1   4.8 99.0 99.00
2019 04 10 06 50  71  1.0  1.8  0.98  6.25  4.49 135 1006.0   4.7   6.2   4.6 99.0 99.00
2019 04 10 07 50 237  2.3  3.5  0.85  5.88  4.53 130 1006.1   4.4   6.1   4.4 99.0 99.00
2019 04 10 08 50 245  4.8  6.9  0.91  6.67  4.72 159 1006.0   4.6   6.0   4.6 99.0 99.00
2019 04 10 09 50 246  6.8  7.9  0.93  7.69  4.84 107 1006.3   5.0   6.1   5.0 99.0 99.00
2019 04 10 10 50 238  5.1  5.8  0.85  6.67  4.41 140 1007.1   6.0   6.2   6.0 99.0 99.00
2019 04 10 11 50 255  4.6  5.6  0.80  7.14  4.62 133 1008.0   6.8   6.3   6.4 99.0 99.00
2019 04 10 12 50 255  4.2  5.2  0.78  7.69  4.85 142 1008.4   7.1   6.3   5.1 99.0 99.00
2019 04 10 13 50 251  1.6  2.2  0.81  7.69  4.80 116 1008.7   7.1   6.4   4.7 99.0 99.00
2019 04 10 14 50 300  3.2  4.2  0.76  7.14  4.81 111 1008.8   7.4   6.7   4.2 99.0 99.00
2019 04 10 15 50 347  1.5  2.1  0.72  7.14  5.04 110 1009.2   7.2   6.8   4.6 99.0 99.00
2019 04 10 16 50 270  1.9  3.0  0.70  5.26  4.92 122 1009.2   8.1   7.2   4.3 99.0 99.00
2019 04 10 17 50 311  3.7  4.8  0.73  9.09  4.76 154 1009.9   8.3   7.1   3.7 99.0 99.00
2019 04 10 18 50 311  4.9  5.9  0.76  8.33  4.38 124 1009.9   8.5   6.9   2.9 99.0 99.00
2019 04 10 19 50 315  4.8  5.7  0.78  9.09  4.35 103 1010.2   8.7   6.8   2.4 99.0 99.00
2019 04 10 20 50  26  1.8  2.5  0.76  9.09  4.17  89 1010.9   8.3   6.8   4.2 99.0 99.00
2019 04 10 21 50  30  2.6  3.7  0.70  9.09  4.29 165 1012.0   8.3   7.2   2.7 99.0 99.00
2019 04 10 22 50 102  2.2  2.9  0.63  8.33  4.48 132 1012.6   7.4   6.9   4.2 99.0 99.00
2019 04 10 23 50 104  2.5  3.0  0.62  8.33  4.76 141 1013.8   7.2   6.9   3.9 99.0 99.00
2019 04 11 00 50  56  1.0  1.5  0.61  8.33  4.61 130 1015.4   7.3   6.7   3.5 99.0 99.00
2019 04 11 01 50  37  1.3  1.6  0.63  7.69  4.96 137 1016.3   7.4   6.5   3.6 99.0 99.00
2019 04 11 02 50 328  3.0  3.5  0.57  9.09  4.85  61 1016.6   7.2   6.6   2.4 99.0 99.00
2019 04 11 03 50 341  5.1  6.0  0.62  7.14  4.19  89 1017.9   7.1   6.5   1.2 99.0 99.00
2019 04 11 04 50  43  6.9  8.3  0.65  9.09  4.35  98 1018.8   6.3   6.4   1.4 99.0 99.00
2019 04 11 05 50  44  8.2  9.6  0.76  8.33  4.10 104 1019.2   5.3   6.3  -0.3 99.0 99.00
2019 04 11 06 50  44  7.3  8.7  0.92  3.85  3.99  41 1019.7   4.5   6.0  -0.8 99.0 99.00
2019 04 11 07 50  23  6.7  8.4  1.04  4.55  4.06  57 1020.4   4.2   6.1  -3.2 99.0 99.00
2019 04 11 08 50   5  6.8  8.0  0.99  9.09  4.24 104 1020.7   4.1   6.1  -4.0 99.0 99.00
2019 04 11 09 50   6  5.3  7.2  0.91  4.35  4.13  41 1021.8   4.0   6.1  -4.7 99.0 99.00
2019 04 11 10 50   3  4.7  6.0  0.86  9.09  4.31  95 1023.0   4.2   6.0  -4.8 99.0 99.00
2019 04 11 11 50 348  4.4  5.5  0.81  4.76  4.25  65 1023.8   4.4   6.0  -4.7 99.0 99.00
2019 04 11 12 50 333  3.9  5.0  0.70  8.33  4.12  99 1024.5   4.3   6.3  -4.5 99.0 99.00
2019 04 11 13 50 339  4.1  5.3  0.70  8.33  4.08 116 1024.9   4.5   6.4  -4.2 99.0 99.00
2019 04 11 14 50 339  3.7  4.9  0.61  8.33  4.29  94 1024.9   4.5   6.5  -4.5 99.0 99.00
2019 04 11 15 50  10  1.8  2.7  0.55  7.69  4.24 101 1024.9   4.5   6.6  -5.0 99.0 99.00
2019 04 11 16 50 316  0.8  1.2  0.51  7.69  4.14 116 1024.9   5.1   7.1  -4.6 99.0 99.00
2019 04 11 17 50 209  0.4  1.1  0.50  7.69  4.81  96 1024.7   5.2   7.3  -4.9 99.0 99.00
2019 04 11 18 50 192  3.4  4.2  0.47  8.33  5.05  98 1024.9   5.0   7.3  -3.5 99.0 99.00
2019 04 11 19 50 200  4.1  5.0  0.46  7.69  5.56  86 1024.8   5.1   7.1  -2.6 99.0 99.00
2019 04 11 20 50 208  5.1  6.4  0.39  8.33  5.65  81 1024.8   5.3   6.9  -1.8 99.0 99.00
2019 04 11 21 50 210  5.0  5.7  0.41  7.69  5.06 136 1025.5   5.6   6.7  -1.5 99.0 99.00
2019 04 11 22 50 222  3.7  4.5  0.42  8.33  4.45 110 1025.7   5.7   6.5  -0.2 99.0 99.00
2019 04 11 23 50 205  4.1  4.6  0.41  8.33  4.95  75 1025.6   5.8   6.5   0.0 99.0 99.00
2019 04 12 00 50 198  4.5  5.0  0.39  8.33  4.75 123 1026.5   5.8   6.5   0.1 99.0 99.00
2019 04 12 01 50 190  3.9  4.6  0.37  7.69  4.46 191 1026.4   5.8   6.5   0.6 99.0 99.00
2019 04 12 02 50 181  1.9  2.4  0.37  7.69  4.72  73 1026.9   5.9   6.7  -0.3 99.0 99.00
2019 04 12 03 50 182  2.2  2.8  0.36  8.33  5.08  77 1026.5   5.9   6.6   0.2 99.0 99.00
2019 04 12 04 50 153  2.1  2.4  0.34  7.69  4.51 133 1026.9   6.1   6.5   1.1 99.0 99.00
2019 04 12 05 50 143  3.1  3.7  0.37  7.14  5.94 134 1026.8   6.2   6.4   1.7 99.0 99.00
2019 04 12 06 50 136  5.2  6.0  0.32  6.67  5.44 139 1026.4   6.2   6.3   1.8 99.0 99.00
2019 04 12 07 50 133  6.0  7.2  0.41  7.69  4.26 143 1026.3   6.3   6.4   2.7 99.0 99.00
2019 04 12 08 50 133  5.8  7.4  0.46  7.14  3.66 140 1026.2   6.5   6.4   2.8 99.0 99.00
2019 04 12 09 50 135  6.7  8.3  0.55  3.03  3.39 150 1026.2   6.6   6.5   3.5 99.0 99.00
2019 04 12 10 50 130  7.4  9.2  0.62  3.33  3.36 141 1026.1   6.8   6.5   3.8 99.0 99.00
2019 04 12 11 50 126  7.6  9.2  0.72  3.70  3.47 151 1026.5   7.2   6.5   3.2 99.0 99.00
2019 04 12 12 50 129  8.0  9.4  0.80  3.57  3.52 155 1026.5   7.4   6.5   3.5 99.0 99.00
2019 04 12 13 50 129  8.6  9.8  0.87  3.85  3.62 147 1026.6   7.5   6.5   4.1 99.0 99.00
2019 04 12 14 50 133  8.5 10.1  0.93  3.70  3.66 144 1026.5   7.6   6.5   4.4 99.0 99.00
2019 04 12 15 50 142  8.9 10.6  1.04  4.35  3.74 157 1025.9   7.7   6.5   5.1 99.0 99.00
2019 04 12 16 50 147  9.0 10.7  1.05  4.00  3.81 149 1025.5   7.8   6.4   6.1 99.0 99.00
2019 04 12 17 50 153  8.4 10.1  1.08  4.55  3.89 169 1025.1   8.0   6.5   7.1 99.0 99.00
2019 04 12 18 50 156  7.5  8.5  1.03  4.76  4.01 176 1024.3   8.0   6.5   7.3 99.0 99.00
2019 04 12 19 50 160  7.9  8.9  1.02  5.26  3.97 170 1023.3   8.8   6.6   8.1 99.0 99.00
2019 04 12 20 50 163  6.2  6.9  1.01  5.88  4.29 172 1023.2   8.8   6.6   8.4 99.0 99.00
2019 04 12 21 50 169  5.7  6.4  0.92  5.56  4.15 166 1023.2   8.8   6.6   8.7 99.0 99.00
2019 04 12 22 50 174  5.6  6.2  1.01  6.25  4.57 172 1022.8   9.1   6.6   9.1 99.0 99.00
2019 04 12 23 50 184  4.9  5.7  0.95  5.88  4.53 168 1022.9   8.9   6.6   8.9 99.0 99.00
2019 04 13 00 50 197  6.1  7.0  1.02  6.67  4.75 157 1022.7   9.8   6.6   9.8 99.0 99.00
2019 04 13 01 50 191  7.3  8.5  1.03  5.88  4.62 163 1022.0  10.1   6.6   9.7 99.0 99.00
2019 04 13 02 50 197  8.2  9.3  1.07  5.88  4.49 157 1021.7  10.2   6.6   9.7 99.0 99.00
2019 04 13 03 50 200  6.5  7.5  1.05  5.88  4.38 162 1021.9   9.7   6.6   9.4 99.0 99.00
2019 04 13 04 50 206  5.6  6.3  1.21  6.25  4.64 158 1022.3   9.5   6.5   9.2 99.0 99.00
2019 04 13 05 50 191  6.9  7.7  1.17  6.67  4.74 152 1021.1   9.5   6.4   9.2 99.0 99.00
2019 04 13 06 50 191  7.2  8.2  1.37  6.67  5.02 157 1020.1  10.2   6.5   9.8 99.0 99.00
2019 04 13 07 50 184  6.6  7.4  1.59  7.14  5.33 174 1019.8   9.7   6.6   9.4 99.0 99.00
2019 04 13 08 50 184  7.7  9.0  1.64  7.69  5.56 176 1019.3   9.9   6.6   9.7 99.0 99.00
2019 04 13 09 50 191  7.2  8.2  1.69  7.69  5.39 182 1019.5   9.9   6.6   9.7 99.0 99.00
2019 04 13 10 50 197  8.6 10.2  1.69  7.69  5.45 175 1019.5  10.1   6.6   9.9 99.0 99.00
2019 04 13 11 50 197  7.8  8.9  1.77  7.69  5.51 190 1019.7   9.8   6.6   9.7 99.0 99.00
2019 04 13 12 50 216  6.4  7.9  1.86  7.69  5.71 174 1020.5   9.0   6.5   8.9 99.0 99.00
2019 04 13 13 50 210  7.7  9.1  1.78  7.69  5.89 180 1020.3   9.5   6.6   9.5 99.0 99.00
2019 04 13 14 50 203  7.3  8.6  2.02  8.33  6.12 175 1019.8   9.3   6.6   9.3 99.0 99.00
2019 04 13 15 50 202  6.3  7.5  1.97  8.33  6.19 179 1019.2   8.9   6.5   8.9 99.0 99.00
2019 04 13 16 50 205  5.9  6.9  2.00  8.33  6.08 174 1019.2   8.7   6.4   8.7 99.0 99.00
2019 04 13 17 50 212  5.4  6.3  1.89  9.09  6.20 166 1018.7   8.5   6.4   8.5 99.0 99.00
2019 04 13 18 50 212  4.9  5.9  2.02  8.33  6.49 173 1018.3   8.2   6.8   8.2 99.0 99.00
2019 04 13 19 50 217  5.3  6.2  1.95  8.33  6.42 177 1017.4   8.6   6.9   8.6 99.0 99.00
2019 04 13 20 50 221  4.3  5.0  1.79  8.33  6.31 165 1017.4   8.5   6.9   8.5 99.0 99.00
2019 04 13 21 50 213  4.4  5.3  1.87  9.09  6.47 164 1017.5   8.5   7.0   8.5 99.0 99.00
2019 04 13 22 50 208  4.9  5.5  1.99  8.33  6.72 173 1017.1   8.4   7.0   8.4 99.0 99.00
2019 04 13 23 50 206  6.1  7.1  1.98  8.33  6.48 177 1016.6   8.3   7.0   8.3 99.0 99.00
2019 04 14 00 50 211  4.2  5.0  1.74  8.33  5.98 173 1017.0   8.0   7.0   8.0 99.0 99.00
2019 04 14 01 50 205  4.9  6.0  1.79  8.33  6.07 175 1016.8   8.0   7.0   8.0 99.0 99.00
2019 04 14 02 50 218  5.2  6.1  1.69  8.33  5.80 173 1016.5   8.4   7.0   8.4 99.0 99.00
2019 04 14 03 50 214  5.8  6.8  1.70  7.69  5.83 178 1015.9   8.7   7.0   8.7 99.0 99.00
2019 04 14 04 50 215  3.7  4.4  1.67  7.69  5.74 163 1016.5   7.9   7.0   7.9 99.0 99.00
2019 04 14 05 50 238  3.1  4.2  1.62  8.33  5.86 155 1016.4   7.6   7.0   7.6 99.0 99.00
2019 04 14 06 50 229  2.7  3.2  1.55  8.33  5.62 143 1015.3   7.6   6.9   7.6 99.0 99.00
2019 04 14 07 50 193  4.3  5.3  1.45  8.33  5.69 124 1015.0   7.3   6.6   7.3 99.0 99.00
2019 04 14 08 50 194  3.7  4.4  1.32  8.33  5.67 132 1015.5   7.5   6.3   7.5 99.0 99.00
2019 04 14 09 50 218  4.3  4.9  1.31  8.33  5.80 134 1015.7   8.0   6.3   8.0 99.0 99.00
2019 04 14 10 50 208  3.5  3.9  1.36  8.33  6.05 137 1015.8   8.2   6.3   8.2 99.0 99.00
2019 04 14 11 50 252  1.7  2.0  1.14  7.69  5.69 133 1015.9   8.0   6.3   8.0 99.0 99.00
2019 04 14 12 50 197  2.3  6.0  1.23  7.69  5.90 150 1015.2   7.9   6.8   7.9 99.0 99.00
2019 04 14 13 50 186  0.6  1.4  1.09  7.69  5.90 174 1015.0   7.9   7.2   7.9 99.0 99.00
2019 04 14 14 50 165  1.3  2.3  1.07  7.69  5.75 186 1014.7   8.4   7.6   8.4 99.0 99.00
2019 04 14 15 50  75  0.2  0.5  1.07  7.69  5.87 164 1014.4   8.5   7.7   8.5 99.0 99.00
2019 04 14 16 50  63  2.0  2.4  1.17  6.67  5.74 154 1013.2   8.8   8.1   8.8 99.0 99.00
2019 04 14 17 50 114  2.1  2.4  1.14  7.69  5.73 176 1012.6   8.8   8.3   8.8 99.0 99.00
2019 04 14 18 50 114  3.5  4.0  1.14  7.69  5.73 164 1011.4   8.8   8.1   8.8 99.0 99.00
2019 04 14 19 50 124  2.2  3.2  1.15  7.14  5.54 163 1010.4   8.6   7.3   8.6 99.0 99.00
2019 04 14 20 50 134  1.0  2.4  1.09  7.69  5.68 122 1009.7   9.7   7.8   9.7 99.0 99.00
2019 04 14 21 50 196  1.9  2.3  1.10  6.67  5.49 164 1008.8  10.1   7.6  10.1 99.0 99.00
2019 04 14 22 50 189  3.4  4.0  1.13  7.14  5.55 164 1008.2  10.0   7.4  10.0 99.0 99.00
2019 04 14 23 50 182  3.7  4.2  1.13  7.14  5.61 176 1007.3   9.9   7.3   9.9 99.0 99.00
2019 04 15 00 50 171  4.5  4.9  1.06  7.14  5.67 169 1006.7  10.0   7.3  10.0 99.0 99.00
2019 04 15 01 50 180  6.9  8.1  1.06  7.69  5.66 171 1005.6  11.2   7.2  11.2 99.0 99.00
2019 04 15 02 50 188  7.7  8.8  0.99  6.67  4.99 179 1004.8  11.4   7.2  11.4 99.0 99.00
2019 04 15 03 50 189  7.8  9.2  1.15  6.67  4.99 177 1003.2  11.2   7.2  11.2 99.0 99.00
2019 04 15 04 50 192  9.6 11.4  1.17  7.14  4.71 176 1001.6  11.8   7.2  11.8 99.0 99.00
2019 04 15 05 50 194 10.7 13.0  1.39  7.69  4.41 176 1000.0  12.2   7.0  12.2 99.0 99.00
2019 04 15 06 50 198 12.0 13.7  1.57  5.00  4.41 194  998.3  12.4   7.0  12.4 99.0 99.00
2019 04 15 07 50 198 11.4 13.6  1.79  4.76  4.64 193  997.4  11.8   7.0  11.8 99.0 99.00
2019 04 15 08 50 197 12.7 14.7  1.84  5.56  4.74 201  995.8  12.3   7.0  12.3 99.0 99.00
2019 04 15 09 50 193 13.1 15.4  2.01  6.67  4.98 181  994.7  13.1   7.1  13.1 99.0 99.00
2019 04 15 10 50 211 13.4 16.9  2.18  7.14  5.14 168  995.0  13.1   7.0  13.1 99.0 99.00
2019 04 15 11 50 204  6.0  7.4  2.28  6.67  5.45 169  996.2  10.0   7.2  10.0 99.0 99.00
2019 04 15 12 50 248  1.9  5.2  2.28  7.14  5.82 169  994.3  10.8   7.4  10.8 99.0 99.00
2019 04 15 13 50 229  5.2  6.4  2.50  7.69  6.35 172  994.6   8.7   7.4   8.7 99.0 99.00
2019 04 15 14 50 205  5.5  7.5  2.54  8.33  6.53 164  994.7   9.6   7.3   9.6 99.0 99.00
2019 04 15 15 50 201  5.7  7.1  2.59  9.09  6.74 164  993.4  10.0   7.3  10.0 99.0 99.00
2019 04 15 16 50 200  6.3  7.9  2.61  9.09  6.91 174  992.4  10.5   7.4  10.5 99.0 99.00
2019 04 15 17 50 225 13.0 17.5  2.40  9.09  6.65 169  992.8   9.5   7.4   9.5 99.0 99.00
2019 04 15 18 50 251  9.0 11.5  2.52  9.09  6.31 150  993.2   9.3   7.4   9.0 99.0 99.00
2019 04 15 19 50 242 11.5 14.0  2.46  8.33  6.26 163  993.7   9.8   7.5   7.5 99.0 99.00
2019 04 15 20 50 259 11.6 13.8  2.64  9.09  5.91 154  995.1   9.7   7.4   5.4 99.0 99.00
2019 04 15 21 50 266 10.4 12.6  2.92  9.09  6.23 150  996.9  10.1   7.4   5.3 99.0 99.00
2019 04 15 22 50 264 12.6 15.3  2.92  9.09  6.14 153  998.7   9.9   7.3   3.4 99.0 99.00
2019 04 15 23 50 268 12.4 16.6  3.05  8.33  6.06 165 1000.6   9.2   7.2   3.2 99.0 99.00
2019 04 16 00 50 273 13.3 17.1  3.01 10.00  5.97 163 1002.3   8.8   7.2   2.3 99.0 99.00
2019 04 16 01 50 277 14.2 17.8  2.76  6.67  5.86 225 1003.9   8.1   7.1   1.8 99.0 99.00
2019 04 16 02 50 269 13.7 16.6  2.77  9.09  5.97 167 1005.4   7.6   7.0   1.9 99.0 99.00
2019 04 16 03 50 263 12.0 14.7  2.79  7.14  6.05 217 1006.7   7.5   7.0   2.1 99.0 99.00
2019 04 16 04 50 269 12.4 15.1  2.52  8.33  6.03 178 1007.7   7.5   7.0   2.0 99.0 99.00
2019 04 16 05 50 272 11.9 13.9  2.41  9.09  5.81 169 1008.4   7.5   7.0   1.8 99.0 99.00
2019 04 16 06 50 270 12.5 15.5  2.47  8.33  5.96 176 1009.0   7.4   7.0   0.0 99.0 99.00
2019 04 16 08 50 261 12.4 15.5  2.21  6.25  5.50 235 1010.4   6.9   6.9  -0.1 99.0 99.00
2019 04 16 09 50 261 12.5 15.0  2.10  7.14  5.31 220 1011.3   6.8   6.9  -0.2 99.0 99.00
2019 04 16 10 50 261 12.6 15.2  2.21  6.25  5.25 232 1012.6   7.0   6.8  -0.2 99.0 99.00
2019 04 16 11 50 262 12.7 14.9  2.03  6.67  5.02 234 1013.5   6.9   6.8  -0.8 99.0 99.00
2019 04 16 12 50 268 10.4 12.4  1.79  6.25  4.94 230 1014.7   7.0   6.8  -1.0 99.0 99.00
2019 04 16 13 50 263  9.7 12.0  1.74  5.56  4.95 239 1014.8   7.2   6.8  -0.2 99.0 99.00
2019 04 16 14 50 253  9.4 11.1  1.66  6.25  5.07 227 1015.0   7.4   6.9   0.2 99.0 99.00
2019 04 16 15 50 253  7.7  9.2  1.60  5.88  4.99 233 1015.1   7.9   6.9   0.7 99.0 99.00
2019 04 16 16 50 247  7.2  8.2  1.50  6.25  5.04 230 1014.7   8.3   7.0   1.8 99.0 99.00
2019 04 16 17 50 240  5.1  6.3  1.52  5.88  5.11 226 1014.5   8.5   7.1   3.4 99.0 99.00
2019 04 16 18 50 239  7.4  8.6  1.50  6.25  5.08 216 1013.8   8.9   7.1   3.1 99.0 99.00
2019 04 16 19 50 250  7.7  9.3  1.43  5.88  4.96 230 1013.2   9.6   7.2   2.6 99.0 99.00
2019 04 16 20 50 236  8.6  9.8  1.43  6.25  4.68 229 1013.1   8.9   7.2   4.2 99.0 99.00
2019 04 16 21 50 231  7.1  8.2  1.29  5.88  4.52 229 1013.5   9.4   7.2   4.0 99.0 99.00
2019 04 16 22 50 230  8.3  9.5  1.28  5.88  4.40 224 1013.6   8.7   7.2   4.6 99.0 99.00
2019 04 16 23 50 230  7.0  8.1  1.11  5.88  4.37 207 1014.0   8.6   7.1   5.4 99.0 99.00
2019 04 17 00 50 226  6.2  7.2  1.03  5.00  4.21 210 1015.0   8.6   7.1   5.6 99.0 99.00
2019 04 17 01 50 248  5.1  5.9  0.99  5.56  4.33 214 1015.3   8.7   7.1   5.7 99.0 99.00
2019 04 17 02 50 276  3.0  3.6  0.89  5.88  4.48 202 1016.4   8.5   7.1   5.6 99.0 99.00
2019 04 17 03 50 292  2.5  2.9  0.84  5.00  4.53 191 1017.2   8.7   7.1   4.8 99.0 99.00
2019 04 17 04 50 318  7.2 10.8  0.78 10.00  4.73 174 1018.1  10.2   7.1   0.1 99.0 99.00
2019 04 17 05 50 283  4.0  4.5  0.77 10.00  4.05 152 1018.8   9.8   7.1   2.4 99.0 99.00
2019 04 17 06 50 328  3.1  4.6  0.84 10.00  4.54 160 1018.5   8.8   7.1   3.4 99.0 99.00
2019 04 17 07 50 313  5.4  7.1  0.80  5.26  4.17 182 1018.4   9.2   7.1  -0.2 99.0 99.00
2019 04 17 08 50 319  3.2  3.9  0.85  9.09  4.74 160 1018.3   8.5   7.1   2.9 99.0 99.00
2019 04 17 09 50   2  4.2  4.8  0.81  4.76  4.57 203 1018.6   8.2   7.1   3.3 99.0 99.00
2019 04 17 10 50  46  3.0  3.5  0.80  4.35  4.80 218 1019.5   7.9   7.1   4.3 99.0 99.00
2019 04 17 11 50  90  1.7  2.1  0.75  9.09  5.03 165 1020.7   8.0   7.1   5.1 99.0 99.00
2019 04 17 12 50 341  0.3  0.7  0.75  6.67  5.29 187 1021.5   8.3   7.3   5.2 99.0 99.00
2019 04 17 13 50 338  0.3  0.7  0.81  6.67  5.46 172 1022.0   8.1   7.7   5.0 99.0 99.00
2019 04 17 14 50 999 99.0 99.0  0.75  6.25  5.58 180 1022.0   9.2   8.3   2.9 99.0 99.00
2019 04 17 15 50 193  1.3  1.6  0.68  6.67  5.38 190 1022.2   8.8   8.9   3.0 99.0 99.00
2019 04 17 16 50 197  1.1  1.4  0.67  5.88  5.39 186 1022.4   9.1   9.2   2.4 99.0 99.00
2019 04 17 17 50 189  2.0  2.6  0.67  9.09  5.68 187 1022.2   9.4   9.1   3.2 99.0 99.00
2019 04 17 18 50 208  2.9  3.4  0.61  6.67  5.45 192 1022.4   9.0   8.9   4.2 99.0 99.00
2019 04 17 19 50 205  2.8  3.3  0.60  5.88  5.42 187 1022.1   8.9   8.9   4.9 99.0 99.00
2019 04 17 20 50 200  2.6  3.1  0.58  9.09  5.40 205 1022.2   8.9   8.5   5.4 99.0 99.00
2019 04 17 21 50 185  2.9  3.4  0.56  8.33  5.26 188 1022.4   8.7   8.4   5.1 99.0 99.00
2019 04 17 22 50 177  3.6  4.4  0.58  5.88  5.26 187 1022.7   8.5   8.4   5.2 99.0 99.00
2019 04 17 23 50 177  4.4  5.4  0.54  5.88  5.27 193 1023.1   8.2   8.2   5.1 99.0 99.00
2019 04 18 00 50 176  5.8  6.8  0.54  5.88  4.50 190 1023.7   8.1   8.1   4.8 99.0 99.00
2019 04 18 01 50 178  5.6  6.6  0.58  5.88  4.20 194 1024.5   7.9   7.9   4.3 99.0 99.00
2019 04 18 02 50 171  4.3  5.3  0.56  8.33  4.11 196 1024.7   7.9   7.8   4.4 99.0 99.00
2019 04 18 03 50 149  3.7  4.3  0.55  8.33  4.04 189 1024.9   7.8   7.8   4.8 99.0 99.00
2019 04 18 04 50 145  3.7  4.6  0.58  5.56  4.33 196 1025.0   7.8   7.8   5.1 99.0 99.00
2019 04 18 05 50 139  4.9  6.0  0.54  5.56  4.45 191 1024.2   7.9   7.6   4.6 99.0 99.00
2019 04 18 06 50 146  5.5  6.5  0.59  5.26  4.03 180 1023.7   7.9   7.5   4.8 99.0 99.00
2019 04 18 07 50 137  5.3  6.1  0.62  7.69  3.93 198 1023.6   7.9   7.5   4.9 99.0 99.00
2019 04 18 08 50 132  6.0  7.0  0.61  5.26  3.81 181 1023.4   7.9   7.5   4.4 99.0 99.00
2019 04 18 09 50 130  6.5  7.5  0.64  3.13  3.58 151 1023.5   7.8   7.6   4.6 99.0 99.00
2019 04 18 10 50 134  7.9  9.2  0.71  3.23  3.43 138 1023.1   7.8   7.5   4.7 99.0 99.00
2019 04 18 11 50 134  8.1  9.8  0.85  3.57  3.57 146 1023.4   7.9   7.4   5.0 99.0 99.00
2019 04 18 12 50 138  8.4 10.0  0.97  3.85  3.83 141 1022.9   7.9   7.4   5.4 99.0 99.00
2019 04 18 13 50 133  9.7 11.8  1.05  4.00  3.93 142 1022.2   8.1   7.4   5.5 99.0 99.00
2019 04 18 14 50 140 10.1 12.2  1.24  4.76  4.11 151 1021.6   8.3   7.3   5.9 99.0 99.00
2019 04 18 15 50 145 11.2 14.2  1.29  5.00  4.23 162 1020.8   9.2   7.3   6.2 99.0 99.00
2019 04 18 16 50 146 11.6 13.7  1.66  5.88  4.57 174 1020.3   9.4   7.3   5.9 99.0 99.00
2019 04 18 17 50 140 10.0 11.5  1.76  5.88  4.78 163 1019.7   9.3   7.3   6.4 99.0 99.00
2019 04 18 18 50 141  8.6 11.1  1.93  6.67  5.00 172 1019.1   9.3   7.4   7.0 99.0 99.00
2019 04 18 19 50 146  8.9 10.6  1.86  6.67  5.03 168 1017.7   9.3   7.4   8.0 99.0 99.00
2019 04 18 20 50 152 10.3 14.4  1.93  7.14  5.13 165 1016.4   9.6   7.4   8.8 99.0 99.00
2019 04 18 21 50 158  9.0 10.5  2.06  7.69  5.19 162 1015.6   9.7   7.4   9.4 99.0 99.00
2019 04 18 22 50 168  9.2 10.8  2.27  8.33  5.87 159 1014.6  10.5   7.4  10.5 99.0 99.00
2019 04 18 23 50 175  9.5 10.9  2.32  8.33  6.08 159 1014.1  10.9   7.4  10.9 99.0 99.00
2019 04 19 00 50 184  8.3 10.0  2.29  8.33  5.97 161 1014.8  10.9   7.4  10.9 99.0 99.00
2019 04 19 01 50 185  8.5  9.9  2.15  8.33  5.77 151 1014.4  10.8   7.4  10.8 99.0 99.00
2019 04 19 02 50 188  8.6 10.1  2.09  7.69  5.68 157 1013.9  10.8   7.4  10.8 99.0 99.00
2019 04 19 03 50 193  7.8  8.9  2.05  8.33  5.59 145 1014.2  10.8   7.4  10.8 99.0 99.00
2019 04 19 04 50 196  8.6  9.9  2.01  8.33  5.82 146 1013.8  10.8   7.4  10.8 99.0 99.00
2019 04 19 05 50 197 10.6 12.3  2.09  7.69  5.65 159 1012.8  11.3   7.4  11.3 99.0 99.00
2019 04 19 06 50 199  9.6 11.6  2.14  8.33  5.55 158 1012.6  11.1   7.4  11.1 99.0 99.00
2019 04 19 07 50 198  8.6 10.4  2.07  7.69  5.58 142 1012.5  10.6   7.5  10.6 99.0 99.00
2019 04 19 08 50 199  9.6 11.0  2.20  8.33  5.61 154 1012.4  10.6   7.5  10.6 99.0 99.00
2019 04 19 09 50 196  9.9 11.8  2.33  7.69  5.74 149 1012.3  11.2   7.5  11.2 99.0 99.00
2019 04 19 10 50 193  8.9 10.3  2.22  7.69  5.59 148 1012.4  11.0   7.5  11.0 99.0 99.00
2019 04 19 11 50 190  8.0  9.3  2.30  9.09  5.82 161 1012.3  10.5   7.5  10.5 99.0 99.00
2019 04 19 12 50 189  7.8  8.9  2.39  7.69  5.96 148 1011.9  10.5   7.5  10.5 99.0 99.00
2019 04 19 13 50 194  7.8  9.2  2.34  8.33  5.99 157 1012.3  10.8   7.5  10.8 99.0 99.00
2019 04 19 14 50 193  7.7  8.9  2.51  9.09  6.47 147 1012.7  11.1   7.5  11.1 99.0 99.00
2019 04 19 15 50 194  7.0  8.1  2.76  9.09  6.66 158 1012.5  10.9   7.6  10.9 99.0 99.00
2019 04 19 16 50 192  8.0  9.4  2.40  9.09  6.28 164 1011.9  10.9   7.7  10.9 99.0 99.00
2019 04 19 17 50 195  8.8 10.8  2.50 10.00  6.26 158 1011.5  11.5   7.8  11.5 99.0 99.00
2019 04 19 18 50 191  9.6 11.3  2.48  9.09  6.25 153 1011.1  11.7   7.8  11.7 99.0 99.00
2019 04 19 19 50 190  9.6 11.8  3.00 10.00  6.79 163 1010.4  12.1   7.8  12.1 99.0 99.00
2019 04 19 20 50 192  9.1 10.5  2.70 10.00  6.30 159 1010.6  11.7   7.8  11.7 99.0 99.00
2019 04 19 21 50 184  7.0  8.1  2.62  8.33  6.46 176 1011.0  11.0   7.8  11.0 99.0 99.00
2019 04 19 22 50 182  7.7  9.2  2.41  9.09  6.38 161 1010.6  11.1   7.8  11.1 99.0 99.00
2019 04 19 23 50 179  7.9  9.2  2.54  9.09  6.56 177 1011.0  11.6   7.8  11.6 99.0 99.00
2019 04 20 00 50 180  8.6  9.9  2.91  9.09  6.91 170 1011.2  11.6   7.8  11.6 99.0 99.00
2019 04 20 01 50 179  8.8 10.1  3.12  9.09  7.05 163 1010.9  11.6   7.8  11.6 99.0 99.00
2019 04 20 02 50 180  9.8 11.3  2.62  9.09  6.42 168 1010.2  11.8   7.8  11.8 99.0 99.00
2019 04 20 03 50 179 10.0 12.1  2.79 10.00  6.65 168 1009.9  11.9   7.8  11.9 99.0 99.00
2019 04 20 04 50 177 10.1 11.9  2.87  9.09  6.81 176 1009.6  12.1   7.9  12.1 99.0 99.00
2019 04 20 05 50 183 11.1 13.2  2.71  9.09  6.48 179 1009.5  12.3   7.9  12.3 99.0 99.00
2019 04 20 06 50 178 10.8 12.5  3.03  9.09  6.59 178 1008.9  12.3   7.9  12.3 99.0 99.00
2019 04 20 07 50 180 10.3 11.9  3.15  9.09  6.77 175 1009.0  12.0   7.9  12.0 99.0 99.00
2019 04 20 08 50 178  9.5 10.9  2.98  9.09  6.56 173 1009.1  11.9   7.8  11.9 99.0 99.00
2019 04 20 09 50 178  9.1 10.8  3.09 10.00  6.76 186 1009.3  11.8   7.8  11.8 99.0 99.00
2019 04 20 10 50 183  9.4 12.0  3.40 10.00  7.26 179 1009.9  12.2   7.9  12.2 99.0 99.00
2019 04 20 11 50 180  7.1  8.7  3.19 10.00  6.75 170 1010.7  11.1   7.9  11.1 99.0 99.00
2019 04 20 12 50 170  9.8 11.3  3.04 10.00  7.09 185 1010.3  12.2   8.0  12.2 99.0 99.00
2019 04 20 13 50 169  9.5 11.5  3.41 10.00  7.28 182 1010.9  12.3   8.0  12.3 99.0 99.00
2019 04 20 14 50 167  9.2 11.1  3.40 10.81  7.31 172 1011.4  12.0   7.9  12.0 99.0 99.00
2019 04 20 15 50 169  8.4 10.1  3.19 10.00  7.39 169 1011.8  12.0   8.0  12.0 99.0 99.00
2019 04 20 16 50 179 12.9 15.4  3.36 10.00  7.42 167 1011.6  13.8   8.0  13.8 99.0 99.00
2019 04 20 17 50 171  7.3  9.0  3.24 10.81  7.12 182 1011.2  12.7   8.0  12.7 99.0 99.00
2019 04 20 18 50 169  8.3 10.0  3.34 10.81  7.52 187 1011.3  11.9   7.9  11.9 99.0 99.00
2019 04 20 19 50 167  6.8  8.2  3.46 10.81  7.71 183 1010.7  11.1   7.9  11.1 99.0 99.00
2019 04 20 20 50 165 10.4 12.4  3.34 11.43  7.53 185 1011.4  12.6   7.9  12.6 99.0 99.00
2019 04 20 21 50 161  8.9 11.3  3.52 10.81  7.55 183 1012.0  12.6   8.0  12.6 99.0 99.00
2019 04 20 22 50 166  6.3  7.7  3.70 10.81  8.14 183 1012.5  10.9   8.1  10.9 99.0 99.00
2019 04 20 23 50 175  5.4  6.4  3.70 10.81  7.98 168 1012.9  10.5   8.1  10.5 99.0 99.00
2019 04 21 00 50 163  5.8  7.0  3.20 11.43  7.53 177 1013.5  10.5   8.0  10.5 99.0 99.00
2019 04 21 01 50 155  6.4  8.5  3.29 10.00  7.68 180 1013.8  10.4   8.1  10.4 99.0 99.00
2019 04 21 02 50 200  5.7  7.2  3.45 11.43  7.97 176 1013.8  12.8   8.1  12.8 99.0 99.00
2019 04 21 03 50 185  2.4  3.7  3.74 11.43  8.44 154 1013.8  11.2   8.1  11.2 99.0 99.00
2019 04 21 04 50 144  2.5  3.7  3.45 12.12  7.90 177 1014.1  10.6   8.1  10.6 99.0 99.00
2019 04 21 05 50 145  3.4  5.2  3.45 11.43  8.33 185 1014.4   9.9   8.0   9.9 99.0 99.00
2019 04 21 06 50 154  2.5  3.9  3.75 11.43  8.54 189 1014.6  10.6   8.0  10.6 99.0 99.00
2019 04 21 07 50 135  4.2  6.5  3.08 11.43  7.90 187 1014.2  10.8   8.0  10.1 99.0 99.00
2019 04 21 08 50 135  7.0  8.3  3.02 11.43  7.74 194 1014.0  10.5   8.1  10.0 99.0 99.00
2019 04 21 09 50 141  6.5  7.9  2.87 10.81  7.64 189 1014.2  10.1   8.1  10.1 99.0 99.00
2019 04 21 10 50 134  7.1  9.5  2.97 10.81  7.45 187 1015.2  10.8   8.0  10.8 99.0 99.00
2019 04 21 11 50 158  1.5  3.7  2.95 10.81  7.58 171 1016.0  10.2   8.1  10.2 99.0 99.00
2019 04 21 12 50 153  2.2  3.1  3.16 10.81  7.77 180 1016.7   9.7   8.1   9.7 99.0 99.00
2019 04 21 13 50 139  3.0  4.0  2.73 10.81  7.58 181 1016.8   9.9   8.2   9.9 99.0 99.00
2019 04 21 14 50 134  3.6  4.7  2.61 10.81  7.59 178 1017.0   9.6   8.2   9.6 99.0 99.00
2019 04 21 15 50 141  3.0  4.2  2.71 10.00  7.66 175 1017.0   9.6   8.3   9.6 99.0 99.00
2019 04 21 16 50 157  2.7  4.2  2.64 10.81  7.53 177 1017.1   9.9   8.3   9.9 99.0 99.00
2019 04 21 17 50 179  2.7  3.5  2.85 10.81  7.90 174 1017.4  10.2   8.4  10.2 99.0 99.00
2019 04 21 18 50 181  2.2  3.2  2.24 10.81  6.99 179 1017.9   9.8   8.5   9.8 99.0 99.00
2019 04 21 19 50 198  1.7  2.9  2.24 10.00  7.08 167 1018.2   9.8   8.7   9.7 99.0 99.00
2019 04 21 20 50 190  2.1  3.4  2.21 10.00  7.18 174 1018.6   9.9   8.8   9.7 99.0 99.00
2019 04 21 21 50 185  0.4  0.9  2.30 10.81  7.24 177 1018.8   9.9   8.7   9.6 99.0 99.00
2019 04 21 22 50 156  0.4  1.3  2.31 10.81  7.17 166 1019.0   9.7   8.6   9.4 99.0 99.00
2019 04 21 23 50 184  0.8  1.6  2.44 10.00  7.68 163 1019.3   9.4   8.7   9.1 99.0 99.00
2019 04 22 00 50 104  1.0  2.0  2.11 10.81  6.98 174 1019.8   9.2   8.7   9.0 99.0 99.00
2019 04 22 01 50 110  1.7  2.5  2.05 10.00  7.21 174 1019.7   9.3   8.7   8.9 99.0 99.00
2019 04 22 02 50  72  2.3  3.1  2.09 10.00  7.24 160 1020.0   9.1   8.7   8.8 99.0 99.00
2019 04 22 03 50  33  1.6  2.0  2.03 10.00  7.24 147 1019.7   9.1   8.6   8.8 99.0 99.00
2019 04 22 04 50 117  3.4  4.2  2.07 10.00  7.22 175 1019.6   9.2   8.6   8.9 99.0 99.00
2019 04 22 05 50 166  0.1  0.6  2.04 10.00  7.47 140 1019.6   9.5   8.6   8.9 99.0 99.00
2019 04 22 06 50  40  1.9  2.7  1.94 10.00  7.37 156 1018.4   9.8   8.6   8.8 99.0 99.00
2019 04 22 07 50  11  3.0  4.2  2.07  9.09  7.34 156 1017.3   9.8   8.6   8.6 99.0 99.00
2019 04 22 08 50 335  5.0  6.6  2.17  9.09  7.38 136 1016.9   9.2   8.5   8.7 99.0 99.00
2019 04 22 09 50   3  4.3  5.6  1.84 10.00  7.14 142 1017.2   9.2   8.5   8.6 99.0 99.00
2019 04 22 10 50  10  4.9  5.9  1.92  9.09  7.09 145 1017.3   9.1   8.5   9.0 99.0 99.00
2019 04 22 11 50 355  4.8  5.9  1.79  9.09  6.83 140 1017.1   9.2   8.5   8.8 99.0 99.00
2019 04 22 12 50 356  6.7  7.9  1.55  9.09  6.27 153 1016.5   9.9   8.4   8.5 99.0 99.00
2019 04 22 13 50   7  7.0  8.4  1.51  9.09  5.95 137 1015.8   9.9   8.4   9.1 99.0 99.00
2019 04 22 14 50  13  8.2  9.5  1.55  9.09  5.74 152 1014.9   9.9   8.3   9.2 99.0 99.00
2019 04 22 15 50  24  6.3  7.1  1.68  9.09  5.82 158 1014.4  10.2   8.3   8.6 99.0 99.00
2019 04 22 16 50  60  7.3  8.3  1.96 10.00  6.61 147 1013.9   9.8   8.2   9.2 99.0 99.00
2019 04 22 17 50  97  5.0  9.1  1.77 10.81  6.21 153 1014.6   9.6   8.2   9.6 99.0 99.00
2019 04 22 18 50   5  8.4 10.0  1.87 10.81  6.07 125 1013.8  10.0   8.2  10.0 99.0 99.00
2019 04 22 19 50 353  8.2  9.7  1.91 10.00  5.97 140 1013.0   9.8   8.2   9.8 99.0 99.00
2019 04 22 20 50 358  6.9  9.2  1.88  9.09  6.19 150 1013.1   9.7   8.2   9.7 99.0 99.00
2019 04 22 21 50 348  4.4  5.8  1.77 10.00  5.61 148 1013.4   9.7   8.1   9.7 99.0 99.00
2019 04 22 22 50  13  2.4  3.5  1.88 10.00  6.28 131 1013.4   9.3   8.2   9.3 99.0 99.00
2019 04 22 23 50   6  5.2  6.3  1.76 10.00  5.95 150 1013.1   9.6   8.2   9.6 99.0 99.00
2019 04 23 00 50 356  6.4  7.9  1.83  9.09  6.37 136 1013.0   9.7   8.2   9.6 99.0 99.00
2019 04 23 01 50  25  4.3  5.2  1.82 10.00  6.47 131 1013.1   9.3   8.2   9.2 99.0 99.00
2019 04 23 02 50 360  5.4  6.7  2.07 10.00  7.02 123 1013.0   9.7   8.2   9.4 99.0 99.00
2019 04 23 03 50 306  2.0  3.3  1.74 10.00  6.63 128 1013.3   9.3   8.2   9.2 99.0 99.00
2019 04 23 04 50 310  3.1  4.4  1.75 10.00  6.95 121 1013.4   9.8   8.2   9.4 99.0 99.00
2019 04 23 05 50 294  3.3  4.6  1.91 10.00  7.31 115 1012.9  10.0   8.2   9.6 99.0 99.00
2019 04 23 06 50 283  4.2  5.1  1.67 10.00  7.09 118 1012.4   9.8   8.2   9.8 99.0 99.00
2019 04 23 07 50 279  5.1  6.3  1.70  9.09  7.05 120 1012.2  10.1   8.2  10.1 99.0 99.00
2019 04 23 08 50 273  6.6  7.9  1.65 10.00  6.78 136 1012.5  10.7   8.2  10.6 99.0 99.00
2019 04 23 09 50 274  6.0  7.1  1.72 10.00  6.70 129 1012.9  10.9   8.3  10.4 99.0 99.00
2019 04 23 10 50 291  7.2  8.6  1.45  9.09  6.21 127 1013.3  11.3   8.3  10.5 99.0 99.00
2019 04 23 11 50 336  2.0  2.8  1.64  9.09  6.91 133 1014.4   9.8   8.3   9.3 99.0 99.00
2019 04 23 12 50 309  1.7  2.5  1.52 10.00  7.20 147 1014.8   9.6   8.3   9.2 99.0 99.00
2019 04 23 13 50 261  1.0  2.1  1.39 10.00  6.87 147 1015.1   9.6   8.4   9.3 99.0 99.00
2019 04 23 14 50 196  0.6  1.5  1.38  9.09  7.09 146 1015.0  10.4   8.7   9.8 99.0 99.00
2019 04 23 15 50 241  0.7  1.2  1.36 10.00  7.38 131 1014.9  10.8   8.4  10.2 99.0 99.00
2019 04 23 16 50 999 99.0 99.0  1.24  9.09  7.20 130 1014.5  11.9   8.8  10.2 99.0 99.00
2019 04 23 17 50 165  1.4  2.2  1.13  9.09  7.12 143 1013.8  11.3  10.0  10.5 99.0 99.00
2019 04 23 18 50 185  1.6  2.5  1.24 10.00  7.52 134 1013.7  11.1  10.4  10.2 99.0 99.00
2019 04 23 19 50 167  2.3  3.0  1.09  9.09  7.08 149 1013.0  10.9   9.9  10.0 99.0 99.00
2019 04 23 20 50 157  2.9  3.4  1.08  9.09  6.92 153 1012.8  10.8   9.7   9.8 99.0 99.00
2019 04 23 21 50 170  4.1  4.8  1.10  8.33  6.99 163 1013.0  10.6   9.3   9.9 99.0 99.00
2019 04 23 22 50 172  5.1  5.8  0.96  9.09  6.85 161 1012.2  10.1   9.0   9.7 99.0 99.00
2019 04 23 23 50 174  5.9  7.0  1.00  8.33  6.00 150 1011.8   9.9   8.8   9.4 99.0 99.00
2019 04 24 00 50 179  5.4  6.4  1.02  9.09  5.66 134 1012.2  10.2   8.8   9.1 99.0 99.00
2019 04 24 01 50 168  8.5  9.8  0.97  8.33  5.31 145 1010.0   9.9   8.7   9.2 99.0 99.00
2019 04 24 02 50 185  7.9  9.2  1.22  8.33  4.99 111 1009.2  10.4   8.7   9.3 99.0 99.00
2019 04 24 03 50 190  5.7  6.6  1.10  9.09  4.79 137 1009.1  10.8   8.4   9.0 99.0 99.00
2019 04 24 04 50 197  5.9  6.7  1.07  9.09  5.36 141 1008.3  10.9   8.5   8.7 99.0 99.00
2019 04 24 05 50 230  3.0  3.5  1.04  8.33  5.15 122 1008.6  10.4   8.6   8.9 99.0 99.00
2019 04 24 06 50 234  4.5  6.0  1.03  9.09  4.91 134 1007.7  11.2   8.5   8.8 99.0 99.00
2019 04 24 07 50 207  5.2  6.6  1.09  8.33  4.92 151 1006.3  11.5   8.5   8.9 99.0 99.00
2019 04 24 08 50 210  5.7  6.4  1.16  8.33  5.08 132 1005.6  10.4   8.3   9.0 99.0 99.00
2019 04 24 09 50 217  7.4  8.6  1.17  5.00  4.93 212 1005.0  10.6   8.3   9.4 99.0 99.00
2019 04 24 10 50 223  7.4  8.6  1.32  5.26  4.93 200 1005.3  10.6   8.3   9.5 99.0 99.00
2019 04 24 11 50 223  7.2  8.5  1.57  5.56  5.05 218 1005.4  10.7   8.3   9.7 99.0 99.00
2019 04 24 12 50 223  6.6  7.7  1.46  5.56  5.07 211 1005.6  10.4   8.3   9.6 99.0 99.00
2019 04 24 13 50 232  4.2  5.5  1.46  5.88  5.21 204 1006.1  10.1   8.4   9.5 99.0 99.00
2019 04 24 14 50 234  3.8  4.4  1.50  6.25  5.48 208 1006.3  10.2   8.5   9.6 99.0 99.00
2019 04 24 15 50 234  4.1  4.9  1.44  6.25  5.53 199 1006.5  10.7   8.7   9.5 99.0 99.00
2019 04 24 16 50 257  5.2  6.4  1.56  6.25  5.72 201 1006.7  12.0   8.8   7.6 99.0 99.00
2019 04 24 17 50 251  4.2  5.0  1.47  6.67  5.55 178 1006.8  11.9   9.0   7.5 99.0 99.00
2019 04 24 18 50 254  4.7  5.6  1.37  7.14  5.53 154 1006.8  12.1   9.1   7.2 99.0 99.00
2019 04 24 19 50 246  4.0  4.8  1.35  7.14  5.52 167 1006.7  11.2   9.1   8.0 99.0 99.00
2019 04 24 20 50 268  3.9  5.2  1.32  7.14  5.58 171 1007.3  11.5   9.3   7.7 99.0 99.00
2019 04 24 21 50 276  5.1  5.7  1.38  7.14  5.50 163 1008.0  12.4   9.3   7.3 99.0 99.00
2019 04 24 22 50 267  4.4  5.1  1.29  6.67  5.34 161 1008.8  12.1   9.2   7.4 99.0 99.00
2019 04 24 23 50 259  3.4  4.1  1.31  6.67  5.49 168 1009.6  11.5   9.2   7.3 99.0 99.00
2019 04 25 00 50 324  3.4  4.3  1.23  6.67  5.52 174 1010.6  12.0   9.2   6.8 99.0 99.00
2019 04 25 01 50 314  3.3  3.8  1.32  7.14  5.78 169 1011.4  11.1   9.0   7.6 99.0 99.00
2019 04 25 02 50  48  2.5  4.0  1.21  6.67  5.85 182 1011.5  10.4   9.0   7.6 99.0 99.00
2019 04 25 03 50   1  4.9  5.8  1.15  7.14  6.02 169 1011.8  10.9   9.0   6.3 99.0 99.00
2019 04 25 04 50  10  5.6  6.6  1.02  6.67  5.94 179 1012.2   9.9   9.0   6.4 99.0 99.00
2019 04 25 05 50 346  5.1  6.2  1.11  6.67  5.62 184 1013.2   9.4   8.9   5.8 99.0 99.00
2019 04 25 06 50 321  7.8  9.2  1.17  6.67  5.27 174 1013.1   9.3   8.9   4.5 99.0 99.00
2019 04 25 07 50 311  4.6  5.7  1.09  6.67  5.12 181 1013.6   8.9   8.8   5.1 99.0 99.00
2019 04 25 08 50 339  4.5  5.3  1.04  6.67  5.32 170 1013.2   8.7   8.7   4.5 99.0 99.00
2019 04 25 09 50 331  4.4  6.0  0.95  6.67  5.52 179 1013.3   8.6   8.7   4.6 99.0 99.00
2019 04 25 10 50 338  5.1  5.8  0.99  7.14  5.60 165 1014.2   8.4   8.7   4.1 99.0 99.00
2019 04 25 11 50 335  4.1  5.2  0.90  8.33  5.40 134 1015.4   8.5   8.7   4.2 99.0 99.00
2019 04 25 12 50 327  3.0  3.4  0.87  9.09  5.30 122 1015.7   8.4   8.8   3.9 99.0 99.00
2019 04 25 13 50 348  1.4  1.9  0.79  7.14  5.56 143 1015.8   8.6   9.0   4.2 99.0 99.00
2019 04 25 14 50   9  1.2  1.7  0.75  9.09  5.76 114 1015.6   8.6   9.3   3.8 99.0 99.00
2019 04 25 15 50 166  0.1  0.3  0.79  7.14  6.15 172 1015.5   9.0  10.1   3.4 99.0 99.00
2019 04 25 16 50 999 99.0 99.0  0.79  7.14  6.33 171 1015.3   9.4  11.0   3.7 99.0 99.00
2019 04 25 17 50 155  1.0  1.7  0.72  7.69  6.55 170 1015.1   9.6  11.5   4.5 99.0 99.00
2019 04 25 18 50 161  2.2  3.0  0.67  8.33  6.35 163 1014.8   9.7  10.9   5.1 99.0 99.00
2019 04 25 19 50 175  3.6  4.3  0.71  8.33  6.53 141 1014.7   9.8  10.4   5.9 99.0 99.00
2019 04 25 20 50 170  3.7  4.2  0.66  9.09  6.51 147 1014.3   9.7  10.2   6.0 99.0 99.00
2019 04 25 21 50 178  4.6  5.4  0.62  8.33  6.33 139 1014.4   9.5  10.1   6.7 99.0 99.00
2019 04 25 22 50 184  4.4  5.1  0.63  8.33  5.97 154 1014.7   9.5   9.8   7.1 99.0 99.00
2019 04 25 23 50 180  4.5  5.2  0.63  7.69  5.82 166 1014.7   9.4   9.6   7.4 99.0 99.00
2019 04 26 00 50 176  4.3  5.1  0.63  8.33  5.42 165 1014.9   9.5   9.5   7.6 99.0 99.00
2019 04 26 01 50 174  4.7  5.5  0.60  7.69  5.46 161 1015.1   9.5   9.5   8.2 99.0 99.00
2019 04 26 02 50 179  4.9  6.0  0.64  6.67  4.78 159 1014.6   9.7   9.4   8.5 99.0 99.00
2019 04 26 03 50 165  3.3  3.7  0.61  9.09  4.73 141 1014.1   9.8   9.4   8.6 99.0 99.00
2019 04 26 04 50 128  4.8  5.6  0.61  9.09  5.44 117 1013.5   9.8   9.3   8.7 99.0 99.00
2019 04 26 05 50 117  4.4  5.1  0.60  7.69  5.52 166 1012.6   9.9   9.3   8.1 99.0 99.00
2019 04 26 06 50 127  5.6  6.4  0.62  7.69  4.82 156 1011.7  10.4   9.3   7.9 99.0 99.00
2019 04 26 07 50 116  5.3  6.1  0.64 10.00  4.56 128 1011.0  10.2   9.3   7.9 99.0 99.00
2019 04 26 08 50 119  7.0  8.3  0.70  8.33  4.41 149 1010.4  10.2   9.2   8.3 99.0 99.00
2019 04 26 09 50 115  7.6  9.1  0.76  8.33  3.91 174 1009.6  10.0   9.2   9.2 99.0 99.00
2019 04 26 10 50 123  8.2 10.9  0.89  3.33  3.91 130 1009.6  10.0   9.2   9.1 99.0 99.00
2019 04 26 11 50  60  6.1  7.9  0.94  4.00  4.06 124 1010.8  10.3   9.2  10.0 99.0 99.00
2019 04 26 12 50  83  8.1 10.7  0.91  4.00  3.92 114 1009.5   9.7   9.3   9.1 99.0 99.00
2019 04 26 13 50  85  9.8 11.5  1.12  4.35  3.98 108 1007.4   9.9   9.3   9.0 99.0 99.00
2019 04 26 14 50 106  9.3 11.2  1.25  4.55  4.13 105 1006.9  10.3   9.2   9.4 99.0 99.00
2019 04 26 15 50 107 10.8 12.7  1.33  5.00  4.15  97 1005.5  10.3   9.2   9.3 99.0 99.00
2019 04 26 16 50 114 11.7 13.6  1.59  5.26  4.43 116 1004.0   9.9   9.2   9.5 99.0 99.00
2019 04 26 17 50 117 10.9 13.2  1.81  5.26  4.54 114 1002.3   9.8   9.2   9.8 99.0 99.00
2019 04 26 18 50 136  7.2  8.6  1.81  5.56  4.75 116 1002.5  10.1   9.2  10.1 99.0 99.00
2019 04 26 19 50 143  5.1  5.8  1.84  5.56  5.06 109 1001.9  10.6   9.3  10.6 99.0 99.00
2019 04 26 20 50 129  4.1  4.8  1.84  6.25  5.25  90 1000.7  10.5   9.3  10.5 99.0 99.00
2019 04 26 21 50 141  6.1  6.8  1.72  6.67  5.33  95  999.5  11.1   9.3  11.1 99.0 99.00
2019 04 26 22 50 166  7.9  9.2  1.68  6.67  5.24  92  998.6  12.6   9.2  12.6 99.0 99.00
2019 04 26 23 50 164  2.3  3.3  1.50  7.14  5.21  78  998.3  12.5   9.2  12.5 99.0 99.00
2019 04 27 00 50 135  5.2  5.8  1.49  6.67  5.09  96  997.3  12.1   9.3  12.1 99.0 99.00
2019 04 27 01 50 154  9.3 10.6  1.48  6.67  5.14  95  995.1  12.4   9.3  12.4 99.0 99.00
2019 04 27 02 50 159  9.5 11.2  1.53  6.25  4.80 116  993.4  12.7   9.3  12.7 99.0 99.00
2019 04 27 03 50 182  5.8  6.7  1.56  6.67  4.79  95  993.7  11.7   9.4  11.7 99.0 99.00
2019 04 27 04 50 200  5.0  5.7  1.65  6.67  5.08 109  992.5  11.4   9.4  11.4 99.0 99.00
2019 04 27 05 50 241  6.5  8.3  1.74  6.25  5.26 137  990.9  10.9   9.4  10.9 99.0 99.00
2019 04 27 06 50 237 10.6 12.4  1.73  6.67  5.37 127  990.6  11.0   9.3   9.9 99.0 99.00
2019 04 27 07 50 247 12.0 15.0  2.10  7.69  5.59 161  991.1  10.9   9.3   9.3 99.0 99.00
2019 04 27 08 50 265  8.4 11.6  2.39  8.33  5.67 155  993.2   9.8   9.2   9.3 99.0 99.00
2019 04 27 09 50 260 11.4 14.2  3.01  8.33  6.20 138  995.0   9.1   9.2   8.4 99.0 99.00
2019 04 27 10 50 267 12.6 16.0  2.81 10.00  6.14 142  996.7   9.7   9.1   6.3 99.0 99.00
2019 04 27 11 50 257 12.4 15.9  2.87 10.00  6.33 150  997.7  10.2   9.0   5.5 99.0 99.00
2019 04 27 12 50 261 10.5 12.6  2.98 10.00  6.54 143  998.2  10.2   9.0   4.8 99.0 99.00
2019 04 27 13 50 247  9.5 11.7  2.56 10.00  6.17 154  999.3  10.1   9.0   5.0 99.0 99.00
2019 04 27 14 50 247 11.1 12.8  2.58 10.00  6.15 152  999.8  10.1   8.9   4.1 99.0 99.00
2019 04 27 15 50 241 11.3 14.1  2.75 10.00  6.11 158 1000.1  10.2   8.8   3.7 99.0 99.00
2019 04 27 16 50 241 12.4 15.6  2.59  7.14  5.87 205  999.9  10.4   8.8   1.9 99.0 99.00
2019 04 27 17 50 242 12.2 14.6  2.53  7.69  5.71 194 1000.3  10.5   8.7   2.1 99.0 99.00
2019 04 27 18 50 261 10.7 13.2  2.40  7.69  5.84 198 1001.1  10.8   8.7   3.0 99.0 99.00
2019 04 27 19 50 281  9.6 13.1  2.43  6.67  5.72 213 1002.0  10.1   8.7   2.9 99.0 99.00
2019 04 27 20 50 289  8.9 10.9  2.23  7.14  5.76 200 1003.1   9.8   8.8   3.1 99.0 99.00
2019 04 27 21 50 280  9.9 11.6  1.86  8.33  5.51 159 1004.0  10.2   8.9   2.9 99.0 99.00
2019 04 27 22 50 278 11.1 13.4  2.00  9.09  5.48 142 1005.2   9.9   8.9   3.0 99.0 99.00
2019 04 27 23 50 289 13.0 16.1  1.96  9.09  5.29 140 1006.4   9.4   8.8   2.7 99.0 99.00
2019 04 28 00 50 297 14.1 17.2  2.02  5.88  4.89 223 1008.2   9.2   8.7   2.5 99.0 99.00
2019 04 28 01 50 298 10.7 12.7  1.99  5.26  4.99 248 1009.8   9.1   8.7   2.9 99.0 99.00
2019 04 28 02 50 299 12.5 15.3  1.94  5.26  5.07 253 1009.7   9.2   8.8   2.3 99.0 99.00
2019 04 28 03 50 308 10.2 12.2  1.80  7.14  5.26 182 1010.7   8.9   8.7   2.5 99.0 99.00
2019 04 28 04 50 310  8.9 11.1  1.79  7.14  5.39 175 1012.0   8.7   8.6   2.5 99.0 99.00
2019 04 28 05 50 293  5.7  7.2  1.73  7.69  5.61 173 1012.9   8.5   8.5   3.1 99.0 99.00
2019 04 28 06 50 277  4.8  6.1  1.47  7.69  5.56 176 1013.4   8.6   8.5   3.0 99.0 99.00
2019 04 28 07 50 271  3.1  3.7  1.46  7.69  5.91 171 1013.9   8.6   8.5   4.3 99.0 99.00
2019 04 28 08 50 250  4.0  4.9  1.38  7.69  5.79 189 1014.3   8.6   8.5   4.5 99.0 99.00
2019 04 28 09 50 243  3.8  4.9  1.29  7.69  5.82 184 1014.6   8.7   8.5   4.7 99.0 99.00
2019 04 28 10 50 249  3.4  4.5  1.24  8.33  5.96 160 1015.1   8.8   8.5   4.2 99.0 99.00
2019 04 28 11 50 244  3.2  4.0  1.11  7.69  5.73 177 1016.3   9.0   8.5   4.4 99.0 99.00
2019 04 28 12 50 120  0.5  0.7  1.10  8.33  6.05 161 1015.7   9.1   8.7   5.7 99.0 99.00
2019 04 28 13 50 172  1.6  2.1  1.05  7.14  6.05 200 1015.6   8.9   8.7   6.3 99.0 99.00
2019 04 28 14 50 166  0.5  0.9  1.06  7.69  6.21 203 1016.2   9.0   8.7   6.7 99.0 99.00
2019 04 28 15 50  54  1.6  2.2  1.09  7.69  6.40 180 1015.8   8.9   8.8   6.9 99.0 99.00
2019 04 28 16 50   1  2.5  3.1  0.98  7.14  6.21 162 1016.4   8.8   8.8   6.1 99.0 99.00
2019 04 28 17 50  91  4.2  4.8  0.89  7.14  6.09 183 1015.9   8.5   8.8   5.1 99.0 99.00
2019 04 28 18 50  80  5.0  5.8  0.91  6.67  6.13 200 1015.7   8.5   8.7   5.2 99.0 99.00
2019 04 28 19 50  72  7.5  9.0  0.85  8.33  5.68 182 1014.3   8.2   8.6   5.0 99.0 99.00
2019 04 28 20 50  45  8.4  9.9  0.81  8.33  4.12 169 1014.4   8.0   8.6   5.3 99.0 99.00
2019 04 28 21 50  32  8.3  9.7  0.93  9.09  3.86 121 1016.1   7.5   8.6   5.7 99.0 99.00
2019 04 28 22 50  22  6.7  7.7  0.95  3.70  3.91  57 1017.6   7.8   8.6   6.1 99.0 99.00
2019 04 28 23 50 331  3.1  3.7  0.81  9.09  4.14 145 1019.5   8.1   8.5   6.4 99.0 99.00
2019 04 29 00 50 305  1.5  1.9  0.71  7.69  4.33 154 1020.3   8.3   8.5   6.5 99.0 99.00
2019 04 29 01 50 306  6.1  8.0  0.68  8.33  4.58 137 1021.4   8.7   8.5   6.0 99.0 99.00
2019 04 29 02 50 292  5.8  6.9  0.73  7.69  4.10 141 1022.0   8.5   8.5   6.4 99.0 99.00
2019 04 29 03 50 287  6.7  8.0  0.72  6.25  4.20 161 1022.7   8.5   8.5   6.3 99.0 99.00
2019 04 29 04 50 294  6.6  7.9  0.73  6.25  3.92 138 1024.2   8.5   8.5   5.5 99.0 99.00
2019 04 29 05 50 289  8.0  9.6  0.78  3.13  3.76 289 1025.0   8.3   8.5   4.4 99.0 99.00
2019 04 29 06 50 306  7.4  8.4  0.81  3.13  3.59 291 1025.2   8.1   8.5   3.1 99.0 99.00
2019 04 29 07 50 307  6.7  7.7  0.73  3.33  3.73 290 1026.3   7.7   8.5   3.0 99.0 99.00
2019 04 29 08 50 328  7.2  8.5  0.70  8.33  3.74 108 1026.5   7.6   8.5   2.8 99.0 99.00
2019 04 29 09 50 328  8.3  9.8  0.73  8.33  3.79 112 1027.3   7.5   8.4   2.9 99.0 99.00
2019 04 29 10 50 341  7.6  8.9  0.82  2.94  3.53 326 1028.2   7.6   8.3   2.5 99.0 99.00
2019 04 29 11 50 353  5.7  6.6  0.81  7.69  3.75 146 1028.7   7.7   8.3   2.7 99.0 99.00
2019 04 29 12 50 357  3.1  4.0  0.75  7.69  4.25 137 1029.3   7.5   8.4   2.6 99.0 99.00
2019 04 29 13 50 339  2.8  3.4  0.64  7.69  4.46 141 1030.2   7.6   8.6   2.1 99.0 99.00
2019 04 29 14 50 999 99.0 99.0  0.57  7.69  4.67 164 1029.9   8.2   9.0   1.9 99.0 99.00
2019 04 29 15 50 999 99.0 99.0  0.53  7.69  4.89 161 1029.6   8.5   9.8   1.9 99.0 99.00
2019 04 29 16 50 206  2.2  2.8  0.56  7.69  5.48 159 1029.5   8.7  10.3   1.8 99.0 99.00
2019 04 29 17 50 216  4.3  5.1  0.53  7.69  5.77 136 1029.4   8.9   9.9   1.6 99.0 99.00
2019 04 29 18 50 216  5.3  6.6  0.51  7.14  5.77 162 1029.3   9.1   9.5   2.1 99.0 99.00
2019 04 29 19 50 206  5.5  6.6  0.57  8.33  4.61 103 1028.4   9.1   9.3   2.1 99.0 99.00
2019 04 29 20 50 199  5.7  6.4  0.55  8.33  4.22  96 1027.8   9.1   9.1   2.4 99.0 99.00
2019 04 29 21 50 204  5.6  6.4  0.54  7.69  3.78  94 1027.9   9.1   9.0   2.3 99.0 99.00
2019 04 29 22 50 212  5.7  6.5  0.56  7.69  3.61 121 1028.1   9.0   9.1   2.9 99.0 99.00
2019 04 29 23 50 205  5.4  6.3  0.57  7.69  3.74 146 1027.6   8.9   8.9   3.1 99.0 99.00
2019 04 30 00 50 187  5.6  6.5  0.52  8.33  3.62 119 1026.8   8.9   8.9   3.5 99.0 99.00
2019 04 30 01 50 192  6.4  7.6  0.54  8.33  4.03 131 1026.3   9.0   8.9   4.3 99.0 99.00
2019 04 30 02 50 177  5.2  6.7  0.49  7.69  3.90 139 1025.9   8.9   9.0   5.4 99.0 99.00
2019 04 30 03 50 151  3.8  4.4  0.48  7.69  4.07 150 1025.5   9.1   9.0   5.6 99.0 99.00
2019 04 30 04 50 128  3.0  4.5  0.49  7.14  4.10 161 1025.1   9.0   8.8   6.1 99.0 99.00
2019 04 30 05 50 144  3.1  5.2  0.46  7.69  3.95 175 1024.5   8.4   8.8   7.1 99.0 99.00
2019 04 30 06 50  89  5.6  6.8  0.46  6.67  3.85 156 1022.9   7.8   8.8   7.5 99.0 99.00
2019 04 30 07 50  89  9.7 11.5  0.47  6.67  3.65 155 1021.0   7.0   8.9   6.1 99.0 99.00
2019 04 30 08 50  77  8.6  9.9  0.67  3.03  3.32  95 1021.1   6.9   9.0   5.7 99.0 99.00
2019 04 30 09 50  81  8.6 10.3  0.84  3.57  3.52  83 1020.9   7.4   9.0   6.6 99.0 99.00
2019 04 30 10 50  67  8.1  9.2  0.89  4.00  3.66  92 1021.7   7.7   9.0   7.0 99.0 99.00
2019 04 30 11 50  44  8.2  9.4  0.94  4.17  3.84  74 1022.0   7.4   8.9   7.0 99.0 99.00
2019 04 30 12 50  48  7.0  8.3  1.00  4.55  3.94  79 1022.4   7.2   8.7   6.8 99.0 99.00
2019 04 30 13 50  64  6.2  7.0  1.05  4.55  4.27  86 1022.0   7.4   8.5   6.9 99.0 99.00
2019 04 30 14 50  78  4.7  5.4  1.31  6.25  4.64 154 1022.3   7.7   8.6   7.0 99.0 99.00
2019 04 30 15 50  71  3.9  4.6  1.29  5.88  4.80 152 1023.0   7.7   8.7   6.8 99.0 99.00
2019 04 30 16 50  59  3.5  4.1  1.22  6.25  4.76 151 1022.9   7.9   8.8   7.0 99.0 99.00
2019 04 30 17 50  72  2.7  3.2  1.19  6.25  4.82 152 1023.7   7.9   8.9   6.7 99.0 99.00
2019 04 30 18 50  52  2.7  3.3  1.11  6.25  4.84 142 1024.5   8.1   9.0   6.7 99.0 99.00
2019 04 30 19 50  81  0.6  1.2  1.06  6.25  4.73 147 1024.8   8.2   9.0   6.9 99.0 99.00
2019 04 30 20 50 166  0.1  0.5  1.03  6.25  4.85 155 1025.0   8.5   9.2   6.8 99.0 99.00
2019 04 30 21 50 110  0.7  1.1  0.88  5.00  4.71 117 1025.8   8.6   9.4   7.0 99.0 99.00
2019 04 30 22 50 110  1.7  2.0  0.91  5.26  4.80 141 1026.4   8.6   9.4   7.2 99.0 99.00
